05/05/2023 15.49.14
05/05/2023 15.56.38

500.0000	 99.9400

500.0000	 99.9400

900.0000	 98.4300



  1.0000
900.0000
  3.0000
340.0000
  1.0000
1101.0000
  5.0000
  6.0000
  1.0000
  1.0000
  0.0000
  0.0000
100.0000
  0.0000
  1.0000
  0.0000
500.0000
900.0000
350.0000
  4.0000
  1.0000
 18.0000
  2.0000
  1.0000
255.0000
  0.9061
  1.0000
 30.0000
  4.0000
500.0000
  0.0000
  0.0000
  4.0000
900.0000
350.0000
  0.0000
100.0000
  0.0000
  1.0000
  0.0000
500.0000
  1.0000
  1.0000
  1.0000
  1.0000
  4.0000
  0.0000
  1.0000
  1.0000
  1.0000
  1.0000
  1.0000
  2.0000
  1.0000
  1.0000
  1.0000
  3.0000
  1.0000
  1.0000
  1.0000
  4.0000
  5.0000
443.913
0.000
900.0000	  0.9166
899.5000	  0.9867
899.0000	  1.0299
898.5000	  0.7371
898.0000	  0.9883
897.5000	  0.7746
897.0000	  0.8126
896.5000	  0.8483
896.0000	  0.9693
895.5000	  1.0300
895.0000	  1.0557
894.5000	  1.0767
894.0000	  0.8808
893.5000	  0.9083
893.0000	  0.9015
892.5000	  1.0108
892.0000	  0.8820
891.5000	  0.9084
891.0000	  0.8580
890.5000	  0.8139
890.0000	  0.8881
889.5000	  0.8092
889.0000	  0.9343
888.5000	  0.9300
888.0000	  0.9361
887.5000	  0.8472
887.0000	  0.9066
886.5000	  0.9694
886.0000	  0.9392
885.5000	  0.9229
885.0000	  0.8944
884.5000	  0.9267
884.0000	  0.8780
883.5000	  0.9280
883.0000	  0.9087
882.5000	  0.8918
882.0000	  0.8667
881.5000	  0.9488
881.0000	  0.9164
880.5000	  0.8932
880.0000	  0.8938
879.5000	  0.9143
879.0000	  0.9490
878.5000	  0.8904
878.0000	  0.9074
877.5000	  0.9225
877.0000	  0.9140
876.5000	  0.8903
876.0000	  0.9408
875.5000	  0.9289
875.0000	  0.9219
874.5000	  0.8925
874.0000	  0.8983
873.5000	  0.9143
873.0000	  0.9070
872.5000	  0.8985
872.0000	  0.9013
871.5000	  0.8790
871.0000	  0.9086
870.5000	  0.9019
870.0000	  0.9107
869.5000	  0.8888
869.0000	  0.9058
868.5000	  0.9079
868.0000	  0.9117
867.5000	  0.9072
867.0000	  0.9078
866.5000	  0.8951
866.0000	  0.9156
865.5000	  0.8989
865.0000	  0.9115
864.5000	  0.9192
864.0000	  0.9025
863.5000	  0.8996
863.0000	  0.9089
862.5000	  0.9113
862.0000	  0.9166
861.5000	  0.9094
861.0000	  0.9071
860.5000	  0.9128
860.0000	  0.9088
859.5000	  0.9053
859.0000	  0.9073
858.5000	  0.9134
858.0000	  0.9136
857.5000	  0.9126
857.0000	  0.9108
856.5000	  0.9161
856.0000	  0.9187
855.5000	  0.9082
855.0000	  0.9156
854.5000	  0.9130
854.0000	  0.9095
853.5000	  0.9165
853.0000	  0.9124
852.5000	  0.9126
852.0000	  0.9197
851.5000	  0.9160
851.0000	  0.9164
850.5000	  0.9174
850.0000	  0.9174
849.5000	  0.9206
849.0000	  0.9169
848.5000	  0.9206
848.0000	  0.9194
847.5000	  0.9218
847.0000	  0.9205
846.5000	  0.9217
846.0000	  0.9194
845.5000	  0.9179
845.0000	  0.9216
844.5000	  0.9211
844.0000	  0.9227
843.5000	  0.9210
843.0000	  0.9198
842.5000	  0.9217
842.0000	  0.9232
841.5000	  0.9205
841.0000	  0.9231
840.5000	  0.9202
840.0000	  0.9200
839.5000	  0.9217
839.0000	  0.9228
838.5000	  0.9238
838.0000	  0.9207
837.5000	  0.9214
837.0000	  0.9188
836.5000	  0.9198
836.0000	  0.9219
835.5000	  0.9225
835.0000	  0.9184
834.5000	  0.9203
834.0000	  0.9209
833.5000	  0.9211
833.0000	  0.9194
832.5000	  0.9223
832.0000	  0.9197
831.5000	  0.9183
831.0000	  0.9210
830.5000	  0.9184
830.0000	  0.9192
829.5000	  0.9193
829.0000	  0.9198
828.5000	  0.9185
828.0000	  0.9177
827.5000	  0.9183
827.0000	  0.9175
826.5000	  0.9175
826.0000	  0.9173
825.5000	  0.9174
825.0000	  0.9162
824.5000	  0.9175
824.0000	  0.9150
823.5000	  0.9176
823.0000	  0.9178
822.5000	  0.9195
822.0000	  0.9167
821.5000	  0.9152
821.0000	  0.9177
820.5000	  0.9159
820.0000	  0.9151
819.5000	  0.9179
819.0000	  0.9150
818.5000	  0.9181
818.0000	  0.9179
817.5000	  0.9157
817.0000	  0.9156
816.5000	  0.9157
816.0000	  0.9182
815.5000	  0.9165
815.0000	  0.9146
814.5000	  0.9170
814.0000	  0.9155
813.5000	  0.9144
813.0000	  0.9156
812.5000	  0.9159
812.0000	  0.9149
811.5000	  0.9180
811.0000	  0.9168
810.5000	  0.9159
810.0000	  0.9167
809.5000	  0.9184
809.0000	  0.9163
808.5000	  0.9140
808.0000	  0.9177
807.5000	  0.9173
807.0000	  0.9164
806.5000	  0.9163
806.0000	  0.9166
805.5000	  0.9172
805.0000	  0.9185
804.5000	  0.9164
804.0000	  0.9166
803.5000	  0.9175
803.0000	  0.9165
802.5000	  0.9178
802.0000	  0.9163
801.5000	  0.9183
801.0000	  0.9167
800.5000	  0.9171
800.0000	  0.9167
799.5000	  0.9180
799.0000	  0.9183
798.5000	  0.9182
798.0000	  0.9172
797.5000	  0.9172
797.0000	  0.9172
796.5000	  0.9189
796.0000	  0.9192
795.5000	  0.9177
795.0000	  0.9192
794.5000	  0.9190
794.0000	  0.9174
793.5000	  0.9178
793.0000	  0.9193
792.5000	  0.9202
792.0000	  0.9191
791.5000	  0.9192
791.0000	  0.9191
790.5000	  0.9189
790.0000	  0.9202
789.5000	  0.9203
789.0000	  0.9200
788.5000	  0.9206
788.0000	  0.9210
787.5000	  0.9198
787.0000	  0.9199
786.5000	  0.9206
786.0000	  0.9203
785.5000	  0.9204
785.0000	  0.9198
784.5000	  0.9209
784.0000	  0.9202
783.5000	  0.9212
783.0000	  0.9174
782.5000	  0.9225
782.0000	  0.9203
781.5000	  0.9224
781.0000	  0.9211
780.5000	  0.9213
780.0000	  0.9215
779.5000	  0.9206
779.0000	  0.9214
778.5000	  0.9215
778.0000	  0.9214
777.5000	  0.9242
777.0000	  0.9221
776.5000	  0.9222
776.0000	  0.9218
775.5000	  0.9218
775.0000	  0.9222
774.5000	  0.9212
774.0000	  0.9233
773.5000	  0.9234
773.0000	  0.9237
772.5000	  0.9231
772.0000	  0.9233
771.5000	  0.9236
771.0000	  0.9232
770.5000	  0.9231
770.0000	  0.9248
769.5000	  0.9225
769.0000	  0.9221
768.5000	  0.9244
768.0000	  0.9224
767.5000	  0.9230
767.0000	  0.9242
766.5000	  0.9238
766.0000	  0.9239
765.5000	  0.9231
765.0000	  0.9239
764.5000	  0.9254
764.0000	  0.9249
763.5000	  0.9260
763.0000	  0.9270
762.5000	  0.9239
762.0000	  0.9241
761.5000	  0.9233
761.0000	  0.9248
760.5000	  0.9238
760.0000	  0.9247
759.5000	  0.9250
759.0000	  0.9244
758.5000	  0.9255
758.0000	  0.9244
757.5000	  0.9251
757.0000	  0.9243
756.5000	  0.9259
756.0000	  0.9264
755.5000	  0.9254
755.0000	  0.9249
754.5000	  0.9259
754.0000	  0.9273
753.5000	  0.9266
753.0000	  0.9259
752.5000	  0.9254
752.0000	  0.9265
751.5000	  0.9286
751.0000	  0.9269
750.5000	  0.9268
750.0000	  0.9269
749.5000	  0.9273
749.0000	  0.9271
748.5000	  0.9275
748.0000	  0.9262
747.5000	  0.9279
747.0000	  0.9291
746.5000	  0.9265
746.0000	  0.9289
745.5000	  0.9288
745.0000	  0.9296
744.5000	  0.9277
744.0000	  0.9285
743.5000	  0.9296
743.0000	  0.9290
742.5000	  0.9280
742.0000	  0.9290
741.5000	  0.9308
741.0000	  0.9296
740.5000	  0.9293
740.0000	  0.9291
739.5000	  0.9317
739.0000	  0.9313
738.5000	  0.9313
738.0000	  0.9317
737.5000	  0.9316
737.0000	  0.9327
736.5000	  0.9318
736.0000	  0.9323
735.5000	  0.9328
735.0000	  0.9341
734.5000	  0.9342
734.0000	  0.9351
733.5000	  0.9335
733.0000	  0.9351
732.5000	  0.9365
732.0000	  0.9365
731.5000	  0.9382
731.0000	  0.9375
730.5000	  0.9392
730.0000	  0.9404
729.5000	  0.9395
729.0000	  0.9401
728.5000	  0.9429
728.0000	  0.9442
727.5000	  0.9434
727.0000	  0.9463
726.5000	  0.9482
726.0000	  0.9488
725.5000	  0.9506
725.0000	  0.9514
724.5000	  0.9527
724.0000	  0.9554
723.5000	  0.9578
723.0000	  0.9592
722.5000	  0.9617
722.0000	  0.9652
721.5000	  0.9688
721.0000	  0.9712
720.5000	  0.9727
720.0000	  0.9758
719.5000	  0.9786
719.0000	  0.9797
718.5000	  0.9829
718.0000	  0.9825
717.5000	  0.9833
717.0000	  0.9827
716.5000	  0.9829
716.0000	  0.9804
715.5000	  0.9782
715.0000	  0.9757
714.5000	  0.9739
714.0000	  0.9698
713.5000	  0.9655
713.0000	  0.9636
712.5000	  0.9606
712.0000	  0.9558
711.5000	  0.9544
711.0000	  0.9503
710.5000	  0.9469
710.0000	  0.9458
709.5000	  0.9440
709.0000	  0.9413
708.5000	  0.9411
708.0000	  0.9388
707.5000	  0.9377
707.0000	  0.9383
706.5000	  0.9366
706.0000	  0.9371
705.5000	  0.9373
705.0000	  0.9374
704.5000	  0.9375
704.0000	  0.9353
703.5000	  0.9368
703.0000	  0.9368
702.5000	  0.9369
702.0000	  0.9367
701.5000	  0.9372
701.0000	  0.9368
700.5000	  0.9385
700.0000	  0.9372
699.5000	  0.9369
699.0000	  0.9368
698.5000	  0.9378
698.0000	  0.9384
697.5000	  0.9367
697.0000	  0.9372
696.5000	  0.9368
696.0000	  0.9371
695.5000	  0.9361
695.0000	  0.9355
694.5000	  0.9370
694.0000	  0.9361
693.5000	  0.9372
693.0000	  0.9353
692.5000	  0.9372
692.0000	  0.9372
691.5000	  0.9367
691.0000	  0.9370
690.5000	  0.9371
690.0000	  0.9373
689.5000	  0.9353
689.0000	  0.9356
688.5000	  0.9350
688.0000	  0.9352
687.5000	  0.9353
687.0000	  0.9355
686.5000	  0.9363
686.0000	  0.9365
685.5000	  0.9356
685.0000	  0.9359
684.5000	  0.9357
684.0000	  0.9367
683.5000	  0.9363
683.0000	  0.9365
682.5000	  0.9360
682.0000	  0.9361
681.5000	  0.9361
681.0000	  0.9361
680.5000	  0.9362
680.0000	  0.9357
679.5000	  0.9359
679.0000	  0.9364
678.5000	  0.9350
678.0000	  0.9351
677.5000	  0.9350
677.0000	  0.9353
676.5000	  0.9357
676.0000	  0.9354
675.5000	  0.9353
675.0000	  0.9357
674.5000	  0.9355
674.0000	  0.9348
673.5000	  0.9360
673.0000	  0.9356
672.5000	  0.9356
672.0000	  0.9362
671.5000	  0.9355
671.0000	  0.9357
670.5000	  0.9347
670.0000	  0.9356
669.5000	  0.9355
669.0000	  0.9349
668.5000	  0.9366
668.0000	  0.9345
667.5000	  0.9348
667.0000	  0.9349
666.5000	  0.9357
666.0000	  0.9348
665.5000	  0.9341
665.0000	  0.9349
664.5000	  0.9355
664.0000	  0.9344
663.5000	  0.9360
663.0000	  0.9351
662.5000	  0.9345
662.0000	  0.9351
661.5000	  0.9356
661.0000	  0.9343
660.5000	  0.9344
660.0000	  0.9352
659.5000	  0.9338
659.0000	  0.9351
658.5000	  0.9345
658.0000	  0.9350
657.5000	  0.9346
657.0000	  0.9346
656.5000	  0.9338
656.0000	  0.9332
655.5000	  0.9345
655.0000	  0.9342
654.5000	  0.9345
654.0000	  0.9340
653.5000	  0.9337
653.0000	  0.9332
652.5000	  0.9331
652.0000	  0.9338
651.5000	  0.9342
651.0000	  0.9328
650.5000	  0.9328
650.0000	  0.9324
649.5000	  0.9336
649.0000	  0.9328
648.5000	  0.9318
648.0000	  0.9325
647.5000	  0.9321
647.0000	  0.9330
646.5000	  0.9327
646.0000	  0.9328
645.5000	  0.9311
645.0000	  0.9311
644.5000	  0.9307
644.0000	  0.9305
643.5000	  0.9305
643.0000	  0.9304
642.5000	  0.9302
642.0000	  0.9298
641.5000	  0.9288
641.0000	  0.9289
640.5000	  0.9288
640.0000	  0.9287
639.5000	  0.9268
639.0000	  0.9263
638.5000	  0.9271
638.0000	  0.9269
637.5000	  0.9264
637.0000	  0.9255
636.5000	  0.9258
636.0000	  0.9255
635.5000	  0.9240
635.0000	  0.9236
634.5000	  0.9227
634.0000	  0.9240
633.5000	  0.9237
633.0000	  0.9230
632.5000	  0.9228
632.0000	  0.9225
631.5000	  0.9229
631.0000	  0.9232
630.5000	  0.9238
630.0000	  0.9241
629.5000	  0.9240
629.0000	  0.9258
628.5000	  0.9282
628.0000	  0.9301
627.5000	  0.9308
627.0000	  0.9329
626.5000	  0.9343
626.0000	  0.9362
625.5000	  0.9397
625.0000	  0.9403
624.5000	  0.9415
624.0000	  0.9434
623.5000	  0.9468
623.0000	  0.9460
622.5000	  0.9482
622.0000	  0.9492
621.5000	  0.9507
621.0000	  0.9529
620.5000	  0.9539
620.0000	  0.9554
619.5000	  0.9540
619.0000	  0.9560
618.5000	  0.9557
618.0000	  0.9572
617.5000	  0.9557
617.0000	  0.9560
616.5000	  0.9558
616.0000	  0.9537
615.5000	  0.9537
615.0000	  0.9537
614.5000	  0.9534
614.0000	  0.9528
613.5000	  0.9539
613.0000	  0.9542
612.5000	  0.9535
612.0000	  0.9537
611.5000	  0.9544
611.0000	  0.9537
610.5000	  0.9549
610.0000	  0.9548
609.5000	  0.9534
609.0000	  0.9530
608.5000	  0.9549
608.0000	  0.9553
607.5000	  0.9545
607.0000	  0.9543
606.5000	  0.9552
606.0000	  0.9550
605.5000	  0.9543
605.0000	  0.9547
604.5000	  0.9550
604.0000	  0.9564
603.5000	  0.9560
603.0000	  0.9551
602.5000	  0.9561
602.0000	  0.9561
601.5000	  0.9568
601.0000	  0.9559
600.5000	  0.9552
600.0000	  0.9571
599.5000	  0.9579
599.0000	  0.9563
598.5000	  0.9572
598.0000	  0.9571
597.5000	  0.9569
597.0000	  0.9570
596.5000	  0.9577
596.0000	  0.9576
595.5000	  0.9590
595.0000	  0.9597
594.5000	  0.9586
594.0000	  0.9574
593.5000	  0.9582
593.0000	  0.9584
592.5000	  0.9585
592.0000	  0.9590
591.5000	  0.9601
591.0000	  0.9590
590.5000	  0.9591
590.0000	  0.9589
589.5000	  0.9608
589.0000	  0.9604
588.5000	  0.9595
588.0000	  0.9605
587.5000	  0.9617
587.0000	  0.9603
586.5000	  0.9607
586.0000	  0.9618
585.5000	  0.9604
585.0000	  0.9620
584.5000	  0.9621
584.0000	  0.9618
583.5000	  0.9618
583.0000	  0.9628
582.5000	  0.9621
582.0000	  0.9620
581.5000	  0.9628
581.0000	  0.9626
580.5000	  0.9637
580.0000	  0.9618
579.5000	  0.9617
579.0000	  0.9635
578.5000	  0.9640
578.0000	  0.9636
577.5000	  0.9626
577.0000	  0.9624
576.5000	  0.9642
576.0000	  0.9651
575.5000	  0.9643
575.0000	  0.9639
574.5000	  0.9644
574.0000	  0.9651
573.5000	  0.9650
573.0000	  0.9637
572.5000	  0.9658
572.0000	  0.9656
571.5000	  0.9644
571.0000	  0.9660
570.5000	  0.9664
570.0000	  0.9661
569.5000	  0.9655
569.0000	  0.9667
568.5000	  0.9665
568.0000	  0.9672
567.5000	  0.9681
567.0000	  0.9676
566.5000	  0.9664
566.0000	  0.9675
565.5000	  0.9678
565.0000	  0.9675
564.5000	  0.9671
564.0000	  0.9687
563.5000	  0.9683
563.0000	  0.9688
562.5000	  0.9697
562.0000	  0.9685
561.5000	  0.9694
561.0000	  0.9692
560.5000	  0.9698
560.0000	  0.9684
559.5000	  0.9688
559.0000	  0.9689
558.5000	  0.9694
558.0000	  0.9695
557.5000	  0.9692
557.0000	  0.9699
556.5000	  0.9698
556.0000	  0.9698
555.5000	  0.9710
555.0000	  0.9706
554.5000	  0.9703
554.0000	  0.9701
553.5000	  0.9717
553.0000	  0.9712
552.5000	  0.9706
552.0000	  0.9710
551.5000	  0.9720
551.0000	  0.9712
550.5000	  0.9721
550.0000	  0.9716
549.5000	  0.9723
549.0000	  0.9723
548.5000	  0.9728
548.0000	  0.9722
547.5000	  0.9724
547.0000	  0.9729
546.5000	  0.9736
546.0000	  0.9724
545.5000	  0.9728
545.0000	  0.9747
544.5000	  0.9738
544.0000	  0.9736
543.5000	  0.9740
543.0000	  0.9756
542.5000	  0.9749
542.0000	  0.9750
541.5000	  0.9750
541.0000	  0.9751
540.5000	  0.9751
540.0000	  0.9765
539.5000	  0.9762
539.0000	  0.9753
538.5000	  0.9768
538.0000	  0.9764
537.5000	  0.9763
537.0000	  0.9756
536.5000	  0.9775
536.0000	  0.9778
535.5000	  0.9762
535.0000	  0.9769
534.5000	  0.9778
534.0000	  0.9765
533.5000	  0.9773
533.0000	  0.9774
532.5000	  0.9773
532.0000	  0.9775
531.5000	  0.9783
531.0000	  0.9778
530.5000	  0.9777
530.0000	  0.9788
529.5000	  0.9782
529.0000	  0.9785
528.5000	  0.9775
528.0000	  0.9785
527.5000	  0.9787
527.0000	  0.9793
526.5000	  0.9787
526.0000	  0.9786
525.5000	  0.9789
525.0000	  0.9798
524.5000	  0.9783
524.0000	  0.9789
523.5000	  0.9797
523.0000	  0.9796
522.5000	  0.9790
522.0000	  0.9794
521.5000	  0.9793
521.0000	  0.9798
520.5000	  0.9789
520.0000	  0.9790
519.5000	  0.9789
519.0000	  0.9797
518.5000	  0.9803
518.0000	  0.9795
517.5000	  0.9795
517.0000	  0.9799
516.5000	  0.9792
516.0000	  0.9792
515.5000	  0.9790
515.0000	  0.9790
514.5000	  0.9792
514.0000	  0.9804
513.5000	  0.9797
513.0000	  0.9785
512.5000	  0.9794
512.0000	  0.9787
511.5000	  0.9780
511.0000	  0.9802
510.5000	  0.9791
510.0000	  0.9804
509.5000	  0.9805
509.0000	  0.9809
508.5000	  0.9803
508.0000	  0.9818
507.5000	  0.9839
507.0000	  0.9837
506.5000	  0.9849
506.0000	  0.9852
505.5000	  0.9867
505.0000	  0.9876
504.5000	  0.9880
504.0000	  0.9900
503.5000	  0.9914
503.0000	  0.9926
502.5000	  0.9938
502.0000	  0.9950
501.5000	  0.9968
501.0000	  0.9977
500.5000	  0.9984
500.0000	  1.0007
499.5000	  1.0023
499.0000	  1.0030
498.5000	  1.0050
498.0000	  1.0052
497.5000	  1.0059
497.0000	  1.0072
496.5000	  1.0092
496.0000	  1.0078
495.5000	  1.0100
495.0000	  1.0117
494.5000	  1.0116
494.0000	  1.0112
493.5000	  1.0133
493.0000	  1.0149
492.5000	  1.0144
492.0000	  1.0153
491.5000	  1.0158
491.0000	  1.0165
490.5000	  1.0177
490.0000	  1.0171
489.5000	  1.0164
489.0000	  1.0167
488.5000	  1.0180
488.0000	  1.0185
487.5000	  1.0182
487.0000	  1.0179
486.5000	  1.0184
486.0000	  1.0198
485.5000	  1.0201
485.0000	  1.0207
484.5000	  1.0203
484.0000	  1.0213
483.5000	  1.0232
483.0000	  1.0226
482.5000	  1.0223
482.0000	  1.0238
481.5000	  1.0246
481.0000	  1.0252
480.5000	  1.0246
480.0000	  1.0266
479.5000	  1.0258
479.0000	  1.0280
478.5000	  1.0267
478.0000	  1.0289
477.5000	  1.0301
477.0000	  1.0317
476.5000	  1.0315
476.0000	  1.0317
475.5000	  1.0346
475.0000	  1.0343
474.5000	  1.0358
474.0000	  1.0366
473.5000	  1.0379
473.0000	  1.0393
472.5000	  1.0396
472.0000	  1.0404
471.5000	  1.0418
471.0000	  1.0434
470.5000	  1.0455
470.0000	  1.0447
469.5000	  1.0458
469.0000	  1.0478
468.5000	  1.0501
468.0000	  1.0506
467.5000	  1.0527
467.0000	  1.0544
466.5000	  1.0548
466.0000	  1.0569
465.5000	  1.0591
465.0000	  1.0600
464.5000	  1.0615
464.0000	  1.0625
463.5000	  1.0650
463.0000	  1.0680
462.5000	  1.0680
462.0000	  1.0703
461.5000	  1.0697
461.0000	  1.0726
460.5000	  1.0742
460.0000	  1.0751
459.5000	  1.0779
459.0000	  1.0780
458.5000	  1.0786
458.0000	  1.0804
457.5000	  1.0825
457.0000	  1.0830
456.5000	  1.0810
456.0000	  1.0807
455.5000	  1.0827
455.0000	  1.0811
454.5000	  1.0820
454.0000	  1.0829
453.5000	  1.0804
453.0000	  1.0798
452.5000	  1.0782
452.0000	  1.0761
451.5000	  1.0753
451.0000	  1.0748
450.5000	  1.0722
450.0000	  1.0694
449.5000	  1.0694
449.0000	  1.0687
448.5000	  1.0675
448.0000	  1.0653
447.5000	  1.0638
447.0000	  1.0616
446.5000	  1.0618
446.0000	  1.0596
445.5000	  1.0581
445.0000	  1.0573
444.5000	  1.0559
444.0000	  1.0558
443.5000	  1.0545
443.0000	  1.0559
442.5000	  1.0532
442.0000	  1.0537
441.5000	  1.0539
441.0000	  1.0517
440.5000	  1.0532
440.0000	  1.0531
439.5000	  1.0521
439.0000	  1.0515
438.5000	  1.0512
438.0000	  1.0517
437.5000	  1.0513
437.0000	  1.0503
436.5000	  1.0501
436.0000	  1.0509
435.5000	  1.0522
435.0000	  1.0504
434.5000	  1.0517
434.0000	  1.0527
433.5000	  1.0520
433.0000	  1.0512
432.5000	  1.0514
432.0000	  1.0532
431.5000	  1.0526
431.0000	  1.0517
430.5000	  1.0529
430.0000	  1.0534
429.5000	  1.0551
429.0000	  1.0550
428.5000	  1.0549
428.0000	  1.0557
427.5000	  1.0556
427.0000	  1.0553
426.5000	  1.0557
426.0000	  1.0565
425.5000	  1.0562
425.0000	  1.0572
424.5000	  1.0591
424.0000	  1.0568
423.5000	  1.0583
423.0000	  1.0606
422.5000	  1.0612
422.0000	  1.0622
421.5000	  1.0622
421.0000	  1.0630
420.5000	  1.0616
420.0000	  1.0655
419.5000	  1.0639
419.0000	  1.0634
418.5000	  1.0653
418.0000	  1.0645
417.5000	  1.0660
417.0000	  1.0675
416.5000	  1.0670
416.0000	  1.0677
415.5000	  1.0685
415.0000	  1.0680
414.5000	  1.0681
414.0000	  1.0696
413.5000	  1.0699
413.0000	  1.0705
412.5000	  1.0700
412.0000	  1.0742
411.5000	  1.0732
411.0000	  1.0729
410.5000	  1.0739
410.0000	  1.0743
409.5000	  1.0739
409.0000	  1.0741
408.5000	  1.0742
408.0000	  1.0754
407.5000	  1.0764
407.0000	  1.0775
406.5000	  1.0765
406.0000	  1.0771
405.5000	  1.0780
405.0000	  1.0764
404.5000	  1.0770
404.0000	  1.0793
403.5000	  1.0796
403.0000	  1.0811
402.5000	  1.0801
402.0000	  1.0821
401.5000	  1.0801
401.0000	  1.0819
400.5000	  1.0821
400.0000	  1.0821
399.5000	  1.0824
399.0000	  1.0843
398.5000	  1.0828
398.0000	  1.0864
397.5000	  1.0856
397.0000	  1.0844
396.5000	  1.0865
396.0000	  1.0865
395.5000	  1.0862
395.0000	  1.0860
394.5000	  1.0893
394.0000	  1.0912
393.5000	  1.0888
393.0000	  1.0914
392.5000	  1.0904
392.0000	  1.0934
391.5000	  1.0953
391.0000	  1.0930
390.5000	  1.0954
390.0000	  1.0967
389.5000	  1.0968
389.0000	  1.0964
388.5000	  1.0985
388.0000	  1.0996
387.5000	  1.1007
387.0000	  1.1036
386.5000	  1.1034
386.0000	  1.1047
385.5000	  1.1063
385.0000	  1.1095
384.5000	  1.1089
384.0000	  1.1117
383.5000	  1.1131
383.0000	  1.1105
382.5000	  1.1110
382.0000	  1.1116
381.5000	  1.1183
381.0000	  1.1180
380.5000	  1.1193
380.0000	  1.1145
379.5000	  1.1184
379.0000	  1.1208
378.5000	  1.1217
378.0000	  1.1216
377.5000	  1.1215
377.0000	  1.1256
376.5000	  1.1235
376.0000	  1.1265
375.5000	  1.1262
375.0000	  1.1282
374.5000	  1.1271
374.0000	  1.1302
373.5000	  1.1269
373.0000	  1.1294
372.5000	  1.1318
372.0000	  1.1295
371.5000	  1.1320
371.0000	  1.1319
370.5000	  1.1338
370.0000	  1.1349
369.5000	  1.1324
369.0000	  1.1375
368.5000	  1.1328
368.0000	  1.1360
367.5000	  1.1376
367.0000	  1.1360
366.5000	  1.1406
366.0000	  1.1376
365.5000	  1.1389
365.0000	  1.1436
364.5000	  1.1404
364.0000	  1.1464
363.5000	  1.1427
363.0000	  1.1447
362.5000	  1.1457
362.0000	  1.1429
361.5000	  1.1468
361.0000	  1.1462
360.5000	  1.1488
360.0000	  1.1492
359.5000	  1.1511
359.0000	  1.1525
358.5000	  1.1498
358.0000	  1.1522
357.5000	  1.1547
357.0000	  1.1562
356.5000	  1.1566
356.0000	  1.1582
355.5000	  1.1553
355.0000	  1.1610
354.5000	  1.1580
354.0000	  1.1585
353.5000	  1.1624
353.0000	  1.1644
352.5000	  1.1659
352.0000	  1.1665
351.5000	  1.1654
351.0000	  1.1667
350.5000	  1.1685
350.0000	  1.1655
