05/05/2023 16.01.51
05/05/2023 16.09.12

900.0000	998.0900

900.0000	998.0900

900.0000	 27.2600



  1.0000
900.0000
  3.0000
340.0000
  1.0000
1101.0000
  5.0000
  6.0000
  1.0000
  1.0000
  0.0000
  0.0000
100.0000
  0.0000
  1.0000
  0.0000
500.0000
900.0000
350.0000
  4.0000
  1.0000
 18.0000
  2.0000
  1.0000
255.0000
  0.9061
  1.0000
 30.0000
  4.0000
500.0000
  0.0000
  0.0000
  4.0000
900.0000
350.0000
  0.0000
100.0000
  0.0000
  1.0000
  0.0000
500.0000
  1.0000
  1.0000
  1.0000
  1.0000
  4.0000
  0.0000
  1.0000
  1.0000
  1.0000
  1.0000
  1.0000
  2.0000
  1.0000
  1.0000
  1.0000
  3.0000
  1.0000
  1.0000
  1.0000
  4.0000
  5.0000
441.120
0.000
900.0000	  1.0173
899.5000	 -2.2075
899.0000	  0.0890
898.5000	  6.7796
898.0000	-12.8027
897.5000	  1.2010
897.0000	 -3.0550
896.5000	-18.1003
896.0000	  1.6862
895.5000	 -2.6130
895.0000	  1.3171
894.5000	  0.3746
894.0000	-10.7358
893.5000	  1.2060
893.0000	  0.5451
892.5000	 -0.3061
892.0000	  5.0045
891.5000	  0.6086
891.0000	 -1.8396
890.5000	  0.0971
890.0000	  1.4508
889.5000	  1.2361
889.0000	 -0.7459
888.5000	  1.2110
888.0000	-22.5640
887.5000	 -0.1643
887.0000	  2.5752
886.5000	 -1.4868
886.0000	 -2.1339
885.5000	 14.6629
885.0000	  0.0838
884.5000	 -7.8583
884.0000	 -1.1998
883.5000	  0.0879
883.0000	 -0.1074
882.5000	 -0.6431
882.0000	  5.0864
881.5000	 -0.1761
881.0000	 -1.1998
880.5000	  0.5278
880.0000	  0.2559
879.5000	 -1.0437
879.0000	  0.0138
878.5000	 -2.0104
878.0000	  0.7174
877.5000	-13.7347
877.0000	  0.4879
876.5000	 -1.5068
876.0000	  1.8903
875.5000	 -1.1039
875.0000	 -1.7661
874.5000	 -0.0872
874.0000	 -0.4068
873.5000	  1.9314
873.0000	 -0.4741
872.5000	 10.3468
872.0000	  0.7295
871.5000	 -0.2055
871.0000	  3.4178
870.5000	-94.9152
870.0000	  4.2920
869.5000	  1.9621
869.0000	 -0.1700
868.5000	 -1.8180
868.0000	 -0.1197
867.5000	  0.1856
867.0000	  0.0000
866.5000	 -0.1191
866.0000	  3.5002
865.5000	 -1.1708
865.0000	  0.0522
864.5000	  1.9183
864.0000	 -1.8009
863.5000	  0.6518
863.0000	 -0.0426
862.5000	 -1.4176
862.0000	  0.6264
861.5000	 -1.1568
861.0000	 -0.2626
860.5000	 -0.3766
860.0000	  2.5814
859.5000	 -4.6068
859.0000	  1.1524
858.5000	  0.0798
858.0000	 34.6468
857.5000	  1.8624
857.0000	 -0.0864
856.5000	 -0.7837
856.0000	 -0.0588
855.5000	 -1.8396
855.0000	  1.8633
854.5000	  0.6898
854.0000	  0.6788
853.5000	 -0.4247
853.0000	 -0.5520
852.5000	  1.2824
852.0000	  0.8996
851.5000	  0.7325
851.0000	 -1.6784
850.5000	  0.1136
850.0000	  1.8234
849.5000	 -2.0333
849.0000	  0.2943
848.5000	  1.2219
848.0000	  0.7037
847.5000	  1.3368
847.0000	  2.8636
846.5000	  1.9708
846.0000	  0.6578
845.5000	 -2.2222
845.0000	 -0.5398
844.5000	  1.1257
844.0000	  4.3566
843.5000	  1.1369
843.0000	 -0.5910
842.5000	  0.0794
842.0000	  2.5752
841.5000	  1.1538
841.0000	  5.7482
840.5000	  6.0922
840.0000	  0.0676
839.5000	  0.1544
839.0000	 -0.2430
838.5000	  0.5767
838.0000	  0.7238
837.5000	 -2.3915
837.0000	  1.4818
836.5000	  0.3615
836.0000	 -6.2083
835.5000	 -5.7255
835.0000	  0.2077
834.5000	  0.5156
834.0000	 -0.7535
833.5000	  1.1948
833.0000	 -4.5447
832.5000	  1.7545
832.0000	 -7.0636
831.5000	-13.4988
831.0000	  0.1193
830.5000	  0.0788
830.0000	  9.0746
829.5000	  0.8662
829.0000	 -0.3001
828.5000	 -2.1509
828.0000	 -0.1292
827.5000	  0.1948
827.0000	  1.3012
826.5000	  3.0951
826.0000	  1.3244
825.5000	 -0.0507
825.0000	 -0.5408
824.5000	  0.8963
824.0000	  0.2529
823.5000	  1.1844
823.0000	 -2.2795
822.5000	  0.8709
822.0000	  0.8776
821.5000	-11.3127
821.0000	  0.7070
820.5000	 -1.0669
820.0000	  1.3876
819.5000	 -0.0644
819.0000	 -0.1841
818.5000	  1.0041
818.0000	  6.2154
817.5000	  0.8709
817.0000	  0.2683
816.5000	  0.3105
816.0000	 -8.9215
815.5000	  0.7832
815.0000	  0.7686
814.5000	  0.1528
814.0000	  0.0925
813.5000	 -1.1190
813.0000	  6.6220
812.5000	-11.8777
812.0000	 -1.2941
811.5000	 -0.2021
811.0000	 -0.0758
810.5000	 -0.9542
810.0000	  8.5534
809.5000	 -0.3847
809.0000	  0.6582
808.5000	  0.0816
808.0000	  0.6593
807.5000	  0.7688
807.0000	  4.4147
806.5000	 -0.3484
806.0000	  7.3418
805.5000	  0.5936
805.0000	  4.2103
804.5000	 -0.1055
804.0000	  0.8291
803.5000	 -0.6410
803.0000	  0.4194
802.5000	  1.8838
802.0000	 -1.0701
801.5000	  0.6954
801.0000	 -3.1672
800.5000	  1.2140
800.0000	 -0.1731
799.5000	  0.9445
799.0000	 -0.1136
798.5000	 -4.5557
798.0000	  0.8258
797.5000	  0.2299
797.0000	 26.4879
796.5000	  0.1806
796.0000	 -1.1813
795.5000	 -2.0499
795.0000	 -0.0459
794.5000	 -2.8484
794.0000	  0.2207
793.5000	-18.7625
793.0000	  0.7379
792.5000	  0.0543
792.0000	  0.3750
791.5000	 -0.8147
791.0000	 -1.0898
790.5000	  2.4175
790.0000	 -0.0304
789.5000	  0.6886
789.0000	  0.3019
788.5000	-42.7671
788.0000	  0.2109
787.5000	  0.2324
787.0000	  0.7077
786.5000	 -0.4873
786.0000	  2.5621
785.5000	 13.2440
785.0000	 -0.2564
784.5000	  0.8323
784.0000	 -3.8059
783.5000	  0.2879
783.0000	 -0.1756
782.5000	 -0.5741
782.0000	  0.7358
781.5000	 -6.1492
781.0000	 -0.2343
780.5000	  0.0148
780.0000	  0.2686
779.5000	  2.0036
779.0000	 -0.3054
778.5000	 -1.2878
778.0000	 -0.3297
777.5000	  0.8384
777.0000	 -0.0843
776.5000	 -1.1093
776.0000	  0.6898
775.5000	  0.1226
775.0000	  0.9105
774.5000	 -0.8463
774.0000	 -1.6715
773.5000	  8.3276
773.0000	  0.6351
772.5000	  0.3460
772.0000	-21.7056
771.5000	 -0.6741
771.0000	 -0.0750
770.5000	  0.3858
770.0000	 -0.1492
769.5000	 -0.4068
769.0000	  1.0774
768.5000	 -0.1062
768.0000	 -0.4572
767.5000	  0.6989
767.0000	 -1.0830
766.5000	 -2.0452
766.0000	  0.2365
765.5000	 -0.2238
765.0000	  0.3803
764.5000	  0.3526
764.0000	  0.2987
763.5000	 -0.2728
763.0000	 -7.7908
762.5000	 -0.5127
762.0000	  1.6163
761.5000	  0.4392
761.0000	 -0.9259
760.5000	 -0.7752
760.0000	  0.4415
759.5000	  0.4872
759.0000	  4.0751
758.5000	 -0.7094
758.0000	  0.4245
757.5000	  1.2921
757.0000	 -0.6583
756.5000	  0.3170
756.0000	 -0.7001
755.5000	 -0.0140
755.0000	 -0.3668
754.5000	 -0.4523
754.0000	  1.2836
753.5000	 -0.2350
753.0000	 -0.8665
752.5000	  0.6474
752.0000	  0.8564
751.5000	 -3.9550
751.0000	 -1.6800
750.5000	 -0.4197
750.0000	  0.6453
749.5000	  0.1741
749.0000	  0.4531
748.5000	 -0.0490
748.0000	 -0.3051
747.5000	 -1.0729
747.0000	  1.7323
746.5000	  0.6246
746.0000	  0.1467
745.5000	  0.2458
745.0000	 -0.5715
744.5000	 -0.7281
744.0000	  0.3420
743.5000	 -0.0881
743.0000	 -0.0328
742.5000	  7.6074
742.0000	 10.2089
741.5000	 -0.4130
741.0000	 -9.1780
740.5000	 -1.8396
740.0000	 -8.5748
739.5000	  0.1948
739.0000	 -0.2616
738.5000	  0.0646
738.0000	 -1.1387
737.5000	 -0.1950
737.0000	  0.1346
736.5000	 -0.3811
736.0000	 -0.3735
735.5000	 -0.3773
735.0000	 -0.8845
734.5000	  0.2698
734.0000	  0.4049
733.5000	  0.1077
733.0000	  1.3563
732.5000	 -0.0704
732.0000	  0.5810
731.5000	  0.6257
731.0000	 -1.7547
730.5000	  0.4746
730.0000	 -0.7150
729.5000	  0.6039
729.0000	  1.2194
728.5000	 -0.7080
728.0000	 -0.0443
727.5000	 -0.1285
727.0000	  0.1795
726.5000	  0.9434
726.0000	 -1.4350
725.5000	  0.7340
725.0000	  0.6247
724.5000	  0.6758
724.0000	  6.5116
723.5000	 -0.1507
723.0000	  0.5395
722.5000	 -1.3009
722.0000	 18.7623
721.5000	  0.7417
721.0000	 -0.7097
720.5000	  0.6610
720.0000	  2.6856
719.5000	  0.9657
719.0000	  0.6840
718.5000	  0.0204
718.0000	  3.8628
717.5000	-19.0384
717.0000	  0.8683
716.5000	  0.5843
716.0000	 -0.5316
715.5000	 -0.1740
715.0000	  0.1762
714.5000	 -1.6367
714.0000	  0.3116
713.5000	  0.1213
713.0000	  0.2697
712.5000	  0.2667
712.0000	  0.1080
711.5000	 -0.8040
711.0000	  0.5101
710.5000	 -1.5283
710.0000	  0.0965
709.5000	 -0.8238
709.0000	 -0.5091
708.5000	  0.6181
708.0000	  0.3504
707.5000	 -0.3331
707.0000	  0.4931
706.5000	  0.3256
706.0000	  0.0901
705.5000	 -0.4203
705.0000	  0.1459
704.5000	  0.2466
704.0000	 -0.0175
703.5000	  0.0736
703.0000	 -1.0853
702.5000	 -0.8936
702.0000	  0.5120
701.5000	  0.1606
701.0000	  0.3021
700.5000	  0.3892
700.0000	  0.3206
699.5000	  0.7189
699.0000	 -0.2046
698.5000	 -0.2387
698.0000	  0.2007
697.5000	  0.3084
697.0000	  0.7044
696.5000	  0.5339
696.0000	 -0.3136
695.5000	 -0.1766
695.0000	 -0.5832
694.5000	  0.0741
694.0000	  0.3546
693.5000	  0.3275
693.0000	  0.2199
692.5000	  0.2155
692.0000	  0.4041
691.5000	 -0.1804
691.0000	 -0.1295
690.5000	 -0.1043
690.0000	  0.0441
689.5000	  0.3603
689.0000	 -2.4574
688.5000	  0.4511
688.0000	 -1.3969
687.5000	 -0.7721
687.0000	 -0.5879
686.5000	  0.5289
686.0000	  0.4902
685.5000	 -0.5860
685.0000	 -0.1272
684.5000	 -1.1127
684.0000	  0.5618
683.5000	  0.4055
683.0000	  0.0743
682.5000	  0.2020
682.0000	  0.0000
681.5000	  0.2171
681.0000	  0.2329
680.5000	 -0.0120
680.0000	 -0.4331
679.5000	 -0.3336
679.0000	  0.5052
678.5000	  0.6009
678.0000	 -0.4957
677.5000	 -0.3779
677.0000	  0.4376
676.5000	  0.6468
676.0000	  0.2517
675.5000	 -0.6296
675.0000	  0.2684
674.5000	 -0.3359
674.0000	  0.0159
673.5000	 -0.1161
673.0000	 -0.0533
672.5000	  0.2783
672.0000	  0.1324
671.5000	  0.0397
671.0000	  0.3355
670.5000	 -0.2014
670.0000	  0.2237
669.5000	  0.2329
669.0000	  0.3137
668.5000	  0.2048
668.0000	  0.1217
667.5000	  0.0271
667.0000	 -0.5271
666.5000	  0.0567
666.0000	  0.0519
665.5000	  0.0847
665.0000	 -0.3209
664.5000	  0.6817
664.0000	 -0.0142
663.5000	  0.3070
663.0000	  0.0097
662.5000	  0.5518
662.0000	  0.1165
661.5000	  0.2861
661.0000	  0.1161
660.5000	 -0.0324
660.0000	 -0.1908
659.5000	 -0.1454
659.0000	  0.2741
658.5000	  0.5314
658.0000	  0.0234
657.5000	 -4.2533
657.0000	  0.4753
656.5000	  0.2039
656.0000	  0.0930
655.5000	 -0.1482
655.0000	 -0.5676
654.5000	  0.5442
654.0000	  0.0394
653.5000	 -0.0378
653.0000	 -0.2702
652.5000	  0.0646
652.0000	  0.1885
651.5000	  0.0511
651.0000	 -0.0768
650.5000	  0.0624
650.0000	 -0.1651
649.5000	  0.3218
649.0000	 -0.0540
648.5000	  0.0058
648.0000	 -0.6060
647.5000	  0.3580
647.0000	  0.3646
646.5000	  0.1796
646.0000	  0.1134
645.5000	  0.3307
645.0000	  0.1062
644.5000	  0.1035
644.0000	  0.1306
643.5000	 -0.2539
643.0000	  0.2462
642.5000	  0.0041
642.0000	  0.2109
641.5000	  0.3028
641.0000	  0.1031
640.5000	  0.1814
640.0000	  0.0031
639.5000	  0.1936
639.0000	  0.3014
638.5000	  0.0368
638.0000	  0.0384
637.5000	 -0.3731
637.0000	  0.1370
636.5000	  0.4753
636.0000	 -0.1703
635.5000	 -0.0050
635.0000	  0.2285
634.5000	  0.1088
634.0000	  0.1369
633.5000	 -0.0983
633.0000	  0.2036
632.5000	  0.5874
632.0000	 -0.0597
631.5000	  0.3903
631.0000	  0.1832
630.5000	  0.1959
630.0000	  0.2842
629.5000	  0.2811
629.0000	  0.0762
628.5000	 -0.0664
628.0000	 -0.3072
627.5000	  0.2653
627.0000	  0.7606
626.5000	  0.1078
626.0000	 -0.9725
625.5000	 -0.1297
625.0000	 -0.2505
624.5000	  0.4126
624.0000	 -0.1066
623.5000	  0.0493
623.0000	  0.0775
622.5000	 -0.3127
622.0000	  0.2494
621.5000	  0.4008
621.0000	  0.2503
620.5000	  0.5737
620.0000	  0.2384
619.5000	 -0.0797
619.0000	 -0.0315
618.5000	  0.1787
618.0000	  0.2966
617.5000	  0.5693
617.0000	  0.0960
616.5000	 -1.9278
616.0000	 -0.2434
615.5000	 -0.4820
615.0000	  0.2105
614.5000	 -0.3320
614.0000	 -0.0639
613.5000	 -0.1634
613.0000	 -0.1421
612.5000	  0.3422
612.0000	 -0.1164
611.5000	  0.5134
611.0000	  0.0818
610.5000	 -0.1303
610.0000	 -0.7872
609.5000	 -0.7771
609.0000	  0.3625
608.5000	  0.2288
608.0000	  0.0327
607.5000	  0.1396
607.0000	  0.3984
606.5000	 -0.5416
606.0000	  0.3228
605.5000	  0.2674
605.0000	  0.2950
604.5000	  0.2539
604.0000	  0.1529
603.5000	  0.3759
603.0000	  0.3013
602.5000	  0.2718
602.0000	  0.2744
601.5000	  0.6251
601.0000	  0.3390
600.5000	  0.4987
600.0000	 -0.1818
599.5000	  0.3283
599.0000	  0.3679
598.5000	  0.6924
598.0000	 -0.2565
597.5000	  0.3336
597.0000	  0.1845
596.5000	  0.4174
596.0000	  0.2428
595.5000	  0.2287
595.0000	  0.2886
594.5000	 -0.1132
594.0000	  0.5991
593.5000	  0.0606
593.0000	  0.2133
592.5000	  0.3280
592.0000	  0.3178
591.5000	  0.3292
591.0000	  0.4125
590.5000	 -0.3207
590.0000	 -0.0141
589.5000	  0.3386
589.0000	  0.4642
588.5000	  0.1901
588.0000	  0.0660
587.5000	  0.3045
587.0000	  0.6339
586.5000	  1.0952
586.0000	  0.4498
585.5000	  0.6467
585.0000	  0.4063
584.5000	  0.2665
584.0000	  0.0712
583.5000	  0.7873
583.0000	  0.2940
582.5000	 -0.1648
582.0000	  0.5885
581.5000	  0.6743
581.0000	  0.5400
580.5000	  0.2139
580.0000	  0.2242
579.5000	  0.4274
579.0000	  0.7158
578.5000	 -0.0905
578.0000	  0.1394
577.5000	  0.4464
577.0000	  0.7513
576.5000	  0.4075
576.0000	  0.3132
575.5000	  0.2934
575.0000	  0.8354
574.5000	 -0.0892
574.0000	  0.5738
573.5000	  0.9499
573.0000	 -0.1209
572.5000	  0.6767
572.0000	  0.7729
571.5000	  0.4500
571.0000	  0.2279
570.5000	 -0.0120
570.0000	  0.4221
569.5000	  0.8167
569.0000	 -0.4403
568.5000	  0.4806
568.0000	  0.4777
567.5000	  0.5009
567.0000	  0.3153
566.5000	  0.3964
566.0000	  0.5206
565.5000	  1.5443
565.0000	  0.4127
564.5000	 -0.3377
564.0000	 -0.3021
563.5000	  0.8508
563.0000	  0.7295
562.5000	  0.6188
562.0000	  0.6467
561.5000	  0.2906
561.0000	  0.2867
560.5000	  0.8543
560.0000	  0.6657
559.5000	  0.4009
559.0000	  0.3505
558.5000	  0.4909
558.0000	  0.5925
557.5000	  0.7886
557.0000	  0.4477
556.5000	  0.6005
556.0000	  0.5205
555.5000	  0.2612
555.0000	  0.8629
554.5000	  0.6622
554.0000	  0.5636
553.5000	  0.7096
553.0000	  0.4860
552.5000	  0.6168
552.0000	  0.5300
551.5000	  0.6091
551.0000	  0.7201
550.5000	  0.5817
550.0000	  0.6040
549.5000	  0.5244
549.0000	  0.7787
548.5000	  0.7023
548.0000	  0.5299
547.5000	  0.3309
547.0000	  0.6875
546.5000	 -0.0185
546.0000	  0.5595
545.5000	  0.6965
545.0000	  0.4916
544.5000	  0.5238
544.0000	  0.7334
543.5000	  0.6682
543.0000	  0.9772
542.5000	  0.6558
542.0000	  0.5195
541.5000	  1.0061
541.0000	  0.7853
540.5000	  0.4198
540.0000	  0.7363
539.5000	  0.5978
539.0000	  0.8324
538.5000	  0.7965
538.0000	  0.5262
537.5000	  0.6545
537.0000	  0.4161
536.5000	  0.4449
536.0000	  0.7009
535.5000	  0.8568
535.0000	  0.9122
534.5000	  0.9353
534.0000	  0.9869
533.5000	  0.6078
533.0000	  0.8210
532.5000	  0.5596
532.0000	  0.7397
531.5000	  1.1496
531.0000	  0.7676
530.5000	  0.8738
530.0000	  1.1867
529.5000	  0.9510
529.0000	  0.7096
528.5000	  0.6486
528.0000	  1.0030
527.5000	  0.9877
527.0000	  0.7718
526.5000	  0.6023
526.0000	  0.8944
525.5000	  0.5826
525.0000	  1.0479
524.5000	  0.9606
524.0000	  0.8987
523.5000	  0.7734
523.0000	  0.7747
522.5000	  0.8595
522.0000	  1.4413
521.5000	  1.1967
521.0000	  0.8226
520.5000	  1.2543
520.0000	  1.3459
519.5000	  0.7650
519.0000	  1.0560
518.5000	  1.1502
518.0000	  1.3170
517.5000	  1.0248
517.0000	  1.0438
516.5000	  1.1336
516.0000	  1.3094
515.5000	  0.8868
515.0000	  1.1275
514.5000	  1.1720
514.0000	  0.9194
513.5000	  0.9940
513.0000	  1.3082
512.5000	  1.2640
512.0000	  1.0724
511.5000	  1.3350
511.0000	  1.0757
510.5000	  1.5960
510.0000	  0.8345
509.5000	  1.1097
509.0000	  1.4840
508.5000	  1.3987
508.0000	  1.7266
507.5000	  1.4957
507.0000	  1.2369
506.5000	  1.4369
506.0000	  1.2222
505.5000	  1.3652
505.0000	  1.2204
504.5000	  1.4716
504.0000	  2.4700
503.5000	  1.3681
503.0000	  1.1880
502.5000	  1.3773
502.0000	  2.1935
501.5000	  1.0376
501.0000	  1.5310
500.5000	  3.2584
500.0000	  1.0930
499.5000	  1.7311
499.0000	  2.7718
498.5000	  1.0395
498.0000	  1.6811
497.5000	  1.5759
497.0000	  1.5968
496.5000	  1.2510
496.0000	  1.5206
495.5000	  0.9394
495.0000	  1.8858
494.5000	  1.1674
494.0000	  1.0348
493.5000	  1.5132
493.0000	  1.3781
492.5000	  1.7800
492.0000	  2.0079
491.5000	  1.4797
491.0000	  1.4314
490.5000	  2.5370
490.0000	  1.6784
489.5000	  1.5421
489.0000	  1.1571
488.5000	  1.3468
488.0000	  2.2452
487.5000	  1.3625
487.0000	  1.0741
486.5000	  2.1252
486.0000	  1.3545
485.5000	  1.2101
485.0000	  1.4101
484.5000	  0.7826
484.0000	  0.9495
483.5000	  1.6297
483.0000	  1.1886
482.5000	  1.2923
482.0000	  1.3222
481.5000	  1.1656
481.0000	  1.3308
480.5000	  1.4362
480.0000	  1.2015
479.5000	  1.0632
479.0000	  2.1721
478.5000	  1.4190
478.0000	  1.7007
477.5000	  1.0886
477.0000	  0.7810
476.5000	  1.9394
476.0000	  2.1870
475.5000	  0.8621
475.0000	  1.4262
474.5000	  0.9284
474.0000	  6.9115
473.5000	  1.8065
473.0000	  0.8416
472.5000	  0.8458
472.0000	  0.8703
471.5000	  1.1513
471.0000	  0.8440
470.5000	  0.4229
470.0000	  0.6471
469.5000	  1.4057
469.0000	  0.6792
468.5000	  2.0951
468.0000	  1.0162
467.5000	  0.4777
467.0000	  1.8718
466.5000	  1.0173
466.0000	  0.9178
465.5000	  0.5620
465.0000	  0.5920
464.5000	  1.9375
464.0000	  1.6953
463.5000	  0.7535
463.0000	  0.9058
462.5000	  3.8538
462.0000	  1.5780
461.5000	-50.6502
461.0000	  2.2755
460.5000	  0.3593
460.0000	  2.4203
459.5000	  4.6795
459.0000	  0.9928
458.5000	 -4.9207
458.0000	  0.0115
457.5000	  0.5034
457.0000	  0.7664
456.5000	 -0.1402
456.0000	 -0.0701
455.5000	  1.6700
455.0000	  1.6110
454.5000	  4.5484
454.0000	  1.7548
453.5000	 -0.1084
453.0000	  3.2668
452.5000	  1.3832
452.0000	  0.4564
451.5000	  1.0253
451.0000	-10.8792
450.5000	  1.1208
450.0000	  1.4278
449.5000	  0.2770
449.0000	  1.8673
448.5000	  1.5795
448.0000	  0.3010
447.5000	  1.2048
447.0000	  0.2508
446.5000	  0.5867
446.0000	  1.6070
445.5000	  2.3019
445.0000	  0.4717
444.5000	 -0.1106
444.0000	  0.4965
443.5000	  0.8166
443.0000	 -3.8808
442.5000	 -0.4703
442.0000	 -1.0004
441.5000	  0.8657
441.0000	  0.6802
440.5000	  0.7454
440.0000	  1.3227
439.5000	  0.3601
439.0000	 -0.2921
438.5000	  1.3541
438.0000	  0.4171
437.5000	 -1.1463
437.0000	  1.7856
436.5000	  0.8913
436.0000	  0.5652
435.5000	  0.6524
435.0000	  0.1859
434.5000	  0.4893
434.0000	  1.4034
433.5000	  1.0680
433.0000	-12.6923
432.5000	 -0.0702
432.0000	  0.4639
431.5000	  2.4605
431.0000	  0.3797
430.5000	  0.6415
430.0000	  4.3867
429.5000	  0.3883
429.0000	  0.9240
428.5000	  0.0805
428.0000	  0.2740
427.5000	 -0.8775
427.0000	  0.6161
426.5000	  2.3497
426.0000	  0.2102
425.5000	  0.0370
425.0000	  1.3113
424.5000	  1.5396
424.0000	 -0.2873
423.5000	  0.5699
423.0000	  0.5121
422.5000	  0.7114
422.0000	  1.2008
421.5000	  0.2107
421.0000	 -0.1360
420.5000	  0.8895
420.0000	  0.6675
419.5000	  0.4176
419.0000	 -3.8059
418.5000	  0.4699
418.0000	  0.2023
417.5000	 13.5319
417.0000	  0.6313
416.5000	  0.9026
416.0000	  1.0888
415.5000	  1.8805
415.0000	  1.7659
414.5000	 -1.0044
414.0000	  0.5461
413.5000	  1.9552
413.0000	  0.7020
412.5000	  0.1997
412.0000	  0.0268
411.5000	  0.6650
411.0000	  0.1068
410.5000	 -0.5353
410.0000	 -0.4075
409.5000	  0.1676
409.0000	  0.0000
408.5000	  1.7200
408.0000	  0.0315
407.5000	 -0.5816
407.0000	  0.6994
406.5000	  6.6972
406.0000	  0.4897
405.5000	 -0.8454
405.0000	  0.6107
404.5000	  1.8394
404.0000	  0.4021
403.5000	  0.5194
403.0000	  0.4526
402.5000	 -0.1661
402.0000	  0.6111
401.5000	  0.1157
401.0000	  1.9851
400.5000	 -0.4926
400.0000	 -1.2149
399.5000	  0.7763
399.0000	  0.1596
398.5000	  0.6070
398.0000	  0.3993
397.5000	  0.1056
397.0000	 -2.0788
396.5000	  3.5393
396.0000	 -0.2802
395.5000	  0.2041
395.0000	  1.6240
394.5000	 16.1536
394.0000	  0.7222
393.5000	  2.1521
393.0000	 -0.6689
392.5000	  2.6318
392.0000	 -0.0115
391.5000	  0.7204
391.0000	  0.3873
390.5000	 -0.7960
390.0000	  2.4894
389.5000	 24.9704
389.0000	  5.0709
388.5000	 -0.5152
388.0000	  0.2531
387.5000	 -0.0935
387.0000	 -0.1295
386.5000	 -3.4536
386.0000	  1.5396
385.5000	 -4.8563
385.0000	 -0.0552
384.5000	  2.0293
384.0000	  4.6722
383.5000	 10.2089
383.0000	  0.8559
382.5000	  1.8920
382.0000	 -0.5824
381.5000	  2.9003
381.0000	  0.1631
380.5000	  2.0982
380.0000	 -1.1498
379.5000	 -0.5733
379.0000	  0.3396
378.5000	 -3.4767
378.0000	  0.5690
377.5000	  0.9262
377.0000	  1.2481
376.5000	-19.1304
376.0000	 -1.6055
375.5000	  0.3493
375.0000	 24.4382
374.5000	 -5.3959
374.0000	  0.4574
373.5000	 -0.0309
373.0000	  3.0826
372.5000	-10.1401
372.0000	  1.1107
371.5000	  2.7167
371.0000	 -0.3822
370.5000	  0.5217
370.0000	  0.2464
369.5000	 -1.7323
369.0000	  0.7540
368.5000	  1.3259
368.0000	  0.2419
367.5000	 -8.9083
367.0000	  0.7461
366.5000	 -0.2697
366.0000	  6.4300
365.5000	  2.7592
365.0000	  1.6979
364.5000	  0.6271
364.0000	 -4.3647
363.5000	  0.5656
363.0000	 -3.4139
362.5000	  3.7139
362.0000	 -0.5669
361.5000	  3.2261
361.0000	  1.3364
360.5000	  0.3416
360.0000	-20.0501
359.5000	 -0.0196
359.0000	 -2.9959
358.5000	  1.3481
358.0000	  0.7272
357.5000	 -0.2502
357.0000	  0.1398
356.5000	 -0.6912
356.0000	  0.3010
355.5000	 37.5245
355.0000	  0.9933
354.5000	  2.0970
354.0000	 -1.1208
353.5000	  2.5126
353.0000	  1.7935
352.5000	  1.8478
352.0000	 -0.6165
351.5000	  0.1903
351.0000	  2.2298
350.5000	 -0.8535
350.0000	  1.8782
