05/05/2023 16.24.31
05/05/2023 16.31.52

900.0000	  7.3800

900.0000	  7.3800

900.0000	 98.1000



  1.0000
900.0000
  3.0000
340.0000
  1.0000
1101.0000
  5.0000
  6.0000
  1.0000
  1.0000
  0.0000
  0.0000
100.0000
  0.0000
  1.0000
  0.0000
500.0000
900.0000
350.0000
  4.0000
  1.0000
 18.0000
  2.0000
  1.0000
255.0000
  0.9061
  1.0000
 30.0000
  4.0000
500.0000
  0.0000
  0.0000
  4.0000
900.0000
350.0000
  0.0000
100.0000
  0.0000
  1.0000
  0.0000
500.0000
  1.0000
  1.0000
  1.0000
  1.0000
  4.0000
  0.0000
  1.0000
  1.0000
  1.0000
  1.0000
  1.0000
  2.0000
  1.0000
  1.0000
  1.0000
  3.0000
  1.0000
  1.0000
  1.0000
  4.0000
  5.0000
440.825
0.000
900.0000	  0.4363
899.5000	 -0.3875
899.0000	  0.4977
898.5000	 -0.0667
898.0000	  0.8914
897.5000	  0.5071
897.0000	  0.3526
896.5000	  2.9598
896.0000	  2.3941
895.5000	  0.0896
895.0000	  0.2557
894.5000	  0.4877
894.0000	  0.1666
893.5000	 -1.1413
893.0000	  0.1001
892.5000	  0.1254
892.0000	 -0.0450
891.5000	  2.1779
891.0000	  1.2999
890.5000	 -0.7543
890.0000	 21.1439
889.5000	 -0.1109
889.0000	  0.2907
888.5000	  0.0967
888.0000	  2.0445
887.5000	  0.2656
887.0000	 -0.9379
886.5000	 -0.6171
886.0000	 -0.8459
885.5000	  0.1644
885.0000	 -0.0160
884.5000	  0.4369
884.0000	 -0.2811
883.5000	 -1.0667
883.0000	 -0.2893
882.5000	  0.0990
882.0000	 -0.0754
881.5000	 -0.0426
881.0000	  0.2710
880.5000	 -0.7540
880.0000	 -0.0713
879.5000	 -0.2061
879.0000	  0.0573
878.5000	  0.2834
878.0000	  0.4778
877.5000	 -0.3539
877.0000	 -0.6407
876.5000	  0.2857
876.0000	  0.0789
875.5000	 -0.0026
875.0000	  0.0977
874.5000	 -0.2971
874.0000	 -0.0980
873.5000	  0.1036
873.0000	 -0.1074
872.5000	  0.1591
872.0000	 -0.0964
871.5000	 -0.0911
871.0000	 -0.1303
870.5000	 -0.0510
870.0000	  0.1155
869.5000	  0.0393
869.0000	 -0.3044
868.5000	 -0.0901
868.0000	  0.0857
867.5000	  0.1084
867.0000	 -0.0206
866.5000	 -0.0561
866.0000	 -0.0302
865.5000	  0.0219
865.0000	 -0.0022
864.5000	  0.0480
864.0000	 -0.0517
863.5000	 -0.0345
863.0000	 -0.0020
862.5000	 -0.0015
862.0000	  0.0430
861.5000	  0.0000
861.0000	 -0.0212
860.5000	 -0.0772
860.0000	 -0.0517
859.5000	  0.0320
859.0000	  0.0475
858.5000	  0.0069
858.0000	 -0.0277
857.5000	 -0.0324
857.0000	  0.0105
856.5000	  0.0170
856.0000	  0.0184
855.5000	  0.0068
855.0000	  0.0059
854.5000	 -0.0133
854.0000	 -0.0214
853.5000	 -0.0155
853.0000	 -0.0066
852.5000	  0.0137
852.0000	  0.0331
851.5000	  0.0196
851.0000	  0.0046
850.5000	 -0.0058
850.0000	 -0.0052
849.5000	 -0.0103
849.0000	 -0.0135
848.5000	 -0.0026
848.0000	  0.0024
847.5000	  0.0097
847.0000	  0.0045
846.5000	  0.0012
846.0000	  0.0029
845.5000	 -0.0106
845.0000	 -0.0071
844.5000	  0.0030
844.0000	  0.0120
843.5000	  0.0108
843.0000	  0.0072
842.5000	 -0.0112
842.0000	  0.0011
841.5000	 -0.0028
841.0000	  0.0079
840.5000	  0.0006
840.0000	  0.0103
839.5000	  0.0108
839.0000	 -0.0020
838.5000	 -0.0051
838.0000	  0.0035
837.5000	  0.0015
837.0000	  0.0019
836.5000	  0.0054
836.0000	 -0.0005
835.5000	 -0.0041
835.0000	  0.0001
834.5000	  0.0081
834.0000	  0.0070
833.5000	  0.0059
833.0000	  0.0059
832.5000	 -0.0009
832.0000	  0.0020
831.5000	  0.0074
831.0000	  0.0090
830.5000	 -0.0017
830.0000	  0.0002
829.5000	  0.0078
829.0000	  0.0083
828.5000	  0.0052
828.0000	  0.0033
827.5000	 -0.0012
827.0000	  0.0068
826.5000	  0.0056
826.0000	  0.0086
825.5000	  0.0026
825.0000	  0.0015
824.5000	  0.0047
824.0000	  0.0011
823.5000	  0.0061
823.0000	  0.0062
822.5000	  0.0042
822.0000	  0.0014
821.5000	  0.0042
821.0000	  0.0052
820.5000	  0.0023
820.0000	  0.0004
819.5000	  0.0074
819.0000	  0.0098
818.5000	  0.0052
818.0000	 -0.0008
817.5000	  0.0008
817.0000	  0.0029
816.5000	  0.0062
816.0000	  0.0068
815.5000	  0.0025
815.0000	  0.0002
814.5000	  0.0080
814.0000	  0.0043
813.5000	  0.0075
813.0000	  0.0053
812.5000	  0.0009
812.0000	  0.0053
811.5000	  0.0054
811.0000	  0.0041
810.5000	  0.0044
810.0000	  0.0058
809.5000	  0.0042
809.0000	  0.0020
808.5000	  0.0039
808.0000	  0.0075
807.5000	  0.0080
807.0000	  0.0059
806.5000	 -0.0003
806.0000	  0.0036
805.5000	  0.0085
805.0000	  0.0075
804.5000	  0.0055
804.0000	  0.0025
803.5000	  0.0036
803.0000	  0.0027
802.5000	  0.0075
802.0000	  0.0059
801.5000	  0.0023
801.0000	  0.0045
800.5000	  0.0029
800.0000	  0.0054
799.5000	  0.0077
799.0000	  0.0074
798.5000	  0.0012
798.0000	  0.0016
797.5000	  0.0059
797.0000	  0.0087
796.5000	  0.0038
796.0000	  0.0010
795.5000	  0.0069
795.0000	  0.0046
794.5000	  0.0048
794.0000	  0.0061
793.5000	  0.0023
793.0000	  0.0008
792.5000	  0.0028
792.0000	  0.0065
791.5000	  0.0041
791.0000	  0.0071
790.5000	  0.0046
790.0000	  0.0023
789.5000	  0.0066
789.0000	  0.0054
788.5000	  0.0072
788.0000	  0.0052
787.5000	  0.0025
787.0000	  0.0031
786.5000	  0.0062
786.0000	  0.0049
785.5000	  0.0024
785.0000	  0.0035
784.5000	  0.0055
784.0000	  0.0057
783.5000	  0.0047
783.0000	  0.0026
782.5000	  0.0043
782.0000	  0.0070
781.5000	  0.0070
781.0000	  0.0029
780.5000	  0.0054
780.0000	  0.0067
779.5000	  0.0036
779.0000	  0.0026
778.5000	  0.0069
778.0000	  0.0078
777.5000	  0.0068
777.0000	  0.0029
776.5000	  0.0051
776.0000	  0.0078
775.5000	  0.0047
775.0000	  0.0031
774.5000	  0.0051
774.0000	  0.0037
773.5000	  0.0074
773.0000	  0.0034
772.5000	  0.0017
772.0000	  0.0064
771.5000	  0.0082
771.0000	  0.0049
770.5000	  0.0051
770.0000	  0.0056
769.5000	  0.0083
769.0000	  0.0061
768.5000	  0.0040
768.0000	  0.0054
767.5000	  0.0060
767.0000	  0.0059
766.5000	  0.0055
766.0000	  0.0052
765.5000	  0.0039
765.0000	  0.0062
764.5000	  0.0062
764.0000	  0.0041
763.5000	  0.0052
763.0000	  0.0041
762.5000	  0.0059
762.0000	  0.0053
761.5000	  0.0049
761.0000	  0.0056
760.5000	  0.0054
760.0000	  0.0048
759.5000	  0.0070
759.0000	  0.0048
758.5000	  0.0045
758.0000	  0.0061
757.5000	  0.0079
757.0000	  0.0036
756.5000	  0.0042
756.0000	  0.0046
755.5000	  0.0081
755.0000	  0.0053
754.5000	  0.0051
754.0000	  0.0070
753.5000	  0.0064
753.0000	  0.0075
752.5000	  0.0054
752.0000	  0.0065
751.5000	  0.0056
751.0000	  0.0074
750.5000	  0.0052
750.0000	  0.0059
749.5000	  0.0057
749.0000	  0.0072
748.5000	  0.0050
748.0000	  0.0049
747.5000	  0.0079
747.0000	  0.0049
746.5000	  0.0042
746.0000	  0.0042
745.5000	  0.0083
745.0000	  0.0062
744.5000	  0.0058
744.0000	  0.0057
743.5000	  0.0059
743.0000	  0.0046
742.5000	  0.0059
742.0000	  0.0062
741.5000	  0.0057
741.0000	  0.0066
740.5000	  0.0061
740.0000	  0.0048
739.5000	  0.0062
739.0000	  0.0072
738.5000	  0.0075
738.0000	  0.0058
737.5000	  0.0066
737.0000	  0.0079
736.5000	  0.0054
736.0000	  0.0068
735.5000	  0.0057
735.0000	  0.0063
734.5000	  0.0066
734.0000	  0.0098
733.5000	  0.0064
733.0000	  0.0051
732.5000	  0.0049
732.0000	  0.0085
731.5000	  0.0073
731.0000	  0.0063
730.5000	  0.0054
730.0000	  0.0076
729.5000	  0.0061
729.0000	  0.0070
728.5000	  0.0072
728.0000	  0.0058
727.5000	  0.0098
727.0000	  0.0092
726.5000	  0.0054
726.0000	  0.0054
725.5000	  0.0101
725.0000	  0.0101
724.5000	  0.0071
724.0000	  0.0050
723.5000	  0.0066
723.0000	  0.0084
722.5000	  0.0092
722.0000	  0.0087
721.5000	  0.0065
721.0000	  0.0099
720.5000	  0.0088
720.0000	  0.0087
719.5000	  0.0073
719.0000	  0.0078
718.5000	  0.0122
718.0000	  0.0090
717.5000	  0.0058
717.0000	  0.0060
716.5000	  0.0104
716.0000	  0.0074
715.5000	  0.0065
715.0000	  0.0060
714.5000	  0.0062
714.0000	  0.0058
713.5000	  0.0037
713.0000	  0.0046
712.5000	  0.0059
712.0000	  0.0066
711.5000	  0.0038
711.0000	  0.0040
710.5000	  0.0064
710.0000	  0.0084
709.5000	  0.0066
709.0000	  0.0029
708.5000	  0.0069
708.0000	  0.0081
707.5000	  0.0066
707.0000	  0.0056
706.5000	  0.0064
706.0000	  0.0090
705.5000	  0.0072
705.0000	  0.0070
704.5000	  0.0066
704.0000	  0.0094
703.5000	  0.0088
703.0000	  0.0063
702.5000	  0.0071
702.0000	  0.0085
701.5000	  0.0084
701.0000	  0.0067
700.5000	  0.0067
700.0000	  0.0078
699.5000	  0.0078
699.0000	  0.0086
698.5000	  0.0088
698.0000	  0.0085
697.5000	  0.0073
697.0000	  0.0079
696.5000	  0.0085
696.0000	  0.0084
695.5000	  0.0096
695.0000	  0.0076
694.5000	  0.0075
694.0000	  0.0072
693.5000	  0.0096
693.0000	  0.0101
692.5000	  0.0092
692.0000	  0.0065
691.5000	  0.0084
691.0000	  0.0083
690.5000	  0.0092
690.0000	  0.0095
689.5000	  0.0075
689.0000	  0.0086
688.5000	  0.0095
688.0000	  0.0099
687.5000	  0.0077
687.0000	  0.0084
686.5000	  0.0083
686.0000	  0.0092
685.5000	  0.0089
685.0000	  0.0091
684.5000	  0.0090
684.0000	  0.0079
683.5000	  0.0097
683.0000	  0.0099
682.5000	  0.0083
682.0000	  0.0085
681.5000	  0.0094
681.0000	  0.0097
680.5000	  0.0118
680.0000	  0.0109
679.5000	  0.0105
679.0000	  0.0079
678.5000	  0.0112
678.0000	  0.0094
677.5000	  0.0107
677.0000	  0.0103
676.5000	  0.0105
676.0000	  0.0107
675.5000	  0.0104
675.0000	  0.0094
674.5000	  0.0105
674.0000	  0.0094
673.5000	  0.0099
673.0000	  0.0101
672.5000	  0.0112
672.0000	  0.0108
671.5000	  0.0116
671.0000	  0.0101
670.5000	  0.0092
670.0000	  0.0099
669.5000	  0.0112
669.0000	  0.0121
668.5000	  0.0107
668.0000	  0.0111
667.5000	  0.0104
667.0000	  0.0093
666.5000	  0.0115
666.0000	  0.0121
665.5000	  0.0117
665.0000	  0.0116
664.5000	  0.0114
664.0000	  0.0097
663.5000	  0.0127
663.0000	  0.0122
662.5000	  0.0113
662.0000	  0.0097
661.5000	  0.0112
661.0000	  0.0131
660.5000	  0.0121
660.0000	  0.0120
659.5000	  0.0105
659.0000	  0.0132
658.5000	  0.0131
658.0000	  0.0127
657.5000	  0.0117
657.0000	  0.0120
656.5000	  0.0121
656.0000	  0.0119
655.5000	  0.0119
655.0000	  0.0120
654.5000	  0.0128
654.0000	  0.0131
653.5000	  0.0124
653.0000	  0.0121
652.5000	  0.0120
652.0000	  0.0124
651.5000	  0.0130
651.0000	  0.0127
650.5000	  0.0136
650.0000	  0.0127
649.5000	  0.0131
649.0000	  0.0129
648.5000	  0.0140
648.0000	  0.0146
647.5000	  0.0137
647.0000	  0.0131
646.5000	  0.0122
646.0000	  0.0143
645.5000	  0.0140
645.0000	  0.0138
644.5000	  0.0138
644.0000	  0.0136
643.5000	  0.0145
643.0000	  0.0149
642.5000	  0.0151
642.0000	  0.0137
641.5000	  0.0139
641.0000	  0.0153
640.5000	  0.0144
640.0000	  0.0144
639.5000	  0.0146
639.0000	  0.0150
638.5000	  0.0153
638.0000	  0.0145
637.5000	  0.0144
637.0000	  0.0153
636.5000	  0.0158
636.0000	  0.0158
635.5000	  0.0150
635.0000	  0.0158
634.5000	  0.0162
634.0000	  0.0165
633.5000	  0.0160
633.0000	  0.0164
632.5000	  0.0168
632.0000	  0.0173
631.5000	  0.0171
631.0000	  0.0170
630.5000	  0.0177
630.0000	  0.0182
629.5000	  0.0185
629.0000	  0.0173
628.5000	  0.0182
628.0000	  0.0188
627.5000	  0.0191
627.0000	  0.0189
626.5000	  0.0188
626.0000	  0.0184
625.5000	  0.0195
625.0000	  0.0196
624.5000	  0.0186
624.0000	  0.0195
623.5000	  0.0198
623.0000	  0.0190
622.5000	  0.0193
622.0000	  0.0193
621.5000	  0.0188
621.0000	  0.0196
620.5000	  0.0206
620.0000	  0.0208
619.5000	  0.0209
619.0000	  0.0202
618.5000	  0.0195
618.0000	  0.0186
617.5000	  0.0202
617.0000	  0.0207
616.5000	  0.0208
616.0000	  0.0196
615.5000	  0.0205
615.0000	  0.0194
614.5000	  0.0205
614.0000	  0.0208
613.5000	  0.0211
613.0000	  0.0206
612.5000	  0.0212
612.0000	  0.0219
611.5000	  0.0219
611.0000	  0.0220
610.5000	  0.0219
610.0000	  0.0227
609.5000	  0.0221
609.0000	  0.0236
608.5000	  0.0223
608.0000	  0.0212
607.5000	  0.0219
607.0000	  0.0230
606.5000	  0.0235
606.0000	  0.0230
605.5000	  0.0223
605.0000	  0.0232
604.5000	  0.0241
604.0000	  0.0235
603.5000	  0.0232
603.0000	  0.0226
602.5000	  0.0252
602.0000	  0.0250
601.5000	  0.0249
601.0000	  0.0238
600.5000	  0.0249
600.0000	  0.0258
599.5000	  0.0264
599.0000	  0.0254
598.5000	  0.0248
598.0000	  0.0262
597.5000	  0.0276
597.0000	  0.0261
596.5000	  0.0254
596.0000	  0.0263
595.5000	  0.0267
595.0000	  0.0276
594.5000	  0.0258
594.0000	  0.0273
593.5000	  0.0269
593.0000	  0.0276
592.5000	  0.0286
592.0000	  0.0287
591.5000	  0.0275
591.0000	  0.0278
590.5000	  0.0285
590.0000	  0.0293
589.5000	  0.0299
589.0000	  0.0288
588.5000	  0.0284
588.0000	  0.0287
587.5000	  0.0306
587.0000	  0.0302
586.5000	  0.0296
586.0000	  0.0291
585.5000	  0.0314
585.0000	  0.0320
584.5000	  0.0304
584.0000	  0.0302
583.5000	  0.0297
583.0000	  0.0313
582.5000	  0.0314
582.0000	  0.0322
581.5000	  0.0315
581.0000	  0.0329
580.5000	  0.0334
580.0000	  0.0331
579.5000	  0.0326
579.0000	  0.0338
578.5000	  0.0336
578.0000	  0.0344
577.5000	  0.0337
577.0000	  0.0347
576.5000	  0.0347
576.0000	  0.0350
575.5000	  0.0344
575.0000	  0.0339
574.5000	  0.0347
574.0000	  0.0350
573.5000	  0.0359
573.0000	  0.0345
572.5000	  0.0359
572.0000	  0.0363
571.5000	  0.0368
571.0000	  0.0366
570.5000	  0.0375
570.0000	  0.0376
569.5000	  0.0383
569.0000	  0.0382
568.5000	  0.0374
568.0000	  0.0395
567.5000	  0.0397
567.0000	  0.0390
566.5000	  0.0395
566.0000	  0.0409
565.5000	  0.0397
565.0000	  0.0395
564.5000	  0.0413
564.0000	  0.0416
563.5000	  0.0412
563.0000	  0.0407
562.5000	  0.0422
562.0000	  0.0421
561.5000	  0.0420
561.0000	  0.0426
560.5000	  0.0435
560.0000	  0.0435
559.5000	  0.0436
559.0000	  0.0443
558.5000	  0.0444
558.0000	  0.0441
557.5000	  0.0454
557.0000	  0.0452
556.5000	  0.0446
556.0000	  0.0456
555.5000	  0.0453
555.0000	  0.0466
554.5000	  0.0474
554.0000	  0.0474
553.5000	  0.0467
553.0000	  0.0482
552.5000	  0.0484
552.0000	  0.0482
551.5000	  0.0483
551.0000	  0.0499
550.5000	  0.0500
550.0000	  0.0494
549.5000	  0.0499
549.0000	  0.0508
548.5000	  0.0521
548.0000	  0.0507
547.5000	  0.0515
547.0000	  0.0521
546.5000	  0.0532
546.0000	  0.0528
545.5000	  0.0532
545.0000	  0.0536
544.5000	  0.0546
544.0000	  0.0544
543.5000	  0.0541
543.0000	  0.0553
542.5000	  0.0555
542.0000	  0.0560
541.5000	  0.0561
541.0000	  0.0567
540.5000	  0.0569
540.0000	  0.0583
539.5000	  0.0577
539.0000	  0.0582
538.5000	  0.0594
538.0000	  0.0595
537.5000	  0.0599
537.0000	  0.0598
536.5000	  0.0607
536.0000	  0.0611
535.5000	  0.0620
535.0000	  0.0620
534.5000	  0.0625
534.0000	  0.0636
533.5000	  0.0637
533.0000	  0.0634
532.5000	  0.0640
532.0000	  0.0653
531.5000	  0.0654
531.0000	  0.0657
530.5000	  0.0656
530.0000	  0.0670
529.5000	  0.0675
529.0000	  0.0677
528.5000	  0.0679
528.0000	  0.0684
527.5000	  0.0690
527.0000	  0.0700
526.5000	  0.0698
526.0000	  0.0703
525.5000	  0.0712
525.0000	  0.0722
524.5000	  0.0723
524.0000	  0.0725
523.5000	  0.0734
523.0000	  0.0735
522.5000	  0.0749
522.0000	  0.0742
521.5000	  0.0748
521.0000	  0.0755
520.5000	  0.0764
520.0000	  0.0762
519.5000	  0.0774
519.0000	  0.0781
518.5000	  0.0785
518.0000	  0.0782
517.5000	  0.0793
517.0000	  0.0803
516.5000	  0.0798
516.0000	  0.0807
515.5000	  0.0812
515.0000	  0.0819
514.5000	  0.0817
514.0000	  0.0833
513.5000	  0.0836
513.0000	  0.0835
512.5000	  0.0839
512.0000	  0.0851
511.5000	  0.0853
511.0000	  0.0854
510.5000	  0.0857
510.0000	  0.0871
509.5000	  0.0874
509.0000	  0.0871
508.5000	  0.0880
508.0000	  0.0883
507.5000	  0.0893
507.0000	  0.0891
506.5000	  0.0895
506.0000	  0.0898
505.5000	  0.0908
505.0000	  0.0915
504.5000	  0.0911
504.0000	  0.0912
503.5000	  0.0918
503.0000	  0.0932
502.5000	  0.0929
502.0000	  0.0928
501.5000	  0.0922
501.0000	  0.0931
500.5000	  0.0938
500.0000	  0.0939
499.5000	  0.0926
499.0000	  0.0934
498.5000	  0.0944
498.0000	  0.0947
497.5000	  0.0940
497.0000	  0.0938
496.5000	  0.0937
496.0000	  0.0942
495.5000	  0.0943
495.0000	  0.0934
494.5000	  0.0939
494.0000	  0.0946
493.5000	  0.0939
493.0000	  0.0926
492.5000	  0.0932
492.0000	  0.0941
491.5000	  0.0925
491.0000	  0.0910
490.5000	  0.0911
490.0000	  0.0920
489.5000	  0.0925
489.0000	  0.0912
488.5000	  0.0899
488.0000	  0.0911
487.5000	  0.0903
487.0000	  0.0894
486.5000	  0.0886
486.0000	  0.0897
485.5000	  0.0876
485.0000	  0.0878
484.5000	  0.0878
484.0000	  0.0871
483.5000	  0.0865
483.0000	  0.0860
482.5000	  0.0861
482.0000	  0.0845
481.5000	  0.0847
481.0000	  0.0846
480.5000	  0.0831
480.0000	  0.0821
479.5000	  0.0827
479.0000	  0.0827
478.5000	  0.0806
478.0000	  0.0808
477.5000	  0.0823
477.0000	  0.0797
476.5000	  0.0794
476.0000	  0.0788
475.5000	  0.0787
475.0000	  0.0778
474.5000	  0.0769
474.0000	  0.0788
473.5000	  0.0765
473.0000	  0.0759
472.5000	  0.0752
472.0000	  0.0760
471.5000	  0.0740
471.0000	  0.0741
470.5000	  0.0738
470.0000	  0.0751
469.5000	  0.0733
469.0000	  0.0727
468.5000	  0.0709
468.0000	  0.0720
467.5000	  0.0724
467.0000	  0.0717
466.5000	  0.0714
466.0000	  0.0690
465.5000	  0.0700
465.0000	  0.0702
464.5000	  0.0709
464.0000	  0.0671
463.5000	  0.0674
463.0000	  0.0673
462.5000	  0.0682
462.0000	  0.0658
461.5000	  0.0667
461.0000	  0.0673
460.5000	  0.0681
460.0000	  0.0659
459.5000	  0.0641
459.0000	  0.0645
458.5000	  0.0659
458.0000	  0.0612
457.5000	  0.0639
457.0000	  0.0654
456.5000	  0.0639
456.0000	  0.0628
455.5000	  0.0606
455.0000	  0.0605
454.5000	  0.0610
454.0000	  0.0605
453.5000	  0.0592
453.0000	  0.0593
452.5000	  0.0599
452.0000	  0.0568
451.5000	  0.0572
451.0000	  0.0582
450.5000	  0.0570
450.0000	  0.0535
449.5000	  0.0536
449.0000	  0.0542
448.5000	  0.0557
448.0000	  0.0539
447.5000	  0.0523
447.0000	  0.0535
446.5000	  0.0530
446.0000	  0.0535
445.5000	  0.0516
445.0000	  0.0521
444.5000	  0.0510
444.0000	  0.0518
443.5000	  0.0516
443.0000	  0.0519
442.5000	  0.0497
442.0000	  0.0505
441.5000	  0.0480
441.0000	  0.0524
440.5000	  0.0479
440.0000	  0.0472
439.5000	  0.0474
439.0000	  0.0481
438.5000	  0.0474
438.0000	  0.0472
437.5000	  0.0496
437.0000	  0.0491
436.5000	  0.0484
436.0000	  0.0466
435.5000	  0.0443
435.0000	  0.0472
434.5000	  0.0473
434.0000	  0.0483
433.5000	  0.0456
433.0000	  0.0448
432.5000	  0.0469
432.0000	  0.0458
431.5000	  0.0434
431.0000	  0.0446
430.5000	  0.0457
430.0000	  0.0455
429.5000	  0.0416
429.0000	  0.0431
428.5000	  0.0456
428.0000	  0.0447
427.5000	  0.0420
427.0000	  0.0419
426.5000	  0.0439
426.0000	  0.0442
425.5000	  0.0449
425.0000	  0.0405
424.5000	  0.0426
424.0000	  0.0426
423.5000	  0.0410
423.0000	  0.0422
422.5000	  0.0448
422.0000	  0.0410
421.5000	  0.0415
421.0000	  0.0395
420.5000	  0.0407
420.0000	  0.0422
419.5000	  0.0429
419.0000	  0.0387
418.5000	  0.0394
418.0000	  0.0402
417.5000	  0.0403
417.0000	  0.0405
416.5000	  0.0397
416.0000	  0.0409
415.5000	  0.0396
415.0000	  0.0418
414.5000	  0.0391
414.0000	  0.0374
413.5000	  0.0377
413.0000	  0.0403
412.5000	  0.0369
412.0000	  0.0373
411.5000	  0.0391
411.0000	  0.0377
410.5000	  0.0377
410.0000	  0.0379
409.5000	  0.0383
409.0000	  0.0380
408.5000	  0.0371
408.0000	  0.0372
407.5000	  0.0369
407.0000	  0.0346
406.5000	  0.0333
406.0000	  0.0368
405.5000	  0.0344
405.0000	  0.0356
404.5000	  0.0313
404.0000	  0.0361
403.5000	  0.0387
403.0000	  0.0356
402.5000	  0.0324
402.0000	  0.0373
401.5000	  0.0397
401.0000	  0.0331
400.5000	  0.0297
400.0000	  0.0365
399.5000	  0.0361
399.0000	  0.0321
398.5000	  0.0313
398.0000	  0.0319
397.5000	  0.0353
397.0000	  0.0314
396.5000	  0.0335
396.0000	  0.0300
395.5000	  0.0369
395.0000	  0.0343
394.5000	  0.0297
394.0000	  0.0295
393.5000	  0.0362
393.0000	  0.0344
392.5000	  0.0317
392.0000	  0.0319
391.5000	  0.0366
391.0000	  0.0347
390.5000	  0.0312
390.0000	  0.0333
389.5000	  0.0326
389.0000	  0.0360
388.5000	  0.0348
388.0000	  0.0270
387.5000	  0.0315
387.0000	  0.0370
386.5000	  0.0342
386.0000	  0.0275
385.5000	  0.0286
385.0000	  0.0370
384.5000	  0.0356
384.0000	  0.0286
383.5000	  0.0316
383.0000	  0.0313
382.5000	  0.0322
382.0000	  0.0313
381.5000	  0.0288
381.0000	  0.0312
380.5000	  0.0358
380.0000	  0.0273
379.5000	  0.0293
379.0000	  0.0254
378.5000	  0.0313
378.0000	  0.0266
377.5000	  0.0283
377.0000	  0.0258
376.5000	  0.0327
376.0000	  0.0280
375.5000	  0.0251
375.0000	  0.0302
374.5000	  0.0316
374.0000	  0.0332
373.5000	  0.0261
373.0000	  0.0336
372.5000	  0.0294
372.0000	  0.0207
371.5000	  0.0361
371.0000	  0.0355
370.5000	  0.0219
370.0000	  0.0284
369.5000	  0.0370
369.0000	  0.0348
368.5000	  0.0274
368.0000	  0.0282
367.5000	  0.0390
367.0000	  0.0346
366.5000	  0.0279
366.0000	  0.0161
365.5000	  0.0134
365.0000	  0.0263
364.5000	  0.0270
364.0000	  0.0222
363.5000	  0.0229
363.0000	  0.0332
362.5000	  0.0323
362.0000	  0.0381
361.5000	  0.0201
361.0000	  0.0291
360.5000	  0.0385
360.0000	  0.0170
359.5000	  0.0264
359.0000	  0.0381
358.5000	  0.0274
358.0000	  0.0104
357.5000	  0.0389
357.0000	  0.0345
356.5000	  0.0174
356.0000	  0.0291
355.5000	  0.0340
355.0000	  0.0277
354.5000	  0.0101
354.0000	  0.0204
353.5000	  0.0411
353.0000	  0.0318
352.5000	  0.0120
352.0000	  0.0323
351.5000	  0.0370
351.0000	  0.0293
350.5000	  0.0344
350.0000	  0.0250
