12/05/2023 15.19.43
12/05/2023 15.27.06

500.0000	 99.8800

500.0000	 99.8800

900.0000	 87.0000



  1.0000
900.0000
  3.0000
340.0000
  1.0000
1101.0000
  5.0000
  6.0000
  1.0000
  1.0000
  0.0000
  0.0000
100.0000
  0.0000
  1.0000
  0.0000
500.0000
900.0000
350.0000
  4.0000
  1.0000
 18.0000
  2.0000
  1.0000
255.0000
  0.7470
  1.0000
 30.0000
  4.0000
500.0000
  0.0000
  0.0000
  4.0000
900.0000
350.0000
  0.0000
100.0000
  0.0000
  1.0000
  0.0000
500.0000
  1.0000
  1.0000
  1.0000
  1.0000
  4.0000
  0.0000
  1.0000
  1.0000
  1.0000
  1.0000
  1.0000
  2.0000
  1.0000
  1.0000
  1.0000
  3.0000
  1.0000
  1.0000
  1.0000
  4.0000
  5.0000
443.766
0.000
900.0000	  1.1012
899.5000	  1.7932
899.0000	  1.3386
898.5000	  1.3439
898.0000	  0.7549
897.5000	  1.0235
897.0000	  1.2703
896.5000	  1.1546
896.0000	  0.6910
895.5000	  0.2515
895.0000	  0.8431
894.5000	  1.1276
894.0000	  0.9566
893.5000	  1.3195
893.0000	  1.0281
892.5000	  0.9025
892.0000	  0.9317
891.5000	  0.9439
891.0000	  0.9680
890.5000	  0.5788
890.0000	  0.9080
889.5000	  1.0645
889.0000	  0.9859
888.5000	  1.1592
888.0000	  0.7637
887.5000	  1.1945
887.0000	  1.0417
886.5000	  0.9526
886.0000	  1.1832
885.5000	  0.8715
885.0000	  1.0677
884.5000	  0.9719
884.0000	  1.0904
883.5000	  1.0643
883.0000	  1.1503
882.5000	  0.8741
882.0000	  1.0372
881.5000	  0.9425
881.0000	  0.8731
880.5000	  1.0068
880.0000	  0.9056
879.5000	  0.8085
879.0000	  0.9723
878.5000	  1.0274
878.0000	  0.9160
877.5000	  0.9781
877.0000	  1.0201
876.5000	  1.0280
876.0000	  0.9852
875.5000	  0.9285
875.0000	  0.9338
874.5000	  0.9148
874.0000	  0.8715
873.5000	  1.0273
873.0000	  0.9227
872.5000	  0.8320
872.0000	  0.9533
871.5000	  0.9027
871.0000	  0.8847
870.5000	  0.9662
870.0000	  0.9152
869.5000	  1.0444
869.0000	  0.9725
868.5000	  0.9144
868.0000	  0.9469
867.5000	  0.9370
867.0000	  0.9738
866.5000	  0.9214
866.0000	  0.9540
865.5000	  0.9477
865.0000	  0.9255
864.5000	  0.9490
864.0000	  0.9573
863.5000	  0.9522
863.0000	  0.9242
862.5000	  0.9634
862.0000	  0.9555
861.5000	  0.9343
861.0000	  0.9314
860.5000	  0.9590
860.0000	  0.9742
859.5000	  0.9632
859.0000	  0.9510
858.5000	  0.9595
858.0000	  0.9604
857.5000	  0.9701
857.0000	  0.9570
856.5000	  0.9485
856.0000	  0.9563
855.5000	  0.9694
855.0000	  0.9565
854.5000	  0.9594
854.0000	  0.9666
853.5000	  0.9687
853.0000	  0.9563
852.5000	  0.9697
852.0000	  0.9676
851.5000	  0.9709
851.0000	  0.9679
850.5000	  0.9622
850.0000	  0.9623
849.5000	  0.9602
849.0000	  0.9663
848.5000	  0.9675
848.0000	  0.9705
847.5000	  0.9791
847.0000	  0.9656
846.5000	  0.9660
846.0000	  0.9722
845.5000	  0.9708
845.0000	  0.9697
844.5000	  0.9723
844.0000	  0.9689
843.5000	  0.9700
843.0000	  0.9701
842.5000	  0.9712
842.0000	  0.9655
841.5000	  0.9719
841.0000	  0.9762
840.5000	  0.9716
840.0000	  0.9636
839.5000	  0.9706
839.0000	  0.9710
838.5000	  0.9726
838.0000	  0.9654
837.5000	  0.9667
837.0000	  0.9695
836.5000	  0.9671
836.0000	  0.9677
835.5000	  0.9664
835.0000	  0.9650
834.5000	  0.9685
834.0000	  0.9646
833.5000	  0.9620
833.0000	  0.9630
832.5000	  0.9636
832.0000	  0.9664
831.5000	  0.9607
831.0000	  0.9646
830.5000	  0.9628
830.0000	  0.9621
829.5000	  0.9617
829.0000	  0.9622
828.5000	  0.9635
828.0000	  0.9582
827.5000	  0.9577
827.0000	  0.9575
826.5000	  0.9562
826.0000	  0.9576
825.5000	  0.9584
825.0000	  0.9558
824.5000	  0.9569
824.0000	  0.9557
823.5000	  0.9577
823.0000	  0.9539
822.5000	  0.9556
822.0000	  0.9557
821.5000	  0.9552
821.0000	  0.9527
820.5000	  0.9534
820.0000	  0.9559
819.5000	  0.9537
819.0000	  0.9543
818.5000	  0.9556
818.0000	  0.9551
817.5000	  0.9512
817.0000	  0.9565
816.5000	  0.9524
816.0000	  0.9524
815.5000	  0.9537
815.0000	  0.9518
814.5000	  0.9513
814.0000	  0.9531
813.5000	  0.9531
813.0000	  0.9518
812.5000	  0.9529
812.0000	  0.9498
811.5000	  0.9531
811.0000	  0.9510
810.5000	  0.9525
810.0000	  0.9501
809.5000	  0.9513
809.0000	  0.9503
808.5000	  0.9511
808.0000	  0.9487
807.5000	  0.9523
807.0000	  0.9501
806.5000	  0.9513
806.0000	  0.9486
805.5000	  0.9517
805.0000	  0.9480
804.5000	  0.9469
804.0000	  0.9494
803.5000	  0.9508
803.0000	  0.9497
802.5000	  0.9509
802.0000	  0.9523
801.5000	  0.9503
801.0000	  0.9514
800.5000	  0.9519
800.0000	  0.9515
799.5000	  0.9506
799.0000	  0.9510
798.5000	  0.9506
798.0000	  0.9501
797.5000	  0.9513
797.0000	  0.9502
796.5000	  0.9516
796.0000	  0.9492
795.5000	  0.9483
795.0000	  0.9488
794.5000	  0.9488
794.0000	  0.9480
793.5000	  0.9514
793.0000	  0.9456
792.5000	  0.9510
792.0000	  0.9506
791.5000	  0.9497
791.0000	  0.9489
790.5000	  0.9474
790.0000	  0.9479
789.5000	  0.9477
789.0000	  0.9496
788.5000	  0.9491
788.0000	  0.9485
787.5000	  0.9497
787.0000	  0.9487
786.5000	  0.9497
786.0000	  0.9508
785.5000	  0.9506
785.0000	  0.9496
784.5000	  0.9485
784.0000	  0.9487
783.5000	  0.9500
783.0000	  0.9489
782.5000	  0.9500
782.0000	  0.9490
781.5000	  0.9475
781.0000	  0.9486
780.5000	  0.9519
780.0000	  0.9480
779.5000	  0.9495
779.0000	  0.9508
778.5000	  0.9492
778.0000	  0.9486
777.5000	  0.9467
777.0000	  0.9502
776.5000	  0.9473
776.0000	  0.9487
775.5000	  0.9497
775.0000	  0.9487
774.5000	  0.9490
774.0000	  0.9517
773.5000	  0.9490
773.0000	  0.9490
772.5000	  0.9511
772.0000	  0.9501
771.5000	  0.9467
771.0000	  0.9499
770.5000	  0.9497
770.0000	  0.9468
769.5000	  0.9501
769.0000	  0.9484
768.5000	  0.9512
768.0000	  0.9497
767.5000	  0.9517
767.0000	  0.9500
766.5000	  0.9478
766.0000	  0.9482
765.5000	  0.9509
765.0000	  0.9498
764.5000	  0.9512
764.0000	  0.9498
763.5000	  0.9499
763.0000	  0.9464
762.5000	  0.9485
762.0000	  0.9508
761.5000	  0.9491
761.0000	  0.9500
760.5000	  0.9497
760.0000	  0.9510
759.5000	  0.9483
759.0000	  0.9482
758.5000	  0.9497
758.0000	  0.9510
757.5000	  0.9500
757.0000	  0.9510
756.5000	  0.9484
756.0000	  0.9495
755.5000	  0.9501
755.0000	  0.9488
754.5000	  0.9503
754.0000	  0.9491
753.5000	  0.9500
753.0000	  0.9513
752.5000	  0.9484
752.0000	  0.9506
751.5000	  0.9493
751.0000	  0.9506
750.5000	  0.9511
750.0000	  0.9507
749.5000	  0.9517
749.0000	  0.9523
748.5000	  0.9522
748.0000	  0.9513
747.5000	  0.9500
747.0000	  0.9512
746.5000	  0.9529
746.0000	  0.9520
745.5000	  0.9510
745.0000	  0.9522
744.5000	  0.9525
744.0000	  0.9527
743.5000	  0.9527
743.0000	  0.9519
742.5000	  0.9530
742.0000	  0.9528
741.5000	  0.9518
741.0000	  0.9540
740.5000	  0.9528
740.0000	  0.9552
739.5000	  0.9546
739.0000	  0.9545
738.5000	  0.9547
738.0000	  0.9575
737.5000	  0.9564
737.0000	  0.9573
736.5000	  0.9546
736.0000	  0.9567
735.5000	  0.9550
735.0000	  0.9559
734.5000	  0.9586
734.0000	  0.9607
733.5000	  0.9601
733.0000	  0.9605
732.5000	  0.9617
732.0000	  0.9627
731.5000	  0.9612
731.0000	  0.9630
730.5000	  0.9646
730.0000	  0.9664
729.5000	  0.9652
729.0000	  0.9689
728.5000	  0.9700
728.0000	  0.9722
727.5000	  0.9722
727.0000	  0.9733
726.5000	  0.9772
726.0000	  0.9774
725.5000	  0.9789
725.0000	  0.9807
724.5000	  0.9848
724.0000	  0.9863
723.5000	  0.9901
723.0000	  0.9903
722.5000	  0.9937
722.0000	  0.9973
721.5000	  0.9995
721.0000	  1.0022
720.5000	  1.0059
720.0000	  1.0082
719.5000	  1.0122
719.0000	  1.0124
718.5000	  1.0123
718.0000	  1.0142
717.5000	  1.0160
717.0000	  1.0141
716.5000	  1.0121
716.0000	  1.0074
715.5000	  1.0061
715.0000	  1.0001
714.5000	  0.9956
714.0000	  0.9931
713.5000	  0.9868
713.0000	  0.9824
712.5000	  0.9812
712.0000	  0.9763
711.5000	  0.9758
711.0000	  0.9734
710.5000	  0.9694
710.0000	  0.9667
709.5000	  0.9648
709.0000	  0.9614
708.5000	  0.9590
708.0000	  0.9594
707.5000	  0.9555
707.0000	  0.9565
706.5000	  0.9550
706.0000	  0.9553
705.5000	  0.9563
705.0000	  0.9565
704.5000	  0.9538
704.0000	  0.9558
703.5000	  0.9557
703.0000	  0.9566
702.5000	  0.9549
702.0000	  0.9543
701.5000	  0.9549
701.0000	  0.9570
700.5000	  0.9544
700.0000	  0.9554
699.5000	  0.9545
699.0000	  0.9545
698.5000	  0.9537
698.0000	  0.9549
697.5000	  0.9544
697.0000	  0.9538
696.5000	  0.9539
696.0000	  0.9551
695.5000	  0.9553
695.0000	  0.9540
694.5000	  0.9531
694.0000	  0.9521
693.5000	  0.9550
693.0000	  0.9530
692.5000	  0.9542
692.0000	  0.9502
691.5000	  0.9527
691.0000	  0.9513
690.5000	  0.9538
690.0000	  0.9517
689.5000	  0.9523
689.0000	  0.9523
688.5000	  0.9518
688.0000	  0.9503
687.5000	  0.9526
687.0000	  0.9511
686.5000	  0.9520
686.0000	  0.9514
685.5000	  0.9521
685.0000	  0.9510
684.5000	  0.9532
684.0000	  0.9495
683.5000	  0.9513
683.0000	  0.9508
682.5000	  0.9495
682.0000	  0.9495
681.5000	  0.9512
681.0000	  0.9518
680.5000	  0.9499
680.0000	  0.9502
679.5000	  0.9500
679.0000	  0.9497
678.5000	  0.9499
678.0000	  0.9504
677.5000	  0.9482
677.0000	  0.9505
676.5000	  0.9494
676.0000	  0.9519
675.5000	  0.9488
675.0000	  0.9491
674.5000	  0.9504
674.0000	  0.9489
673.5000	  0.9477
673.0000	  0.9490
672.5000	  0.9491
672.0000	  0.9483
671.5000	  0.9466
671.0000	  0.9486
670.5000	  0.9486
670.0000	  0.9495
669.5000	  0.9482
669.0000	  0.9485
668.5000	  0.9495
668.0000	  0.9477
667.5000	  0.9485
667.0000	  0.9476
666.5000	  0.9481
666.0000	  0.9472
665.5000	  0.9484
665.0000	  0.9479
664.5000	  0.9487
664.0000	  0.9459
663.5000	  0.9486
663.0000	  0.9453
662.5000	  0.9478
662.0000	  0.9493
661.5000	  0.9479
661.0000	  0.9448
660.5000	  0.9451
660.0000	  0.9454
659.5000	  0.9460
659.0000	  0.9454
658.5000	  0.9457
658.0000	  0.9487
657.5000	  0.9465
657.0000	  0.9447
656.5000	  0.9434
656.0000	  0.9465
655.5000	  0.9457
655.0000	  0.9449
654.5000	  0.9433
654.0000	  0.9454
653.5000	  0.9444
653.0000	  0.9462
652.5000	  0.9426
652.0000	  0.9438
651.5000	  0.9440
651.0000	  0.9445
650.5000	  0.9414
650.0000	  0.9413
649.5000	  0.9433
649.0000	  0.9432
648.5000	  0.9420
648.0000	  0.9415
647.5000	  0.9413
647.0000	  0.9402
646.5000	  0.9397
646.0000	  0.9396
645.5000	  0.9406
645.0000	  0.9395
644.5000	  0.9383
644.0000	  0.9377
643.5000	  0.9374
643.0000	  0.9374
642.5000	  0.9369
642.0000	  0.9349
641.5000	  0.9348
641.0000	  0.9345
640.5000	  0.9344
640.0000	  0.9308
639.5000	  0.9315
639.0000	  0.9303
638.5000	  0.9294
638.0000	  0.9272
637.5000	  0.9273
637.0000	  0.9261
636.5000	  0.9246
636.0000	  0.9243
635.5000	  0.9212
635.0000	  0.9197
634.5000	  0.9176
634.0000	  0.9173
633.5000	  0.9146
633.0000	  0.9145
632.5000	  0.9136
632.0000	  0.9134
631.5000	  0.9114
631.0000	  0.9108
630.5000	  0.9125
630.0000	  0.9139
629.5000	  0.9128
629.0000	  0.9155
628.5000	  0.9181
628.0000	  0.9197
627.5000	  0.9220
627.0000	  0.9248
626.5000	  0.9283
626.0000	  0.9309
625.5000	  0.9361
625.0000	  0.9372
624.5000	  0.9420
624.0000	  0.9442
623.5000	  0.9480
623.0000	  0.9479
622.5000	  0.9534
622.0000	  0.9550
621.5000	  0.9585
621.0000	  0.9580
620.5000	  0.9612
620.0000	  0.9628
619.5000	  0.9632
619.0000	  0.9636
618.5000	  0.9652
618.0000	  0.9668
617.5000	  0.9666
617.0000	  0.9640
616.5000	  0.9650
616.0000	  0.9660
615.5000	  0.9633
615.0000	  0.9623
614.5000	  0.9609
614.0000	  0.9632
613.5000	  0.9622
613.0000	  0.9646
612.5000	  0.9620
612.0000	  0.9625
611.5000	  0.9620
611.0000	  0.9631
610.5000	  0.9619
610.0000	  0.9627
609.5000	  0.9618
609.0000	  0.9638
608.5000	  0.9620
608.0000	  0.9616
607.5000	  0.9621
607.0000	  0.9642
606.5000	  0.9619
606.0000	  0.9622
605.5000	  0.9636
605.0000	  0.9638
604.5000	  0.9630
604.0000	  0.9640
603.5000	  0.9636
603.0000	  0.9622
602.5000	  0.9656
602.0000	  0.9650
601.5000	  0.9650
601.0000	  0.9654
600.5000	  0.9657
600.0000	  0.9646
599.5000	  0.9665
599.0000	  0.9646
598.5000	  0.9671
598.0000	  0.9655
597.5000	  0.9668
597.0000	  0.9662
596.5000	  0.9668
596.0000	  0.9668
595.5000	  0.9656
595.0000	  0.9658
594.5000	  0.9656
594.0000	  0.9663
593.5000	  0.9676
593.0000	  0.9673
592.5000	  0.9675
592.0000	  0.9680
591.5000	  0.9671
591.0000	  0.9701
590.5000	  0.9680
590.0000	  0.9693
589.5000	  0.9683
589.0000	  0.9686
588.5000	  0.9684
588.0000	  0.9682
587.5000	  0.9678
587.0000	  0.9688
586.5000	  0.9691
586.0000	  0.9701
585.5000	  0.9702
585.0000	  0.9690
584.5000	  0.9702
584.0000	  0.9699
583.5000	  0.9692
583.0000	  0.9695
582.5000	  0.9720
582.0000	  0.9735
581.5000	  0.9701
581.0000	  0.9721
580.5000	  0.9710
580.0000	  0.9721
579.5000	  0.9720
579.0000	  0.9729
578.5000	  0.9727
578.0000	  0.9724
577.5000	  0.9729
577.0000	  0.9728
576.5000	  0.9741
576.0000	  0.9725
575.5000	  0.9746
575.0000	  0.9725
574.5000	  0.9729
574.0000	  0.9732
573.5000	  0.9745
573.0000	  0.9743
572.5000	  0.9747
572.0000	  0.9756
571.5000	  0.9753
571.0000	  0.9746
570.5000	  0.9745
570.0000	  0.9757
569.5000	  0.9762
569.0000	  0.9751
568.5000	  0.9758
568.0000	  0.9777
567.5000	  0.9749
567.0000	  0.9774
566.5000	  0.9766
566.0000	  0.9781
565.5000	  0.9765
565.0000	  0.9782
564.5000	  0.9774
564.0000	  0.9767
563.5000	  0.9772
563.0000	  0.9794
562.5000	  0.9790
562.0000	  0.9792
561.5000	  0.9795
561.0000	  0.9802
560.5000	  0.9785
560.0000	  0.9726
559.5000	  0.9736
559.0000	  0.9735
558.5000	  0.9725
558.0000	  0.9725
557.5000	  0.9739
557.0000	  0.9741
556.5000	  0.9738
556.0000	  0.9735
555.5000	  0.9747
555.0000	  0.9740
554.5000	  0.9761
554.0000	  0.9741
553.5000	  0.9749
553.0000	  0.9755
552.5000	  0.9765
552.0000	  0.9743
551.5000	  0.9762
551.0000	  0.9760
550.5000	  0.9770
550.0000	  0.9767
549.5000	  0.9760
549.0000	  0.9780
548.5000	  0.9768
548.0000	  0.9776
547.5000	  0.9773
547.0000	  0.9775
546.5000	  0.9781
546.0000	  0.9799
545.5000	  0.9768
545.0000	  0.9781
544.5000	  0.9789
544.0000	  0.9795
543.5000	  0.9784
543.0000	  0.9797
542.5000	  0.9795
542.0000	  0.9803
541.5000	  0.9808
541.0000	  0.9803
540.5000	  0.9815
540.0000	  0.9801
539.5000	  0.9814
539.0000	  0.9810
538.5000	  0.9810
538.0000	  0.9808
537.5000	  0.9825
537.0000	  0.9807
536.5000	  0.9818
536.0000	  0.9818
535.5000	  0.9825
535.0000	  0.9813
534.5000	  0.9807
534.0000	  0.9830
533.5000	  0.9810
533.0000	  0.9820
532.5000	  0.9807
532.0000	  0.9838
531.5000	  0.9824
531.0000	  0.9842
530.5000	  0.9829
530.0000	  0.9845
529.5000	  0.9823
529.0000	  0.9843
528.5000	  0.9819
528.0000	  0.9833
527.5000	  0.9838
527.0000	  0.9828
526.5000	  0.9823
526.0000	  0.9825
525.5000	  0.9834
525.0000	  0.9813
524.5000	  0.9838
524.0000	  0.9824
523.5000	  0.9829
523.0000	  0.9826
522.5000	  0.9840
522.0000	  0.9823
521.5000	  0.9824
521.0000	  0.9829
520.5000	  0.9827
520.0000	  0.9815
519.5000	  0.9809
519.0000	  0.9820
518.5000	  0.9808
518.0000	  0.9801
517.5000	  0.9795
517.0000	  0.9796
516.5000	  0.9778
516.0000	  0.9796
515.5000	  0.9777
515.0000	  0.9776
514.5000	  0.9779
514.0000	  0.9777
513.5000	  0.9742
513.0000	  0.9757
512.5000	  0.9749
512.0000	  0.9744
511.5000	  0.9730
511.0000	  0.9727
510.5000	  0.9735
510.0000	  0.9726
509.5000	  0.9739
509.0000	  0.9735
508.5000	  0.9748
508.0000	  0.9747
507.5000	  0.9776
507.0000	  0.9757
506.5000	  0.9777
506.0000	  0.9788
505.5000	  0.9812
505.0000	  0.9811
504.5000	  0.9837
504.0000	  0.9860
503.5000	  0.9875
503.0000	  0.9906
502.5000	  0.9919
502.0000	  0.9937
501.5000	  0.9958
501.0000	  0.9980
500.5000	  0.9997
500.0000	  1.0027
499.5000	  1.0029
499.0000	  1.0075
498.5000	  1.0070
498.0000	  1.0081
497.5000	  1.0115
497.0000	  1.0132
496.5000	  1.0127
496.0000	  1.0146
495.5000	  1.0175
495.0000	  1.0173
494.5000	  1.0206
494.0000	  1.0199
493.5000	  1.0207
493.0000	  1.0201
492.5000	  1.0231
492.0000	  1.0243
491.5000	  1.0244
491.0000	  1.0254
490.5000	  1.0284
490.0000	  1.0262
489.5000	  1.0288
489.0000	  1.0304
488.5000	  1.0282
488.0000	  1.0295
487.5000	  1.0308
487.0000	  1.0303
486.5000	  1.0294
486.0000	  1.0293
485.5000	  1.0281
485.0000	  1.0310
484.5000	  1.0307
484.0000	  1.0330
483.5000	  1.0315
483.0000	  1.0333
482.5000	  1.0341
482.0000	  1.0369
481.5000	  1.0340
481.0000	  1.0355
480.5000	  1.0378
480.0000	  1.0387
479.5000	  1.0393
479.0000	  1.0406
478.5000	  1.0430
478.0000	  1.0426
477.5000	  1.0447
477.0000	  1.0440
476.5000	  1.0452
476.0000	  1.0465
475.5000	  1.0484
475.0000	  1.0478
474.5000	  1.0500
474.0000	  1.0510
473.5000	  1.0544
473.0000	  1.0535
472.5000	  1.0558
472.0000	  1.0584
471.5000	  1.0576
471.0000	  1.0590
470.5000	  1.0613
470.0000	  1.0638
469.5000	  1.0642
469.0000	  1.0657
468.5000	  1.0660
468.0000	  1.0700
467.5000	  1.0712
467.0000	  1.0741
466.5000	  1.0746
466.0000	  1.0773
465.5000	  1.0810
465.0000	  1.0842
464.5000	  1.0832
464.0000	  1.0836
463.5000	  1.0857
463.0000	  1.0877
462.5000	  1.0893
462.0000	  1.0930
461.5000	  1.0941
461.0000	  1.0921
460.5000	  1.0963
460.0000	  1.0941
459.5000	  1.0985
459.0000	  1.0983
458.5000	  1.1024
458.0000	  1.0986
457.5000	  1.1024
457.0000	  1.1011
456.5000	  1.1035
456.0000	  1.1010
455.5000	  1.1014
455.0000	  1.0999
454.5000	  1.1008
454.0000	  1.0974
453.5000	  1.0957
453.0000	  1.0930
452.5000	  1.0924
452.0000	  1.0951
451.5000	  1.0912
451.0000	  1.0871
450.5000	  1.0845
450.0000	  1.0867
449.5000	  1.0815
449.0000	  1.0814
448.5000	  1.0811
448.0000	  1.0770
447.5000	  1.0731
447.0000	  1.0762
446.5000	  1.0742
446.0000	  1.0724
445.5000	  1.0738
445.0000	  1.0706
444.5000	  1.0695
444.0000	  1.0690
443.5000	  1.0688
443.0000	  1.0667
442.5000	  1.0672
442.0000	  1.0670
441.5000	  1.0676
441.0000	  1.0661
440.5000	  1.0645
440.0000	  1.0656
439.5000	  1.0639
439.0000	  1.0634
438.5000	  1.0632
438.0000	  1.0643
437.5000	  1.0643
437.0000	  1.0670
436.5000	  1.0622
436.0000	  1.0644
435.5000	  1.0626
435.0000	  1.0650
434.5000	  1.0659
434.0000	  1.0648
433.5000	  1.0620
433.0000	  1.0653
432.5000	  1.0633
432.0000	  1.0631
431.5000	  1.0658
431.0000	  1.0650
430.5000	  1.0661
430.0000	  1.0661
429.5000	  1.0687
429.0000	  1.0663
428.5000	  1.0687
428.0000	  1.0677
427.5000	  1.0685
427.0000	  1.0698
426.5000	  1.0713
426.0000	  1.0696
425.5000	  1.0689
425.0000	  1.0721
424.5000	  1.0706
424.0000	  1.0711
423.5000	  1.0736
423.0000	  1.0745
422.5000	  1.0749
422.0000	  1.0752
421.5000	  1.0762
421.0000	  1.0746
420.5000	  1.0791
420.0000	  1.0794
419.5000	  1.0756
419.0000	  1.0790
418.5000	  1.0796
418.0000	  1.0839
417.5000	  1.0819
417.0000	  1.0802
416.5000	  1.0826
416.0000	  1.0839
415.5000	  1.0819
415.0000	  1.0852
414.5000	  1.0846
414.0000	  1.0850
413.5000	  1.0851
413.0000	  1.0830
412.5000	  1.0878
412.0000	  1.0869
411.5000	  1.0914
411.0000	  1.0895
410.5000	  1.0898
410.0000	  1.0897
409.5000	  1.0935
409.0000	  1.0901
408.5000	  1.0897
408.0000	  1.0924
407.5000	  1.0950
407.0000	  1.0939
406.5000	  1.0912
406.0000	  1.0962
405.5000	  1.0973
405.0000	  1.0955
404.5000	  1.0955
404.0000	  1.0979
403.5000	  1.0972
403.0000	  1.0971
402.5000	  1.0938
402.0000	  1.0963
401.5000	  1.0970
401.0000	  1.0952
400.5000	  1.0964
400.0000	  1.1006
399.5000	  1.0994
399.0000	  1.0977
398.5000	  1.0991
398.0000	  1.1029
397.5000	  1.1009
397.0000	  1.0999
396.5000	  1.0992
396.0000	  1.1029
395.5000	  1.1031
395.0000	  1.1070
394.5000	  1.1044
394.0000	  1.1007
393.5000	  1.1078
393.0000	  1.1075
392.5000	  1.1034
392.0000	  1.1106
391.5000	  1.1103
391.0000	  1.1112
390.5000	  1.1093
390.0000	  1.1106
389.5000	  1.1143
389.0000	  1.1156
388.5000	  1.1144
388.0000	  1.1197
387.5000	  1.1238
387.0000	  1.1266
386.5000	  1.1222
386.0000	  1.1222
385.5000	  1.1300
385.0000	  1.1342
384.5000	  1.1285
384.0000	  1.1327
383.5000	  1.1406
383.0000	  1.1351
382.5000	  1.1391
382.0000	  1.1348
381.5000	  1.1446
381.0000	  1.1418
380.5000	  1.1436
380.0000	  1.1445
379.5000	  1.1479
379.0000	  1.1426
378.5000	  1.1452
378.0000	  1.1452
377.5000	  1.1511
377.0000	  1.1506
376.5000	  1.1511
376.0000	  1.1461
375.5000	  1.1513
375.0000	  1.1582
374.5000	  1.1560
374.0000	  1.1544
373.5000	  1.1589
373.0000	  1.1580
372.5000	  1.1569
372.0000	  1.1587
371.5000	  1.1554
371.0000	  1.1601
370.5000	  1.1625
370.0000	  1.1643
369.5000	  1.1602
369.0000	  1.1642
368.5000	  1.1696
368.0000	  1.1619
367.5000	  1.1580
367.0000	  1.1665
366.5000	  1.1686
366.0000	  1.1681
365.5000	  1.1723
365.0000	  1.1809
364.5000	  1.1690
364.0000	  1.1691
363.5000	  1.1764
363.0000	  1.1705
362.5000	  1.1783
362.0000	  1.1765
361.5000	  1.1756
361.0000	  1.1797
360.5000	  1.1785
360.0000	  1.1805
359.5000	  1.1755
359.0000	  1.1782
358.5000	  1.1829
358.0000	  1.1773
357.5000	  1.1842
357.0000	  1.1870
356.5000	  1.1901
356.0000	  1.1865
355.5000	  1.1832
355.0000	  1.1871
354.5000	  1.1940
354.0000	  1.1999
353.5000	  1.1889
353.0000	  1.1987
352.5000	  1.1987
352.0000	  1.1977
351.5000	  1.1958
351.0000	  1.2016
350.5000	  1.1983
350.0000	  1.2099
