12/05/2023 16.52.34
12/05/2023 16.59.55

900.0000	  1.4400

900.0000	  1.4400

900.0000	  1.8300



  1.0000
900.0000
  3.0000
340.0000
  1.0000
1101.0000
  5.0000
  6.0000
  1.0000
  1.0000
  0.0000
  0.0000
100.0000
  0.0000
  1.0000
  0.0000
500.0000
900.0000
350.0000
  4.0000
  1.0000
 18.0000
  2.0000
  1.0000
255.0000
  0.7470
  1.0000
 30.0000
  4.0000
500.0000
  0.0000
  0.0000
  4.0000
900.0000
350.0000
  0.0000
100.0000
  0.0000
  1.0000
  0.0000
500.0000
  1.0000
  1.0000
  1.0000
  1.0000
  4.0000
  0.0000
  1.0000
  1.0000
  1.0000
  1.0000
  1.0000
  2.0000
  1.0000
  1.0000
  1.0000
  3.0000
  1.0000
  1.0000
  1.0000
  4.0000
  5.0000
440.493
0.000
900.0000	 -0.0656
899.5000	  0.0233
899.0000	  0.0529
898.5000	  0.1618
898.0000	  0.1428
897.5000	 -0.0343
897.0000	 -0.0148
896.5000	  0.0380
896.0000	  0.0867
895.5000	  0.0082
895.0000	  0.1114
894.5000	 -0.0062
894.0000	 -0.0428
893.5000	  0.0846
893.0000	  0.0076
892.5000	  0.0167
892.0000	  0.0447
891.5000	  0.0448
891.0000	  0.0668
890.5000	 -0.0151
890.0000	  0.0119
889.5000	  0.0320
889.0000	  0.0459
888.5000	 -0.0390
888.0000	  0.0084
887.5000	  0.0455
887.0000	  0.0693
886.5000	  0.0398
886.0000	  0.0289
885.5000	  0.0081
885.0000	  0.0038
884.5000	  0.0137
884.0000	  0.0313
883.5000	  0.0318
883.0000	  0.0282
882.5000	 -0.0124
882.0000	 -0.0118
881.5000	  0.0313
881.0000	  0.0383
880.5000	 -0.0097
880.0000	  0.0120
879.5000	 -0.0039
879.0000	  0.0012
878.5000	  0.0259
878.0000	  0.0101
877.5000	  0.0105
877.0000	  0.0125
876.5000	 -0.0028
876.0000	  0.0097
875.5000	  0.0170
875.0000	  0.0223
874.5000	  0.0083
874.0000	  0.0091
873.5000	  0.0044
873.0000	  0.0205
872.5000	  0.0104
872.0000	  0.0175
871.5000	  0.0156
871.0000	  0.0161
870.5000	  0.0106
870.0000	  0.0059
869.5000	  0.0149
869.0000	  0.0136
868.5000	  0.0166
868.0000	  0.0112
867.5000	  0.0138
867.0000	  0.0114
866.5000	  0.0130
866.0000	  0.0106
865.5000	  0.0159
865.0000	  0.0142
864.5000	  0.0120
864.0000	  0.0129
863.5000	  0.0149
863.0000	  0.0189
862.5000	  0.0122
862.0000	  0.0134
861.5000	  0.0170
861.0000	  0.0154
860.5000	  0.0135
860.0000	  0.0121
859.5000	  0.0165
859.0000	  0.0140
858.5000	  0.0126
858.0000	  0.0106
857.5000	  0.0142
857.0000	  0.0140
856.5000	  0.0135
856.0000	  0.0140
855.5000	  0.0129
855.0000	  0.0139
854.5000	  0.0134
854.0000	  0.0149
853.5000	  0.0146
853.0000	  0.0139
852.5000	  0.0142
852.0000	  0.0120
851.5000	  0.0151
851.0000	  0.0133
850.5000	  0.0143
850.0000	  0.0158
849.5000	  0.0150
849.0000	  0.0149
848.5000	  0.0151
848.0000	  0.0152
847.5000	  0.0147
847.0000	  0.0153
846.5000	  0.0147
846.0000	  0.0144
845.5000	  0.0150
845.0000	  0.0150
844.5000	  0.0145
844.0000	  0.0155
843.5000	  0.0153
843.0000	  0.0147
842.5000	  0.0160
842.0000	  0.0159
841.5000	  0.0150
841.0000	  0.0154
840.5000	  0.0161
840.0000	  0.0157
839.5000	  0.0155
839.0000	  0.0155
838.5000	  0.0148
838.0000	  0.0154
837.5000	  0.0153
837.0000	  0.0148
836.5000	  0.0155
836.0000	  0.0155
835.5000	  0.0151
835.0000	  0.0153
834.5000	  0.0154
834.0000	  0.0154
833.5000	  0.0152
833.0000	  0.0152
832.5000	  0.0154
832.0000	  0.0151
831.5000	  0.0154
831.0000	  0.0153
830.5000	  0.0154
830.0000	  0.0150
829.5000	  0.0154
829.0000	  0.0153
828.5000	  0.0154
828.0000	  0.0152
827.5000	  0.0152
827.0000	  0.0153
826.5000	  0.0153
826.0000	  0.0153
825.5000	  0.0152
825.0000	  0.0153
824.5000	  0.0151
824.0000	  0.0155
823.5000	  0.0156
823.0000	  0.0152
822.5000	  0.0155
822.0000	  0.0154
821.5000	  0.0154
821.0000	  0.0154
820.5000	  0.0154
820.0000	  0.0155
819.5000	  0.0153
819.0000	  0.0157
818.5000	  0.0151
818.0000	  0.0154
817.5000	  0.0153
817.0000	  0.0155
816.5000	  0.0157
816.0000	  0.0155
815.5000	  0.0155
815.0000	  0.0155
814.5000	  0.0154
814.0000	  0.0153
813.5000	  0.0155
813.0000	  0.0156
812.5000	  0.0154
812.0000	  0.0156
811.5000	  0.0157
811.0000	  0.0153
810.5000	  0.0159
810.0000	  0.0156
809.5000	  0.0156
809.0000	  0.0155
808.5000	  0.0155
808.0000	  0.0158
807.5000	  0.0155
807.0000	  0.0155
806.5000	  0.0155
806.0000	  0.0156
805.5000	  0.0156
805.0000	  0.0154
804.5000	  0.0157
804.0000	  0.0157
803.5000	  0.0158
803.0000	  0.0158
802.5000	  0.0157
802.0000	  0.0160
801.5000	  0.0160
801.0000	  0.0161
800.5000	  0.0156
800.0000	  0.0157
799.5000	  0.0158
799.0000	  0.0157
798.5000	  0.0155
798.0000	  0.0158
797.5000	  0.0158
797.0000	  0.0158
796.5000	  0.0158
796.0000	  0.0157
795.5000	  0.0158
795.0000	  0.0158
794.5000	  0.0158
794.0000	  0.0159
793.5000	  0.0159
793.0000	  0.0159
792.5000	  0.0159
792.0000	  0.0158
791.5000	  0.0159
791.0000	  0.0158
790.5000	  0.0158
790.0000	  0.0160
789.5000	  0.0160
789.0000	  0.0159
788.5000	  0.0162
788.0000	  0.0160
787.5000	  0.0161
787.0000	  0.0159
786.5000	  0.0161
786.0000	  0.0160
785.5000	  0.0161
785.0000	  0.0159
784.5000	  0.0161
784.0000	  0.0162
783.5000	  0.0162
783.0000	  0.0159
782.5000	  0.0164
782.0000	  0.0161
781.5000	  0.0163
781.0000	  0.0163
780.5000	  0.0163
780.0000	  0.0165
779.5000	  0.0163
779.0000	  0.0162
778.5000	  0.0164
778.0000	  0.0164
777.5000	  0.0163
777.0000	  0.0162
776.5000	  0.0164
776.0000	  0.0161
775.5000	  0.0164
775.0000	  0.0164
774.5000	  0.0164
774.0000	  0.0166
773.5000	  0.0163
773.0000	  0.0165
772.5000	  0.0166
772.0000	  0.0164
771.5000	  0.0163
771.0000	  0.0166
770.5000	  0.0166
770.0000	  0.0166
769.5000	  0.0163
769.0000	  0.0165
768.5000	  0.0166
768.0000	  0.0166
767.5000	  0.0166
767.0000	  0.0165
766.5000	  0.0166
766.0000	  0.0168
765.5000	  0.0168
765.0000	  0.0167
764.5000	  0.0166
764.0000	  0.0166
763.5000	  0.0166
763.0000	  0.0168
762.5000	  0.0166
762.0000	  0.0168
761.5000	  0.0168
761.0000	  0.0166
760.5000	  0.0169
760.0000	  0.0168
759.5000	  0.0167
759.0000	  0.0168
758.5000	  0.0169
758.0000	  0.0169
757.5000	  0.0169
757.0000	  0.0169
756.5000	  0.0170
756.0000	  0.0168
755.5000	  0.0169
755.0000	  0.0172
754.5000	  0.0172
754.0000	  0.0171
753.5000	  0.0172
753.0000	  0.0171
752.5000	  0.0172
752.0000	  0.0171
751.5000	  0.0171
751.0000	  0.0172
750.5000	  0.0171
750.0000	  0.0173
749.5000	  0.0174
749.0000	  0.0174
748.5000	  0.0171
748.0000	  0.0172
747.5000	  0.0173
747.0000	  0.0173
746.5000	  0.0175
746.0000	  0.0173
745.5000	  0.0175
745.0000	  0.0174
744.5000	  0.0173
744.0000	  0.0173
743.5000	  0.0176
743.0000	  0.0174
742.5000	  0.0176
742.0000	  0.0176
741.5000	  0.0176
741.0000	  0.0175
740.5000	  0.0177
740.0000	  0.0178
739.5000	  0.0175
739.0000	  0.0176
738.5000	  0.0180
738.0000	  0.0176
737.5000	  0.0177
737.0000	  0.0180
736.5000	  0.0177
736.0000	  0.0179
735.5000	  0.0179
735.0000	  0.0181
734.5000	  0.0179
734.0000	  0.0180
733.5000	  0.0179
733.0000	  0.0181
732.5000	  0.0181
732.0000	  0.0180
731.5000	  0.0181
731.0000	  0.0183
730.5000	  0.0184
730.0000	  0.0184
729.5000	  0.0183
729.0000	  0.0184
728.5000	  0.0184
728.0000	  0.0185
727.5000	  0.0184
727.0000	  0.0187
726.5000	  0.0186
726.0000	  0.0186
725.5000	  0.0188
725.0000	  0.0187
724.5000	  0.0190
724.0000	  0.0188
723.5000	  0.0192
723.0000	  0.0192
722.5000	  0.0191
722.0000	  0.0192
721.5000	  0.0192
721.0000	  0.0194
720.5000	  0.0195
720.0000	  0.0195
719.5000	  0.0196
719.0000	  0.0195
718.5000	  0.0199
718.0000	  0.0198
717.5000	  0.0199
717.0000	  0.0196
716.5000	  0.0195
716.0000	  0.0198
715.5000	  0.0195
715.0000	  0.0194
714.5000	  0.0197
714.0000	  0.0195
713.5000	  0.0194
713.0000	  0.0195
712.5000	  0.0194
712.0000	  0.0193
711.5000	  0.0193
711.0000	  0.0193
710.5000	  0.0193
710.0000	  0.0195
709.5000	  0.0194
709.0000	  0.0194
708.5000	  0.0195
708.0000	  0.0195
707.5000	  0.0196
707.0000	  0.0194
706.5000	  0.0197
706.0000	  0.0197
705.5000	  0.0197
705.0000	  0.0198
704.5000	  0.0198
704.0000	  0.0198
703.5000	  0.0200
703.0000	  0.0199
702.5000	  0.0201
702.0000	  0.0200
701.5000	  0.0201
701.0000	  0.0200
700.5000	  0.0201
700.0000	  0.0200
699.5000	  0.0202
699.0000	  0.0203
698.5000	  0.0204
698.0000	  0.0204
697.5000	  0.0202
697.0000	  0.0204
696.5000	  0.0206
696.0000	  0.0204
695.5000	  0.0205
695.0000	  0.0206
694.5000	  0.0205
694.0000	  0.0206
693.5000	  0.0208
693.0000	  0.0207
692.5000	  0.0209
692.0000	  0.0209
691.5000	  0.0210
691.0000	  0.0210
690.5000	  0.0209
690.0000	  0.0212
689.5000	  0.0212
689.0000	  0.0212
688.5000	  0.0211
688.0000	  0.0212
687.5000	  0.0214
687.0000	  0.0214
686.5000	  0.0213
686.0000	  0.0216
685.5000	  0.0216
685.0000	  0.0217
684.5000	  0.0218
684.0000	  0.0218
683.5000	  0.0219
683.0000	  0.0217
682.5000	  0.0219
682.0000	  0.0221
681.5000	  0.0220
681.0000	  0.0222
680.5000	  0.0223
680.0000	  0.0223
679.5000	  0.0223
679.0000	  0.0224
678.5000	  0.0226
678.0000	  0.0225
677.5000	  0.0226
677.0000	  0.0226
676.5000	  0.0227
676.0000	  0.0228
675.5000	  0.0229
675.0000	  0.0230
674.5000	  0.0232
674.0000	  0.0232
673.5000	  0.0232
673.0000	  0.0233
672.5000	  0.0234
672.0000	  0.0234
671.5000	  0.0234
671.0000	  0.0234
670.5000	  0.0235
670.0000	  0.0238
669.5000	  0.0240
669.0000	  0.0238
668.5000	  0.0239
668.0000	  0.0241
667.5000	  0.0240
667.0000	  0.0243
666.5000	  0.0243
666.0000	  0.0244
665.5000	  0.0245
665.0000	  0.0245
664.5000	  0.0245
664.0000	  0.0247
663.5000	  0.0247
663.0000	  0.0249
662.5000	  0.0250
662.0000	  0.0251
661.5000	  0.0252
661.0000	  0.0252
660.5000	  0.0253
660.0000	  0.0253
659.5000	  0.0254
659.0000	  0.0257
658.5000	  0.0257
658.0000	  0.0257
657.5000	  0.0259
657.0000	  0.0260
656.5000	  0.0260
656.0000	  0.0262
655.5000	  0.0264
655.0000	  0.0263
654.5000	  0.0265
654.0000	  0.0265
653.5000	  0.0268
653.0000	  0.0268
652.5000	  0.0268
652.0000	  0.0271
651.5000	  0.0273
651.0000	  0.0272
650.5000	  0.0274
650.0000	  0.0276
649.5000	  0.0275
649.0000	  0.0278
648.5000	  0.0279
648.0000	  0.0279
647.5000	  0.0280
647.0000	  0.0281
646.5000	  0.0283
646.0000	  0.0283
645.5000	  0.0285
645.0000	  0.0286
644.5000	  0.0287
644.0000	  0.0288
643.5000	  0.0291
643.0000	  0.0291
642.5000	  0.0293
642.0000	  0.0293
641.5000	  0.0296
641.0000	  0.0296
640.5000	  0.0298
640.0000	  0.0298
639.5000	  0.0299
639.0000	  0.0302
638.5000	  0.0303
638.0000	  0.0303
637.5000	  0.0305
637.0000	  0.0306
636.5000	  0.0308
636.0000	  0.0309
635.5000	  0.0310
635.0000	  0.0312
634.5000	  0.0314
634.0000	  0.0315
633.5000	  0.0317
633.0000	  0.0318
632.5000	  0.0320
632.0000	  0.0321
631.5000	  0.0323
631.0000	  0.0325
630.5000	  0.0328
630.0000	  0.0328
629.5000	  0.0330
629.0000	  0.0332
628.5000	  0.0335
628.0000	  0.0337
627.5000	  0.0339
627.0000	  0.0340
626.5000	  0.0344
626.0000	  0.0345
625.5000	  0.0347
625.0000	  0.0350
624.5000	  0.0351
624.0000	  0.0353
623.5000	  0.0355
623.0000	  0.0357
622.5000	  0.0362
622.0000	  0.0362
621.5000	  0.0364
621.0000	  0.0365
620.5000	  0.0368
620.0000	  0.0370
619.5000	  0.0372
619.0000	  0.0375
618.5000	  0.0377
618.0000	  0.0378
617.5000	  0.0379
617.0000	  0.0383
616.5000	  0.0384
616.0000	  0.0386
615.5000	  0.0387
615.0000	  0.0390
614.5000	  0.0392
614.0000	  0.0393
613.5000	  0.0396
613.0000	  0.0397
612.5000	  0.0400
612.0000	  0.0401
611.5000	  0.0403
611.0000	  0.0406
610.5000	  0.0409
610.0000	  0.0410
609.5000	  0.0411
609.0000	  0.0416
608.5000	  0.0418
608.0000	  0.0420
607.5000	  0.0421
607.0000	  0.0425
606.5000	  0.0427
606.0000	  0.0430
605.5000	  0.0432
605.0000	  0.0434
604.5000	  0.0438
604.0000	  0.0440
603.5000	  0.0442
603.0000	  0.0445
602.5000	  0.0448
602.0000	  0.0450
601.5000	  0.0453
601.0000	  0.0456
600.5000	  0.0459
600.0000	  0.0460
599.5000	  0.0464
599.0000	  0.0466
598.5000	  0.0469
598.0000	  0.0470
597.5000	  0.0474
597.0000	  0.0478
596.5000	  0.0480
596.0000	  0.0482
595.5000	  0.0484
595.0000	  0.0489
594.5000	  0.0491
594.0000	  0.0495
593.5000	  0.0497
593.0000	  0.0501
592.5000	  0.0505
592.0000	  0.0507
591.5000	  0.0511
591.0000	  0.0513
590.5000	  0.0516
590.0000	  0.0516
589.5000	  0.0520
589.0000	  0.0522
588.5000	  0.0527
588.0000	  0.0530
587.5000	  0.0533
587.0000	  0.0536
586.5000	  0.0538
586.0000	  0.0542
585.5000	  0.0548
585.0000	  0.0551
584.5000	  0.0553
584.0000	  0.0555
583.5000	  0.0561
583.0000	  0.0563
582.5000	  0.0567
582.0000	  0.0572
581.5000	  0.0571
581.0000	  0.0576
580.5000	  0.0580
580.0000	  0.0584
579.5000	  0.0586
579.0000	  0.0592
578.5000	  0.0596
578.0000	  0.0598
577.5000	  0.0602
577.0000	  0.0605
576.5000	  0.0610
576.0000	  0.0614
575.5000	  0.0618
575.0000	  0.0621
574.5000	  0.0622
574.0000	  0.0629
573.5000	  0.0632
573.0000	  0.0636
572.5000	  0.0639
572.0000	  0.0643
571.5000	  0.0647
571.0000	  0.0651
570.5000	  0.0656
570.0000	  0.0659
569.5000	  0.0664
569.0000	  0.0670
568.5000	  0.0674
568.0000	  0.0678
567.5000	  0.0682
567.0000	  0.0686
566.5000	  0.0690
566.0000	  0.0692
565.5000	  0.0699
565.0000	  0.0704
564.5000	  0.0708
564.0000	  0.0713
563.5000	  0.0719
563.0000	  0.0722
562.5000	  0.0728
562.0000	  0.0734
561.5000	  0.0738
561.0000	  0.0742
560.5000	  0.0744
560.0000	  0.0750
559.5000	  0.0755
559.0000	  0.0759
558.5000	  0.0764
558.0000	  0.0769
557.5000	  0.0775
557.0000	  0.0780
556.5000	  0.0785
556.0000	  0.0790
555.5000	  0.0796
555.0000	  0.0800
554.5000	  0.0806
554.0000	  0.0811
553.5000	  0.0818
553.0000	  0.0822
552.5000	  0.0827
552.0000	  0.0834
551.5000	  0.0836
551.0000	  0.0845
550.5000	  0.0849
550.0000	  0.0854
549.5000	  0.0859
549.0000	  0.0864
548.5000	  0.0872
548.0000	  0.0878
547.5000	  0.0883
547.0000	  0.0889
546.5000	  0.0895
546.0000	  0.0899
545.5000	  0.0905
545.0000	  0.0913
544.5000	  0.0918
544.0000	  0.0924
543.5000	  0.0929
543.0000	  0.0936
542.5000	  0.0942
542.0000	  0.0947
541.5000	  0.0952
541.0000	  0.0960
540.5000	  0.0967
540.0000	  0.0972
539.5000	  0.0977
539.0000	  0.0986
538.5000	  0.0992
538.0000	  0.0999
537.5000	  0.1003
537.0000	  0.1012
536.5000	  0.1016
536.0000	  0.1024
535.5000	  0.1031
535.0000	  0.1039
534.5000	  0.1046
534.0000	  0.1050
533.5000	  0.1058
533.0000	  0.1063
532.5000	  0.1072
532.0000	  0.1081
531.5000	  0.1087
531.0000	  0.1093
530.5000	  0.1101
530.0000	  0.1108
529.5000	  0.1116
529.0000	  0.1120
528.5000	  0.1129
528.0000	  0.1137
527.5000	  0.1142
527.0000	  0.1148
526.5000	  0.1157
526.0000	  0.1166
525.5000	  0.1174
525.0000	  0.1181
524.5000	  0.1190
524.0000	  0.1196
523.5000	  0.1203
523.0000	  0.1211
522.5000	  0.1217
522.0000	  0.1225
521.5000	  0.1234
521.0000	  0.1239
520.5000	  0.1248
520.0000	  0.1255
519.5000	  0.1263
519.0000	  0.1270
518.5000	  0.1277
518.0000	  0.1286
517.5000	  0.1291
517.0000	  0.1299
516.5000	  0.1307
516.0000	  0.1315
515.5000	  0.1322
515.0000	  0.1326
514.5000	  0.1334
514.0000	  0.1342
513.5000	  0.1350
513.0000	  0.1353
512.5000	  0.1363
512.0000	  0.1368
511.5000	  0.1376
511.0000	  0.1383
510.5000	  0.1386
510.0000	  0.1396
509.5000	  0.1404
509.0000	  0.1408
508.5000	  0.1415
508.0000	  0.1416
507.5000	  0.1425
507.0000	  0.1434
506.5000	  0.1438
506.0000	  0.1443
505.5000	  0.1449
505.0000	  0.1458
504.5000	  0.1461
504.0000	  0.1470
503.5000	  0.1474
503.0000	  0.1481
502.5000	  0.1485
502.0000	  0.1491
501.5000	  0.1497
501.0000	  0.1501
500.5000	  0.1507
500.0000	  0.1509
499.5000	  0.1512
499.0000	  0.1517
498.5000	  0.1522
498.0000	  0.1520
497.5000	  0.1524
497.0000	  0.1525
496.5000	  0.1528
496.0000	  0.1525
495.5000	  0.1528
495.0000	  0.1529
494.5000	  0.1529
494.0000	  0.1528
493.5000	  0.1529
493.0000	  0.1530
492.5000	  0.1525
492.0000	  0.1523
491.5000	  0.1519
491.0000	  0.1519
490.5000	  0.1518
490.0000	  0.1513
489.5000	  0.1508
489.0000	  0.1507
488.5000	  0.1501
488.0000	  0.1496
487.5000	  0.1489
487.0000	  0.1484
486.5000	  0.1482
486.0000	  0.1476
485.5000	  0.1470
485.0000	  0.1465
484.5000	  0.1460
484.0000	  0.1453
483.5000	  0.1450
483.0000	  0.1439
482.5000	  0.1436
482.0000	  0.1431
481.5000	  0.1428
481.0000	  0.1415
480.5000	  0.1411
480.0000	  0.1405
479.5000	  0.1401
479.0000	  0.1395
478.5000	  0.1389
478.0000	  0.1386
477.5000	  0.1374
477.0000	  0.1369
476.5000	  0.1363
476.0000	  0.1356
475.5000	  0.1352
475.0000	  0.1341
474.5000	  0.1338
474.0000	  0.1334
473.5000	  0.1328
473.0000	  0.1318
472.5000	  0.1312
472.0000	  0.1309
471.5000	  0.1301
471.0000	  0.1297
470.5000	  0.1291
470.0000	  0.1286
469.5000	  0.1279
469.0000	  0.1270
468.5000	  0.1268
468.0000	  0.1263
467.5000	  0.1259
467.0000	  0.1248
466.5000	  0.1246
466.0000	  0.1244
465.5000	  0.1238
465.0000	  0.1234
464.5000	  0.1227
464.0000	  0.1222
463.5000	  0.1221
463.0000	  0.1217
462.5000	  0.1206
462.0000	  0.1203
461.5000	  0.1201
461.0000	  0.1198
460.5000	  0.1192
460.0000	  0.1184
459.5000	  0.1180
459.0000	  0.1171
458.5000	  0.1171
458.0000	  0.1162
457.5000	  0.1159
457.0000	  0.1151
456.5000	  0.1151
456.0000	  0.1140
455.5000	  0.1132
455.0000	  0.1129
454.5000	  0.1126
454.0000	  0.1116
453.5000	  0.1105
453.0000	  0.1104
452.5000	  0.1095
452.0000	  0.1081
451.5000	  0.1081
451.0000	  0.1071
450.5000	  0.1066
450.0000	  0.1056
449.5000	  0.1049
449.0000	  0.1046
448.5000	  0.1040
448.0000	  0.1030
447.5000	  0.1025
447.0000	  0.1017
446.5000	  0.1011
446.0000	  0.1007
445.5000	  0.1002
445.0000	  0.0993
444.5000	  0.0989
444.0000	  0.0984
443.5000	  0.0980
443.0000	  0.0974
442.5000	  0.0971
442.0000	  0.0960
441.5000	  0.0962
441.0000	  0.0958
440.5000	  0.0954
440.0000	  0.0950
439.5000	  0.0941
439.0000	  0.0937
438.5000	  0.0934
438.0000	  0.0929
437.5000	  0.0925
437.0000	  0.0923
436.5000	  0.0918
436.0000	  0.0915
435.5000	  0.0914
435.0000	  0.0906
434.5000	  0.0902
434.0000	  0.0901
433.5000	  0.0893
433.0000	  0.0892
432.5000	  0.0887
432.0000	  0.0883
431.5000	  0.0881
431.0000	  0.0879
430.5000	  0.0875
430.0000	  0.0869
429.5000	  0.0868
429.0000	  0.0866
428.5000	  0.0867
428.0000	  0.0859
427.5000	  0.0853
427.0000	  0.0856
426.5000	  0.0850
426.0000	  0.0847
425.5000	  0.0843
425.0000	  0.0845
424.5000	  0.0839
424.0000	  0.0836
423.5000	  0.0831
423.0000	  0.0830
422.5000	  0.0828
422.0000	  0.0829
421.5000	  0.0820
421.0000	  0.0817
420.5000	  0.0819
420.0000	  0.0812
419.5000	  0.0811
419.0000	  0.0812
418.5000	  0.0807
418.0000	  0.0809
417.5000	  0.0802
417.0000	  0.0797
416.5000	  0.0795
416.0000	  0.0795
415.5000	  0.0793
415.0000	  0.0785
414.5000	  0.0786
414.0000	  0.0785
413.5000	  0.0782
413.0000	  0.0778
412.5000	  0.0778
412.0000	  0.0772
411.5000	  0.0771
411.0000	  0.0770
410.5000	  0.0768
410.0000	  0.0764
409.5000	  0.0762
409.0000	  0.0761
408.5000	  0.0756
408.0000	  0.0753
407.5000	  0.0750
407.0000	  0.0750
406.5000	  0.0744
406.0000	  0.0745
405.5000	  0.0740
405.0000	  0.0740
404.5000	  0.0732
404.0000	  0.0732
403.5000	  0.0737
403.0000	  0.0728
402.5000	  0.0729
402.0000	  0.0724
401.5000	  0.0719
401.0000	  0.0720
400.5000	  0.0718
400.0000	  0.0716
399.5000	  0.0719
399.0000	  0.0716
398.5000	  0.0718
398.0000	  0.0714
397.5000	  0.0704
397.0000	  0.0706
396.5000	  0.0700
396.0000	  0.0702
395.5000	  0.0701
395.0000	  0.0702
394.5000	  0.0700
394.0000	  0.0693
393.5000	  0.0691
393.0000	  0.0694
392.5000	  0.0687
392.0000	  0.0691
391.5000	  0.0690
391.0000	  0.0684
390.5000	  0.0686
390.0000	  0.0681
389.5000	  0.0679
389.0000	  0.0682
388.5000	  0.0677
388.0000	  0.0683
387.5000	  0.0682
387.0000	  0.0677
386.5000	  0.0677
386.0000	  0.0678
385.5000	  0.0670
385.0000	  0.0675
384.5000	  0.0673
384.0000	  0.0668
383.5000	  0.0672
383.0000	  0.0669
382.5000	  0.0672
382.0000	  0.0666
381.5000	  0.0665
381.0000	  0.0665
380.5000	  0.0674
380.0000	  0.0660
379.5000	  0.0665
379.0000	  0.0654
378.5000	  0.0659
378.0000	  0.0664
377.5000	  0.0665
377.0000	  0.0653
376.5000	  0.0659
376.0000	  0.0658
375.5000	  0.0652
375.0000	  0.0659
374.5000	  0.0650
374.0000	  0.0648
373.5000	  0.0649
373.0000	  0.0646
372.5000	  0.0649
372.0000	  0.0647
371.5000	  0.0641
371.0000	  0.0648
370.5000	  0.0643
370.0000	  0.0637
369.5000	  0.0645
369.0000	  0.0644
368.5000	  0.0650
368.0000	  0.0638
367.5000	  0.0642
367.0000	  0.0635
366.5000	  0.0638
366.0000	  0.0642
365.5000	  0.0636
365.0000	  0.0637
364.5000	  0.0642
364.0000	  0.0645
363.5000	  0.0628
363.0000	  0.0638
362.5000	  0.0630
362.0000	  0.0638
361.5000	  0.0640
361.0000	  0.0627
360.5000	  0.0631
360.0000	  0.0627
359.5000	  0.0626
359.0000	  0.0635
358.5000	  0.0624
358.0000	  0.0615
357.5000	  0.0613
357.0000	  0.0618
356.5000	  0.0633
356.0000	  0.0630
355.5000	  0.0621
355.0000	  0.0611
354.5000	  0.0621
354.0000	  0.0619
353.5000	  0.0619
353.0000	  0.0617
352.5000	  0.0616
352.0000	  0.0609
351.5000	  0.0600
351.0000	  0.0601
350.5000	  0.0612
350.0000	  0.0624
