12/05/2023 16.04.08
12/05/2023 16.11.29

900.0000	  9.0000

900.0000	  9.0000

900.0000	  2.6200



  1.0000
900.0000
  3.0000
340.0000
  1.0000
1101.0000
  5.0000
  6.0000
  1.0000
  1.0000
  0.0000
  0.0000
100.0000
  0.0000
  1.0000
  0.0000
500.0000
900.0000
350.0000
  4.0000
  1.0000
 18.0000
  2.0000
  1.0000
255.0000
  0.7470
  1.0000
 30.0000
  4.0000
500.0000
  0.0000
  0.0000
  4.0000
900.0000
350.0000
  0.0000
100.0000
  0.0000
  1.0000
  0.0000
500.0000
  1.0000
  1.0000
  1.0000
  1.0000
  4.0000
  0.0000
  1.0000
  1.0000
  1.0000
  1.0000
  1.0000
  2.0000
  1.0000
  1.0000
  1.0000
  3.0000
  1.0000
  1.0000
  1.0000
  4.0000
  5.0000
440.583
0.000
900.0000	  0.0054
899.5000	  0.0401
899.0000	 -0.0172
898.5000	 -0.0402
898.0000	 -0.0026
897.5000	  0.0459
897.0000	  0.0148
896.5000	 -0.0498
896.0000	 -0.0083
895.5000	  0.0438
895.0000	 -0.0055
894.5000	 -0.0214
894.0000	  0.0524
893.5000	  0.0036
893.0000	  0.0188
892.5000	 -0.0005
892.0000	  0.0051
891.5000	 -0.0422
891.0000	  0.0023
890.5000	  0.0006
890.0000	  0.0110
889.5000	  0.0093
889.0000	 -0.0144
888.5000	  0.0389
888.0000	  0.0415
887.5000	 -0.0031
887.0000	  0.0171
886.5000	 -0.0104
886.0000	 -0.0126
885.5000	  0.0200
885.0000	 -0.0086
884.5000	  0.0025
884.0000	  0.0189
883.5000	 -0.0109
883.0000	  0.0008
882.5000	  0.0143
882.0000	  0.0089
881.5000	 -0.0110
881.0000	  0.0061
880.5000	 -0.0057
880.0000	 -0.0089
879.5000	 -0.0081
879.0000	  0.0121
878.5000	 -0.0043
878.0000	 -0.0002
877.5000	  0.0041
877.0000	 -0.0047
876.5000	  0.0033
876.0000	 -0.0020
875.5000	 -0.0021
875.0000	 -0.0005
874.5000	  0.0068
874.0000	 -0.0031
873.5000	  0.0045
873.0000	  0.0119
872.5000	  0.0031
872.0000	 -0.0010
871.5000	  0.0061
871.0000	  0.0077
870.5000	  0.0008
870.0000	 -0.0059
869.5000	  0.0106
869.0000	  0.0052
868.5000	  0.0061
868.0000	  0.0079
867.5000	  0.0089
867.0000	  0.0032
866.5000	  0.0101
866.0000	  0.0013
865.5000	  0.0033
865.0000	  0.0010
864.5000	  0.0021
864.0000	  0.0001
863.5000	  0.0067
863.0000	 -0.0006
862.5000	  0.0025
862.0000	  0.0062
861.5000	  0.0028
861.0000	  0.0036
860.5000	  0.0043
860.0000	  0.0041
859.5000	  0.0038
859.0000	  0.0037
858.5000	  0.0042
858.0000	  0.0033
857.5000	  0.0021
857.0000	  0.0039
856.5000	  0.0039
856.0000	  0.0022
855.5000	  0.0040
855.0000	  0.0039
854.5000	  0.0041
854.0000	  0.0025
853.5000	  0.0022
853.0000	  0.0026
852.5000	  0.0023
852.0000	  0.0037
851.5000	  0.0034
851.0000	  0.0029
850.5000	  0.0025
850.0000	  0.0022
849.5000	  0.0035
849.0000	  0.0034
848.5000	  0.0036
848.0000	  0.0039
847.5000	  0.0034
847.0000	  0.0030
846.5000	  0.0035
846.0000	  0.0034
845.5000	  0.0033
845.0000	  0.0029
844.5000	  0.0030
844.0000	  0.0030
843.5000	  0.0037
843.0000	  0.0034
842.5000	  0.0026
842.0000	  0.0028
841.5000	  0.0031
841.0000	  0.0030
840.5000	  0.0029
840.0000	  0.0031
839.5000	  0.0029
839.0000	  0.0030
838.5000	  0.0031
838.0000	  0.0028
837.5000	  0.0028
837.0000	  0.0031
836.5000	  0.0028
836.0000	  0.0030
835.5000	  0.0033
835.0000	  0.0029
834.5000	  0.0028
834.0000	  0.0029
833.5000	  0.0029
833.0000	  0.0028
832.5000	  0.0032
832.0000	  0.0031
831.5000	  0.0028
831.0000	  0.0029
830.5000	  0.0028
830.0000	  0.0028
829.5000	  0.0028
829.0000	  0.0026
828.5000	  0.0028
828.0000	  0.0029
827.5000	  0.0027
827.0000	  0.0028
826.5000	  0.0029
826.0000	  0.0029
825.5000	  0.0028
825.0000	  0.0027
824.5000	  0.0027
824.0000	  0.0025
823.5000	  0.0027
823.0000	  0.0028
822.5000	  0.0028
822.0000	  0.0028
821.5000	  0.0027
821.0000	  0.0026
820.5000	  0.0026
820.0000	  0.0025
819.5000	  0.0027
819.0000	  0.0027
818.5000	  0.0025
818.0000	  0.0026
817.5000	  0.0026
817.0000	  0.0027
816.5000	  0.0026
816.0000	  0.0025
815.5000	  0.0026
815.0000	  0.0025
814.5000	  0.0025
814.0000	  0.0026
813.5000	  0.0025
813.0000	  0.0025
812.5000	  0.0026
812.0000	  0.0025
811.5000	  0.0026
811.0000	  0.0025
810.5000	  0.0025
810.0000	  0.0025
809.5000	  0.0026
809.0000	  0.0023
808.5000	  0.0023
808.0000	  0.0026
807.5000	  0.0025
807.0000	  0.0025
806.5000	  0.0025
806.0000	  0.0024
805.5000	  0.0024
805.0000	  0.0024
804.5000	  0.0023
804.0000	  0.0024
803.5000	  0.0024
803.0000	  0.0024
802.5000	  0.0023
802.0000	  0.0024
801.5000	  0.0025
801.0000	  0.0024
800.5000	  0.0023
800.0000	  0.0023
799.5000	  0.0024
799.0000	  0.0023
798.5000	  0.0022
798.0000	  0.0021
797.5000	  0.0023
797.0000	  0.0023
796.5000	  0.0023
796.0000	  0.0023
795.5000	  0.0023
795.0000	  0.0024
794.5000	  0.0022
794.0000	  0.0023
793.5000	  0.0022
793.0000	  0.0022
792.5000	  0.0022
792.0000	  0.0022
791.5000	  0.0022
791.0000	  0.0022
790.5000	  0.0022
790.0000	  0.0022
789.5000	  0.0022
789.0000	  0.0022
788.5000	  0.0021
788.0000	  0.0021
787.5000	  0.0023
787.0000	  0.0022
786.5000	  0.0023
786.0000	  0.0021
785.5000	  0.0022
785.0000	  0.0019
784.5000	  0.0022
784.0000	  0.0022
783.5000	  0.0021
783.0000	  0.0020
782.5000	  0.0021
782.0000	  0.0021
781.5000	  0.0021
781.0000	  0.0021
780.5000	  0.0022
780.0000	  0.0021
779.5000	  0.0020
779.0000	  0.0020
778.5000	  0.0020
778.0000	  0.0021
777.5000	  0.0020
777.0000	  0.0020
776.5000	  0.0020
776.0000	  0.0021
775.5000	  0.0020
775.0000	  0.0019
774.5000	  0.0019
774.0000	  0.0019
773.5000	  0.0020
773.0000	  0.0020
772.5000	  0.0019
772.0000	  0.0019
771.5000	  0.0019
771.0000	  0.0019
770.5000	  0.0019
770.0000	  0.0020
769.5000	  0.0018
769.0000	  0.0019
768.5000	  0.0019
768.0000	  0.0019
767.5000	  0.0019
767.0000	  0.0019
766.5000	  0.0018
766.0000	  0.0019
765.5000	  0.0018
765.0000	  0.0018
764.5000	  0.0019
764.0000	  0.0017
763.5000	  0.0019
763.0000	  0.0018
762.5000	  0.0019
762.0000	  0.0018
761.5000	  0.0019
761.0000	  0.0018
760.5000	  0.0018
760.0000	  0.0018
759.5000	  0.0018
759.0000	  0.0018
758.5000	  0.0018
758.0000	  0.0018
757.5000	  0.0019
757.0000	  0.0017
756.5000	  0.0017
756.0000	  0.0018
755.5000	  0.0017
755.0000	  0.0017
754.5000	  0.0018
754.0000	  0.0018
753.5000	  0.0017
753.0000	  0.0018
752.5000	  0.0018
752.0000	  0.0018
751.5000	  0.0017
751.0000	  0.0017
750.5000	  0.0017
750.0000	  0.0018
749.5000	  0.0017
749.0000	  0.0016
748.5000	  0.0017
748.0000	  0.0017
747.5000	  0.0017
747.0000	  0.0018
746.5000	  0.0017
746.0000	  0.0018
745.5000	  0.0017
745.0000	  0.0017
744.5000	  0.0018
744.0000	  0.0017
743.5000	  0.0017
743.0000	  0.0017
742.5000	  0.0017
742.0000	  0.0017
741.5000	  0.0016
741.0000	  0.0018
740.5000	  0.0018
740.0000	  0.0018
739.5000	  0.0017
739.0000	  0.0018
738.5000	  0.0017
738.0000	  0.0017
737.5000	  0.0016
737.0000	  0.0017
736.5000	  0.0018
736.0000	  0.0017
735.5000	  0.0017
735.0000	  0.0016
734.5000	  0.0017
734.0000	  0.0017
733.5000	  0.0017
733.0000	  0.0017
732.5000	  0.0017
732.0000	  0.0017
731.5000	  0.0016
731.0000	  0.0018
730.5000	  0.0017
730.0000	  0.0017
729.5000	  0.0017
729.0000	  0.0017
728.5000	  0.0017
728.0000	  0.0017
727.5000	  0.0017
727.0000	  0.0017
726.5000	  0.0017
726.0000	  0.0018
725.5000	  0.0017
725.0000	  0.0018
724.5000	  0.0018
724.0000	  0.0018
723.5000	  0.0016
723.0000	  0.0018
722.5000	  0.0018
722.0000	  0.0018
721.5000	  0.0018
721.0000	  0.0016
720.5000	  0.0018
720.0000	  0.0019
719.5000	  0.0018
719.0000	  0.0016
718.5000	  0.0018
718.0000	  0.0017
717.5000	  0.0018
717.0000	  0.0017
716.5000	  0.0018
716.0000	  0.0016
715.5000	  0.0018
715.0000	  0.0018
714.5000	  0.0018
714.0000	  0.0017
713.5000	  0.0016
713.0000	  0.0016
712.5000	  0.0016
712.0000	  0.0016
711.5000	  0.0017
711.0000	  0.0018
710.5000	  0.0017
710.0000	  0.0017
709.5000	  0.0018
709.0000	  0.0017
708.5000	  0.0017
708.0000	  0.0019
707.5000	  0.0018
707.0000	  0.0018
706.5000	  0.0018
706.0000	  0.0018
705.5000	  0.0018
705.0000	  0.0018
704.5000	  0.0019
704.0000	  0.0018
703.5000	  0.0019
703.0000	  0.0018
702.5000	  0.0019
702.0000	  0.0019
701.5000	  0.0018
701.0000	  0.0018
700.5000	  0.0019
700.0000	  0.0019
699.5000	  0.0019
699.0000	  0.0019
698.5000	  0.0019
698.0000	  0.0019
697.5000	  0.0019
697.0000	  0.0019
696.5000	  0.0020
696.0000	  0.0020
695.5000	  0.0020
695.0000	  0.0020
694.5000	  0.0020
694.0000	  0.0020
693.5000	  0.0021
693.0000	  0.0021
692.5000	  0.0021
692.0000	  0.0021
691.5000	  0.0021
691.0000	  0.0021
690.5000	  0.0021
690.0000	  0.0021
689.5000	  0.0021
689.0000	  0.0022
688.5000	  0.0022
688.0000	  0.0022
687.5000	  0.0022
687.0000	  0.0022
686.5000	  0.0023
686.0000	  0.0023
685.5000	  0.0022
685.0000	  0.0022
684.5000	  0.0023
684.0000	  0.0024
683.5000	  0.0023
683.0000	  0.0023
682.5000	  0.0024
682.0000	  0.0024
681.5000	  0.0023
681.0000	  0.0024
680.5000	  0.0024
680.0000	  0.0024
679.5000	  0.0025
679.0000	  0.0025
678.5000	  0.0025
678.0000	  0.0025
677.5000	  0.0026
677.0000	  0.0025
676.5000	  0.0025
676.0000	  0.0026
675.5000	  0.0026
675.0000	  0.0026
674.5000	  0.0026
674.0000	  0.0026
673.5000	  0.0026
673.0000	  0.0027
672.5000	  0.0027
672.0000	  0.0027
671.5000	  0.0027
671.0000	  0.0027
670.5000	  0.0028
670.0000	  0.0028
669.5000	  0.0029
669.0000	  0.0029
668.5000	  0.0029
668.0000	  0.0029
667.5000	  0.0029
667.0000	  0.0029
666.5000	  0.0030
666.0000	  0.0031
665.5000	  0.0030
665.0000	  0.0031
664.5000	  0.0031
664.0000	  0.0031
663.5000	  0.0031
663.0000	  0.0032
662.5000	  0.0032
662.0000	  0.0032
661.5000	  0.0032
661.0000	  0.0032
660.5000	  0.0033
660.0000	  0.0033
659.5000	  0.0034
659.0000	  0.0034
658.5000	  0.0034
658.0000	  0.0034
657.5000	  0.0034
657.0000	  0.0035
656.5000	  0.0034
656.0000	  0.0034
655.5000	  0.0036
655.0000	  0.0036
654.5000	  0.0036
654.0000	  0.0036
653.5000	  0.0036
653.0000	  0.0037
652.5000	  0.0037
652.0000	  0.0037
651.5000	  0.0038
651.0000	  0.0038
650.5000	  0.0038
650.0000	  0.0039
649.5000	  0.0039
649.0000	  0.0039
648.5000	  0.0039
648.0000	  0.0040
647.5000	  0.0041
647.0000	  0.0040
646.5000	  0.0041
646.0000	  0.0041
645.5000	  0.0042
645.0000	  0.0042
644.5000	  0.0042
644.0000	  0.0042
643.5000	  0.0043
643.0000	  0.0043
642.5000	  0.0044
642.0000	  0.0044
641.5000	  0.0044
641.0000	  0.0045
640.5000	  0.0045
640.0000	  0.0046
639.5000	  0.0045
639.0000	  0.0046
638.5000	  0.0046
638.0000	  0.0047
637.5000	  0.0047
637.0000	  0.0047
636.5000	  0.0048
636.0000	  0.0048
635.5000	  0.0049
635.0000	  0.0049
634.5000	  0.0050
634.0000	  0.0050
633.5000	  0.0050
633.0000	  0.0051
632.5000	  0.0051
632.0000	  0.0051
631.5000	  0.0051
631.0000	  0.0052
630.5000	  0.0053
630.0000	  0.0053
629.5000	  0.0053
629.0000	  0.0053
628.5000	  0.0055
628.0000	  0.0055
627.5000	  0.0055
627.0000	  0.0056
626.5000	  0.0056
626.0000	  0.0057
625.5000	  0.0057
625.0000	  0.0057
624.5000	  0.0058
624.0000	  0.0058
623.5000	  0.0059
623.0000	  0.0060
622.5000	  0.0060
622.0000	  0.0061
621.5000	  0.0062
621.0000	  0.0061
620.5000	  0.0062
620.0000	  0.0063
619.5000	  0.0063
619.0000	  0.0063
618.5000	  0.0064
618.0000	  0.0065
617.5000	  0.0065
617.0000	  0.0066
616.5000	  0.0066
616.0000	  0.0067
615.5000	  0.0067
615.0000	  0.0068
614.5000	  0.0068
614.0000	  0.0068
613.5000	  0.0070
613.0000	  0.0070
612.5000	  0.0071
612.0000	  0.0071
611.5000	  0.0072
611.0000	  0.0073
610.5000	  0.0074
610.0000	  0.0074
609.5000	  0.0075
609.0000	  0.0076
608.5000	  0.0077
608.0000	  0.0076
607.5000	  0.0077
607.0000	  0.0079
606.5000	  0.0078
606.0000	  0.0080
605.5000	  0.0081
605.0000	  0.0081
604.5000	  0.0082
604.0000	  0.0082
603.5000	  0.0084
603.0000	  0.0084
602.5000	  0.0085
602.0000	  0.0085
601.5000	  0.0086
601.0000	  0.0087
600.5000	  0.0088
600.0000	  0.0089
599.5000	  0.0088
599.0000	  0.0090
598.5000	  0.0091
598.0000	  0.0092
597.5000	  0.0093
597.0000	  0.0094
596.5000	  0.0095
596.0000	  0.0095
595.5000	  0.0095
595.0000	  0.0097
594.5000	  0.0097
594.0000	  0.0098
593.5000	  0.0099
593.0000	  0.0100
592.5000	  0.0101
592.0000	  0.0102
591.5000	  0.0103
591.0000	  0.0104
590.5000	  0.0105
590.0000	  0.0106
589.5000	  0.0107
589.0000	  0.0108
588.5000	  0.0109
588.0000	  0.0109
587.5000	  0.0111
587.0000	  0.0112
586.5000	  0.0113
586.0000	  0.0114
585.5000	  0.0116
585.0000	  0.0116
584.5000	  0.0117
584.0000	  0.0118
583.5000	  0.0118
583.0000	  0.0121
582.5000	  0.0121
582.0000	  0.0122
581.5000	  0.0123
581.0000	  0.0125
580.5000	  0.0126
580.0000	  0.0126
579.5000	  0.0128
579.0000	  0.0129
578.5000	  0.0131
578.0000	  0.0131
577.5000	  0.0133
577.0000	  0.0134
576.5000	  0.0135
576.0000	  0.0137
575.5000	  0.0138
575.0000	  0.0140
574.5000	  0.0140
574.0000	  0.0141
573.5000	  0.0143
573.0000	  0.0144
572.5000	  0.0146
572.0000	  0.0148
571.5000	  0.0148
571.0000	  0.0150
570.5000	  0.0152
570.0000	  0.0152
569.5000	  0.0155
569.0000	  0.0156
568.5000	  0.0157
568.0000	  0.0159
567.5000	  0.0161
567.0000	  0.0162
566.5000	  0.0163
566.0000	  0.0165
565.5000	  0.0167
565.0000	  0.0168
564.5000	  0.0170
564.0000	  0.0172
563.5000	  0.0174
563.0000	  0.0176
562.5000	  0.0177
562.0000	  0.0179
561.5000	  0.0181
561.0000	  0.0181
560.5000	  0.0184
560.0000	  0.0185
559.5000	  0.0187
559.0000	  0.0188
558.5000	  0.0190
558.0000	  0.0193
557.5000	  0.0194
557.0000	  0.0196
556.5000	  0.0198
556.0000	  0.0200
555.5000	  0.0201
555.0000	  0.0204
554.5000	  0.0206
554.0000	  0.0208
553.5000	  0.0211
553.0000	  0.0212
552.5000	  0.0215
552.0000	  0.0216
551.5000	  0.0218
551.0000	  0.0220
550.5000	  0.0223
550.0000	  0.0225
549.5000	  0.0228
549.0000	  0.0230
548.5000	  0.0232
548.0000	  0.0235
547.5000	  0.0236
547.0000	  0.0238
546.5000	  0.0242
546.0000	  0.0243
545.5000	  0.0246
545.0000	  0.0248
544.5000	  0.0251
544.0000	  0.0253
543.5000	  0.0255
543.0000	  0.0258
542.5000	  0.0261
542.0000	  0.0263
541.5000	  0.0265
541.0000	  0.0268
540.5000	  0.0272
540.0000	  0.0274
539.5000	  0.0276
539.0000	  0.0278
538.5000	  0.0282
538.0000	  0.0285
537.5000	  0.0287
537.0000	  0.0289
536.5000	  0.0292
536.0000	  0.0295
535.5000	  0.0299
535.0000	  0.0302
534.5000	  0.0305
534.0000	  0.0307
533.5000	  0.0311
533.0000	  0.0314
532.5000	  0.0316
532.0000	  0.0319
531.5000	  0.0323
531.0000	  0.0326
530.5000	  0.0330
530.0000	  0.0332
529.5000	  0.0336
529.0000	  0.0339
528.5000	  0.0343
528.0000	  0.0346
527.5000	  0.0349
527.0000	  0.0352
526.5000	  0.0356
526.0000	  0.0360
525.5000	  0.0363
525.0000	  0.0368
524.5000	  0.0370
524.0000	  0.0374
523.5000	  0.0378
523.0000	  0.0382
522.5000	  0.0384
522.0000	  0.0389
521.5000	  0.0392
521.0000	  0.0396
520.5000	  0.0399
520.0000	  0.0403
519.5000	  0.0408
519.0000	  0.0410
518.5000	  0.0415
518.0000	  0.0418
517.5000	  0.0423
517.0000	  0.0426
516.5000	  0.0430
516.0000	  0.0432
515.5000	  0.0437
515.0000	  0.0441
514.5000	  0.0445
514.0000	  0.0448
513.5000	  0.0451
513.0000	  0.0455
512.5000	  0.0459
512.0000	  0.0462
511.5000	  0.0467
511.0000	  0.0470
510.5000	  0.0474
510.0000	  0.0477
509.5000	  0.0481
509.0000	  0.0483
508.5000	  0.0487
508.0000	  0.0491
507.5000	  0.0494
507.0000	  0.0498
506.5000	  0.0500
506.0000	  0.0505
505.5000	  0.0508
505.0000	  0.0511
504.5000	  0.0515
504.0000	  0.0518
503.5000	  0.0520
503.0000	  0.0524
502.5000	  0.0527
502.0000	  0.0530
501.5000	  0.0532
501.0000	  0.0535
500.5000	  0.0537
500.0000	  0.0539
499.5000	  0.0540
499.0000	  0.0544
498.5000	  0.0544
498.0000	  0.0546
497.5000	  0.0548
497.0000	  0.0549
496.5000	  0.0550
496.0000	  0.0551
495.5000	  0.0552
495.0000	  0.0552
494.5000	  0.0552
494.0000	  0.0553
493.5000	  0.0553
493.0000	  0.0551
492.5000	  0.0551
492.0000	  0.0551
491.5000	  0.0552
491.0000	  0.0551
490.5000	  0.0549
490.0000	  0.0546
489.5000	  0.0545
489.0000	  0.0542
488.5000	  0.0544
488.0000	  0.0541
487.5000	  0.0537
487.0000	  0.0534
486.5000	  0.0534
486.0000	  0.0530
485.5000	  0.0529
485.0000	  0.0526
484.5000	  0.0522
484.0000	  0.0521
483.5000	  0.0519
483.0000	  0.0515
482.5000	  0.0511
482.0000	  0.0509
481.5000	  0.0504
481.0000	  0.0502
480.5000	  0.0499
480.0000	  0.0495
479.5000	  0.0494
479.0000	  0.0491
478.5000	  0.0486
478.0000	  0.0485
477.5000	  0.0479
477.0000	  0.0476
476.5000	  0.0472
476.0000	  0.0469
475.5000	  0.0464
475.0000	  0.0466
474.5000	  0.0461
474.0000	  0.0458
473.5000	  0.0454
473.0000	  0.0451
472.5000	  0.0448
472.0000	  0.0444
471.5000	  0.0442
471.0000	  0.0438
470.5000	  0.0437
470.0000	  0.0434
469.5000	  0.0430
469.0000	  0.0429
468.5000	  0.0425
468.0000	  0.0420
467.5000	  0.0418
467.0000	  0.0418
466.5000	  0.0411
466.0000	  0.0410
465.5000	  0.0409
465.0000	  0.0406
464.5000	  0.0403
464.0000	  0.0399
463.5000	  0.0397
463.0000	  0.0395
462.5000	  0.0392
462.0000	  0.0391
461.5000	  0.0388
461.0000	  0.0385
460.5000	  0.0383
460.0000	  0.0382
459.5000	  0.0377
459.0000	  0.0376
458.5000	  0.0376
458.0000	  0.0371
457.5000	  0.0368
457.0000	  0.0364
456.5000	  0.0363
456.0000	  0.0359
455.5000	  0.0356
455.0000	  0.0353
454.5000	  0.0352
454.0000	  0.0348
453.5000	  0.0348
453.0000	  0.0344
452.5000	  0.0339
452.0000	  0.0338
451.5000	  0.0335
451.0000	  0.0331
450.5000	  0.0328
450.0000	  0.0325
449.5000	  0.0322
449.0000	  0.0318
448.5000	  0.0315
448.0000	  0.0313
447.5000	  0.0310
447.0000	  0.0307
446.5000	  0.0307
446.0000	  0.0302
445.5000	  0.0298
445.0000	  0.0299
444.5000	  0.0296
444.0000	  0.0294
443.5000	  0.0290
443.0000	  0.0288
442.5000	  0.0287
442.0000	  0.0285
441.5000	  0.0283
441.0000	  0.0280
440.5000	  0.0278
440.0000	  0.0275
439.5000	  0.0275
439.0000	  0.0274
438.5000	  0.0271
438.0000	  0.0270
437.5000	  0.0267
437.0000	  0.0264
436.5000	  0.0261
436.0000	  0.0264
435.5000	  0.0260
435.0000	  0.0258
434.5000	  0.0256
434.0000	  0.0255
433.5000	  0.0252
433.0000	  0.0252
432.5000	  0.0250
432.0000	  0.0248
431.5000	  0.0247
431.0000	  0.0247
430.5000	  0.0246
430.0000	  0.0243
429.5000	  0.0242
429.0000	  0.0240
428.5000	  0.0239
428.0000	  0.0239
427.5000	  0.0237
427.0000	  0.0237
426.5000	  0.0235
426.0000	  0.0234
425.5000	  0.0232
425.0000	  0.0231
424.5000	  0.0230
424.0000	  0.0227
423.5000	  0.0227
423.0000	  0.0225
422.5000	  0.0224
422.0000	  0.0223
421.5000	  0.0222
421.0000	  0.0222
420.5000	  0.0220
420.0000	  0.0218
419.5000	  0.0218
419.0000	  0.0217
418.5000	  0.0217
418.0000	  0.0214
417.5000	  0.0213
417.0000	  0.0210
416.5000	  0.0211
416.0000	  0.0209
415.5000	  0.0208
415.0000	  0.0208
414.5000	  0.0208
414.0000	  0.0206
413.5000	  0.0203
413.0000	  0.0202
412.5000	  0.0201
412.0000	  0.0200
411.5000	  0.0200
411.0000	  0.0198
410.5000	  0.0198
410.0000	  0.0197
409.5000	  0.0197
409.0000	  0.0195
408.5000	  0.0193
408.0000	  0.0193
407.5000	  0.0193
407.0000	  0.0194
406.5000	  0.0190
406.0000	  0.0192
405.5000	  0.0186
405.0000	  0.0188
404.5000	  0.0186
404.0000	  0.0184
403.5000	  0.0184
403.0000	  0.0183
402.5000	  0.0184
402.0000	  0.0182
401.5000	  0.0181
401.0000	  0.0180
400.5000	  0.0180
400.0000	  0.0179
399.5000	  0.0178
399.0000	  0.0178
398.5000	  0.0174
398.0000	  0.0174
397.5000	  0.0174
397.0000	  0.0174
396.5000	  0.0171
396.0000	  0.0172
395.5000	  0.0171
395.0000	  0.0172
394.5000	  0.0170
394.0000	  0.0171
393.5000	  0.0170
393.0000	  0.0167
392.5000	  0.0167
392.0000	  0.0166
391.5000	  0.0165
391.0000	  0.0165
390.5000	  0.0164
390.0000	  0.0167
389.5000	  0.0166
389.0000	  0.0163
388.5000	  0.0162
388.0000	  0.0161
387.5000	  0.0159
387.0000	  0.0162
386.5000	  0.0158
386.0000	  0.0161
385.5000	  0.0160
385.0000	  0.0159
384.5000	  0.0157
384.0000	  0.0160
383.5000	  0.0159
383.0000	  0.0158
382.5000	  0.0153
382.0000	  0.0156
381.5000	  0.0158
381.0000	  0.0155
380.5000	  0.0154
380.0000	  0.0155
379.5000	  0.0156
379.0000	  0.0153
378.5000	  0.0153
378.0000	  0.0156
377.5000	  0.0154
377.0000	  0.0152
376.5000	  0.0151
376.0000	  0.0154
375.5000	  0.0152
375.0000	  0.0152
374.5000	  0.0155
374.0000	  0.0149
373.5000	  0.0148
373.0000	  0.0149
372.5000	  0.0149
372.0000	  0.0148
371.5000	  0.0150
371.0000	  0.0145
370.5000	  0.0150
370.0000	  0.0146
369.5000	  0.0147
369.0000	  0.0148
368.5000	  0.0146
368.0000	  0.0141
367.5000	  0.0145
367.0000	  0.0146
366.5000	  0.0143
366.0000	  0.0144
365.5000	  0.0145
365.0000	  0.0147
364.5000	  0.0144
364.0000	  0.0139
363.5000	  0.0146
363.0000	  0.0145
362.5000	  0.0139
362.0000	  0.0144
361.5000	  0.0143
361.0000	  0.0143
360.5000	  0.0140
360.0000	  0.0145
359.5000	  0.0138
359.0000	  0.0141
358.5000	  0.0143
358.0000	  0.0142
357.5000	  0.0137
357.0000	  0.0143
356.5000	  0.0140
356.0000	  0.0140
355.5000	  0.0132
355.0000	  0.0133
354.5000	  0.0132
354.0000	  0.0135
353.5000	  0.0134
353.0000	  0.0129
352.5000	  0.0135
352.0000	  0.0137
351.5000	  0.0131
351.0000	  0.0128
350.5000	  0.0129
350.0000	  0.0136
