21/04/2023 15.58.41
21/04/2023 16.06.05

500.0000	 99.8500

500.0000	 99.8500

900.0000	 66.6200



  1.0000
900.0000
  3.0000
340.0000
  1.0000
1101.0000
  5.0000
  6.0000
  1.0000
  1.0000
  0.0000
  0.0000
100.0000
  0.0000
  1.0000
  0.0000
500.0000
900.0000
350.0000
  4.0000
  1.0000
 18.0000
  2.0000
  1.0000
255.0000
  0.8498
  1.0000
 30.0000
  4.0000
500.0000
  0.0000
  0.0000
  4.0000
900.0000
350.0000
  0.0000
100.0000
  0.0000
  1.0000
  0.0000
500.0000
  1.0000
  1.0000
  1.0000
  1.0000
  4.0000
  0.0000
  1.0000
  1.0000
  1.0000
  1.0000
  1.0000
  2.0000
  1.0000
  1.0000
  1.0000
  3.0000
  1.0000
  1.0000
  1.0000
  4.0000
  5.0000
444.053
0.000
900.0000	  0.8895
899.5000	  0.7239
899.0000	  0.8338
898.5000	  0.9530
898.0000	  1.0484
897.5000	  0.9627
897.0000	  0.8855
896.5000	  1.0033
896.0000	  0.9294
895.5000	  0.9113
895.0000	  0.8886
894.5000	  0.9260
894.0000	  0.8760
893.5000	  0.9006
893.0000	  0.8606
892.5000	  0.8632
892.0000	  0.8841
891.5000	  0.9009
891.0000	  0.8535
890.5000	  0.9026
890.0000	  0.9592
889.5000	  0.9054
889.0000	  0.9227
888.5000	  0.8675
888.0000	  0.8905
887.5000	  0.9662
887.0000	  0.9137
886.5000	  0.8824
886.0000	  0.9088
885.5000	  0.9567
885.0000	  0.8836
884.5000	  0.9531
884.0000	  0.9356
883.5000	  0.9376
883.0000	  0.8953
882.5000	  0.9493
882.0000	  0.9004
881.5000	  0.9132
881.0000	  0.8878
880.5000	  0.9334
880.0000	  0.9061
879.5000	  0.8608
879.0000	  0.9366
878.5000	  0.9027
878.0000	  0.9026
877.5000	  0.8739
877.0000	  0.9121
876.5000	  0.9212
876.0000	  0.9072
875.5000	  0.9176
875.0000	  0.9113
874.5000	  0.8837
874.0000	  0.9152
873.5000	  0.9200
873.0000	  0.8961
872.5000	  0.9192
872.0000	  0.9007
871.5000	  0.9193
871.0000	  0.8951
870.5000	  0.8899
870.0000	  0.9155
869.5000	  0.9142
869.0000	  0.9028
868.5000	  0.9119
868.0000	  0.8990
867.5000	  0.9068
867.0000	  0.9034
866.5000	  0.8994
866.0000	  0.8882
865.5000	  0.9046
865.0000	  0.9050
864.5000	  0.9153
864.0000	  0.8970
863.5000	  0.9005
863.0000	  0.8989
862.5000	  0.9089
862.0000	  0.8933
861.5000	  0.9113
861.0000	  0.9216
860.5000	  0.9024
860.0000	  0.9033
859.5000	  0.9062
859.0000	  0.9092
858.5000	  0.9081
858.0000	  0.9107
857.5000	  0.9061
857.0000	  0.9076
856.5000	  0.9112
856.0000	  0.9112
855.5000	  0.9047
855.0000	  0.9140
854.5000	  0.9136
854.0000	  0.9176
853.5000	  0.9113
853.0000	  0.9111
852.5000	  0.9087
852.0000	  0.9136
851.5000	  0.9152
851.0000	  0.9212
850.5000	  0.9189
850.0000	  0.9116
849.5000	  0.9171
849.0000	  0.9175
848.5000	  0.9170
848.0000	  0.9147
847.5000	  0.9202
847.0000	  0.9158
846.5000	  0.9200
846.0000	  0.9164
845.5000	  0.9154
845.0000	  0.9179
844.5000	  0.9188
844.0000	  0.9212
843.5000	  0.9220
843.0000	  0.9210
842.5000	  0.9204
842.0000	  0.9210
841.5000	  0.9212
841.0000	  0.9201
840.5000	  0.9220
840.0000	  0.9235
839.5000	  0.9216
839.0000	  0.9211
838.5000	  0.9199
838.0000	  0.9223
837.5000	  0.9217
837.0000	  0.9226
836.5000	  0.9204
836.0000	  0.9211
835.5000	  0.9205
835.0000	  0.9224
834.5000	  0.9207
834.0000	  0.9238
833.5000	  0.9233
833.0000	  0.9216
832.5000	  0.9212
832.0000	  0.9239
831.5000	  0.9217
831.0000	  0.9211
830.5000	  0.9210
830.0000	  0.9207
829.5000	  0.9212
829.0000	  0.9222
828.5000	  0.9217
828.0000	  0.9205
827.5000	  0.9202
827.0000	  0.9206
826.5000	  0.9200
826.0000	  0.9193
825.5000	  0.9184
825.0000	  0.9205
824.5000	  0.9182
824.0000	  0.9196
823.5000	  0.9198
823.0000	  0.9184
822.5000	  0.9183
822.0000	  0.9185
821.5000	  0.9205
821.0000	  0.9193
820.5000	  0.9186
820.0000	  0.9173
819.5000	  0.9203
819.0000	  0.9193
818.5000	  0.9188
818.0000	  0.9179
817.5000	  0.9174
817.0000	  0.9199
816.5000	  0.9173
816.0000	  0.9206
815.5000	  0.9183
815.0000	  0.9178
814.5000	  0.9191
814.0000	  0.9183
813.5000	  0.9190
813.0000	  0.9168
812.5000	  0.9204
812.0000	  0.9187
811.5000	  0.9187
811.0000	  0.9178
810.5000	  0.9194
810.0000	  0.9195
809.5000	  0.9188
809.0000	  0.9192
808.5000	  0.9186
808.0000	  0.9179
807.5000	  0.9188
807.0000	  0.9200
806.5000	  0.9204
806.0000	  0.9203
805.5000	  0.9186
805.0000	  0.9190
804.5000	  0.9220
804.0000	  0.9204
803.5000	  0.9185
803.0000	  0.9192
802.5000	  0.9203
802.0000	  0.9197
801.5000	  0.9204
801.0000	  0.9216
800.5000	  0.9212
800.0000	  0.9214
799.5000	  0.9223
799.0000	  0.9200
798.5000	  0.9226
798.0000	  0.9211
797.5000	  0.9218
797.0000	  0.9196
796.5000	  0.9207
796.0000	  0.9229
795.5000	  0.9221
795.0000	  0.9221
794.5000	  0.9224
794.0000	  0.9224
793.5000	  0.9209
793.0000	  0.9229
792.5000	  0.9219
792.0000	  0.9207
791.5000	  0.9232
791.0000	  0.9221
790.5000	  0.9230
790.0000	  0.9227
789.5000	  0.9229
789.0000	  0.9228
788.5000	  0.9225
788.0000	  0.9222
787.5000	  0.9221
787.0000	  0.9236
786.5000	  0.9225
786.0000	  0.9245
785.5000	  0.9250
785.0000	  0.9237
784.5000	  0.9241
784.0000	  0.9250
783.5000	  0.9247
783.0000	  0.9244
782.5000	  0.9238
782.0000	  0.9250
781.5000	  0.9255
781.0000	  0.9252
780.5000	  0.9234
780.0000	  0.9259
779.5000	  0.9226
779.0000	  0.9267
778.5000	  0.9257
778.0000	  0.9234
777.5000	  0.9253
777.0000	  0.9250
776.5000	  0.9248
776.0000	  0.9249
775.5000	  0.9249
775.0000	  0.9245
774.5000	  0.9257
774.0000	  0.9259
773.5000	  0.9257
773.0000	  0.9270
772.5000	  0.9262
772.0000	  0.9269
771.5000	  0.9271
771.0000	  0.9264
770.5000	  0.9296
770.0000	  0.9258
769.5000	  0.9291
769.0000	  0.9258
768.5000	  0.9261
768.0000	  0.9268
767.5000	  0.9265
767.0000	  0.9256
766.5000	  0.9279
766.0000	  0.9273
765.5000	  0.9282
765.0000	  0.9265
764.5000	  0.9267
764.0000	  0.9278
763.5000	  0.9275
763.0000	  0.9267
762.5000	  0.9301
762.0000	  0.9281
761.5000	  0.9297
761.0000	  0.9272
760.5000	  0.9291
760.0000	  0.9289
759.5000	  0.9263
759.0000	  0.9313
758.5000	  0.9278
758.0000	  0.9304
757.5000	  0.9296
757.0000	  0.9273
756.5000	  0.9298
756.0000	  0.9294
755.5000	  0.9296
755.0000	  0.9308
754.5000	  0.9292
754.0000	  0.9298
753.5000	  0.9318
753.0000	  0.9277
752.5000	  0.9315
752.0000	  0.9304
751.5000	  0.9295
751.0000	  0.9327
750.5000	  0.9308
750.0000	  0.9314
749.5000	  0.9309
749.0000	  0.9310
748.5000	  0.9323
748.0000	  0.9302
747.5000	  0.9324
747.0000	  0.9321
746.5000	  0.9324
746.0000	  0.9328
745.5000	  0.9316
745.0000	  0.9323
744.5000	  0.9318
744.0000	  0.9325
743.5000	  0.9328
743.0000	  0.9316
742.5000	  0.9338
742.0000	  0.9348
741.5000	  0.9325
741.0000	  0.9343
740.5000	  0.9341
740.0000	  0.9341
739.5000	  0.9351
739.0000	  0.9342
738.5000	  0.9360
738.0000	  0.9352
737.5000	  0.9363
737.0000	  0.9356
736.5000	  0.9343
736.0000	  0.9383
735.5000	  0.9369
735.0000	  0.9394
734.5000	  0.9381
734.0000	  0.9369
733.5000	  0.9402
733.0000	  0.9393
732.5000	  0.9397
732.0000	  0.9399
731.5000	  0.9413
731.0000	  0.9416
730.5000	  0.9433
730.0000	  0.9437
729.5000	  0.9431
729.0000	  0.9447
728.5000	  0.9458
728.0000	  0.9470
727.5000	  0.9492
727.0000	  0.9476
726.5000	  0.9512
726.0000	  0.9510
725.5000	  0.9537
725.0000	  0.9545
724.5000	  0.9562
724.0000	  0.9585
723.5000	  0.9604
723.0000	  0.9625
722.5000	  0.9641
722.0000	  0.9693
721.5000	  0.9706
721.0000	  0.9728
720.5000	  0.9762
720.0000	  0.9770
719.5000	  0.9833
719.0000	  0.9820
718.5000	  0.9850
718.0000	  0.9848
717.5000	  0.9881
717.0000	  0.9886
716.5000	  0.9857
716.0000	  0.9846
715.5000	  0.9807
715.0000	  0.9810
714.5000	  0.9771
714.0000	  0.9736
713.5000	  0.9692
713.0000	  0.9666
712.5000	  0.9627
712.0000	  0.9625
711.5000	  0.9576
711.0000	  0.9541
710.5000	  0.9532
710.0000	  0.9487
709.5000	  0.9483
709.0000	  0.9466
708.5000	  0.9428
708.0000	  0.9428
707.5000	  0.9415
707.0000	  0.9402
706.5000	  0.9402
706.0000	  0.9401
705.5000	  0.9413
705.0000	  0.9410
704.5000	  0.9394
704.0000	  0.9397
703.5000	  0.9420
703.0000	  0.9405
702.5000	  0.9421
702.0000	  0.9411
701.5000	  0.9411
701.0000	  0.9404
700.5000	  0.9416
700.0000	  0.9414
699.5000	  0.9398
699.0000	  0.9425
698.5000	  0.9399
698.0000	  0.9407
697.5000	  0.9405
697.0000	  0.9404
696.5000	  0.9406
696.0000	  0.9409
695.5000	  0.9410
695.0000	  0.9398
694.5000	  0.9404
694.0000	  0.9402
693.5000	  0.9414
693.0000	  0.9392
692.5000	  0.9400
692.0000	  0.9406
691.5000	  0.9402
691.0000	  0.9413
690.5000	  0.9392
690.0000	  0.9417
689.5000	  0.9403
689.0000	  0.9398
688.5000	  0.9402
688.0000	  0.9394
687.5000	  0.9411
687.0000	  0.9397
686.5000	  0.9405
686.0000	  0.9403
685.5000	  0.9401
685.0000	  0.9418
684.5000	  0.9389
684.0000	  0.9414
683.5000	  0.9386
683.0000	  0.9413
682.5000	  0.9396
682.0000	  0.9411
681.5000	  0.9388
681.0000	  0.9401
680.5000	  0.9403
680.0000	  0.9403
679.5000	  0.9398
679.0000	  0.9392
678.5000	  0.9393
678.0000	  0.9398
677.5000	  0.9383
677.0000	  0.9402
676.5000	  0.9394
676.0000	  0.9401
675.5000	  0.9396
675.0000	  0.9393
674.5000	  0.9396
674.0000	  0.9388
673.5000	  0.9395
673.0000	  0.9401
672.5000	  0.9390
672.0000	  0.9403
671.5000	  0.9391
671.0000	  0.9394
670.5000	  0.9388
670.0000	  0.9401
669.5000	  0.9390
669.0000	  0.9392
668.5000	  0.9391
668.0000	  0.9396
667.5000	  0.9397
667.0000	  0.9382
666.5000	  0.9394
666.0000	  0.9384
665.5000	  0.9393
665.0000	  0.9413
664.5000	  0.9385
664.0000	  0.9386
663.5000	  0.9388
663.0000	  0.9399
662.5000	  0.9397
662.0000	  0.9383
661.5000	  0.9388
661.0000	  0.9399
660.5000	  0.9396
660.0000	  0.9398
659.5000	  0.9382
659.0000	  0.9390
658.5000	  0.9384
658.0000	  0.9395
657.5000	  0.9388
657.0000	  0.9384
656.5000	  0.9385
656.0000	  0.9380
655.5000	  0.9401
655.0000	  0.9371
654.5000	  0.9381
654.0000	  0.9389
653.5000	  0.9376
653.0000	  0.9385
652.5000	  0.9363
652.0000	  0.9376
651.5000	  0.9370
651.0000	  0.9368
650.5000	  0.9381
650.0000	  0.9359
649.5000	  0.9372
649.0000	  0.9360
648.5000	  0.9372
648.0000	  0.9356
647.5000	  0.9359
647.0000	  0.9371
646.5000	  0.9364
646.0000	  0.9366
645.5000	  0.9345
645.0000	  0.9344
644.5000	  0.9347
644.0000	  0.9342
643.5000	  0.9345
643.0000	  0.9332
642.5000	  0.9330
642.0000	  0.9326
641.5000	  0.9330
641.0000	  0.9329
640.5000	  0.9311
640.0000	  0.9323
639.5000	  0.9313
639.0000	  0.9308
638.5000	  0.9316
638.0000	  0.9296
637.5000	  0.9300
637.0000	  0.9291
636.5000	  0.9286
636.0000	  0.9277
635.5000	  0.9270
635.0000	  0.9275
634.5000	  0.9263
634.0000	  0.9265
633.5000	  0.9249
633.0000	  0.9252
632.5000	  0.9256
632.0000	  0.9241
631.5000	  0.9256
631.0000	  0.9239
630.5000	  0.9256
630.0000	  0.9255
629.5000	  0.9260
629.0000	  0.9288
628.5000	  0.9286
628.0000	  0.9302
627.5000	  0.9324
627.0000	  0.9337
626.5000	  0.9372
626.0000	  0.9378
625.5000	  0.9405
625.0000	  0.9417
624.5000	  0.9444
624.0000	  0.9462
623.5000	  0.9464
623.0000	  0.9486
622.5000	  0.9506
622.0000	  0.9521
621.5000	  0.9540
621.0000	  0.9539
620.5000	  0.9561
620.0000	  0.9572
619.5000	  0.9572
619.0000	  0.9585
618.5000	  0.9591
618.0000	  0.9585
617.5000	  0.9589
617.0000	  0.9599
616.5000	  0.9574
616.0000	  0.9578
615.5000	  0.9574
615.0000	  0.9562
614.5000	  0.9576
614.0000	  0.9567
613.5000	  0.9559
613.0000	  0.9572
612.5000	  0.9568
612.0000	  0.9566
611.5000	  0.9571
611.0000	  0.9573
610.5000	  0.9580
610.0000	  0.9572
609.5000	  0.9574
609.0000	  0.9568
608.5000	  0.9578
608.0000	  0.9574
607.5000	  0.9570
607.0000	  0.9587
606.5000	  0.9560
606.0000	  0.9569
605.5000	  0.9581
605.0000	  0.9591
604.5000	  0.9587
604.0000	  0.9580
603.5000	  0.9589
603.0000	  0.9591
602.5000	  0.9581
602.0000	  0.9599
601.5000	  0.9580
601.0000	  0.9594
600.5000	  0.9601
600.0000	  0.9595
599.5000	  0.9608
599.0000	  0.9585
598.5000	  0.9594
598.0000	  0.9601
597.5000	  0.9595
597.0000	  0.9606
596.5000	  0.9583
596.0000	  0.9607
595.5000	  0.9601
595.0000	  0.9614
594.5000	  0.9599
594.0000	  0.9610
593.5000	  0.9616
593.0000	  0.9606
592.5000	  0.9626
592.0000	  0.9620
591.5000	  0.9616
591.0000	  0.9623
590.5000	  0.9618
590.0000	  0.9618
589.5000	  0.9623
589.0000	  0.9609
588.5000	  0.9624
588.0000	  0.9632
587.5000	  0.9634
587.0000	  0.9629
586.5000	  0.9626
586.0000	  0.9628
585.5000	  0.9630
585.0000	  0.9637
584.5000	  0.9632
584.0000	  0.9626
583.5000	  0.9651
583.0000	  0.9636
582.5000	  0.9653
582.0000	  0.9639
581.5000	  0.9649
581.0000	  0.9665
580.5000	  0.9644
580.0000	  0.9662
579.5000	  0.9648
579.0000	  0.9647
578.5000	  0.9653
578.0000	  0.9652
577.5000	  0.9660
577.0000	  0.9649
576.5000	  0.9657
576.0000	  0.9666
575.5000	  0.9650
575.0000	  0.9678
574.5000	  0.9659
574.0000	  0.9676
573.5000	  0.9677
573.0000	  0.9668
572.5000	  0.9688
572.0000	  0.9673
571.5000	  0.9678
571.0000	  0.9693
570.5000	  0.9682
570.0000	  0.9690
569.5000	  0.9668
569.0000	  0.9691
568.5000	  0.9688
568.0000	  0.9673
567.5000	  0.9698
567.0000	  0.9684
566.5000	  0.9692
566.0000	  0.9696
565.5000	  0.9696
565.0000	  0.9707
564.5000	  0.9697
564.0000	  0.9707
563.5000	  0.9701
563.0000	  0.9705
562.5000	  0.9719
562.0000	  0.9689
561.5000	  0.9706
561.0000	  0.9711
560.5000	  0.9709
560.0000	  0.9692
559.5000	  0.9684
559.0000	  0.9691
558.5000	  0.9691
558.0000	  0.9682
557.5000	  0.9694
557.0000	  0.9690
556.5000	  0.9697
556.0000	  0.9710
555.5000	  0.9703
555.0000	  0.9707
554.5000	  0.9699
554.0000	  0.9704
553.5000	  0.9712
553.0000	  0.9713
552.5000	  0.9720
552.0000	  0.9706
551.5000	  0.9708
551.0000	  0.9716
550.5000	  0.9712
550.0000	  0.9728
549.5000	  0.9713
549.0000	  0.9725
548.5000	  0.9731
548.0000	  0.9732
547.5000	  0.9736
547.0000	  0.9723
546.5000	  0.9734
546.0000	  0.9730
545.5000	  0.9730
545.0000	  0.9741
544.5000	  0.9734
544.0000	  0.9743
543.5000	  0.9736
543.0000	  0.9739
542.5000	  0.9751
542.0000	  0.9737
541.5000	  0.9741
541.0000	  0.9740
540.5000	  0.9753
540.0000	  0.9755
539.5000	  0.9746
539.0000	  0.9753
538.5000	  0.9759
538.0000	  0.9770
537.5000	  0.9753
537.0000	  0.9757
536.5000	  0.9772
536.0000	  0.9767
535.5000	  0.9774
535.0000	  0.9759
534.5000	  0.9765
534.0000	  0.9767
533.5000	  0.9754
533.0000	  0.9782
532.5000	  0.9765
532.0000	  0.9764
531.5000	  0.9779
531.0000	  0.9770
530.5000	  0.9785
530.0000	  0.9765
529.5000	  0.9767
529.0000	  0.9774
528.5000	  0.9771
528.0000	  0.9784
527.5000	  0.9775
527.0000	  0.9772
526.5000	  0.9774
526.0000	  0.9782
525.5000	  0.9780
525.0000	  0.9779
524.5000	  0.9787
524.0000	  0.9782
523.5000	  0.9801
523.0000	  0.9778
522.5000	  0.9785
522.0000	  0.9797
521.5000	  0.9782
521.0000	  0.9804
520.5000	  0.9782
520.0000	  0.9786
519.5000	  0.9784
519.0000	  0.9790
518.5000	  0.9794
518.0000	  0.9778
517.5000	  0.9784
517.0000	  0.9773
516.5000	  0.9790
516.0000	  0.9777
515.5000	  0.9776
515.0000	  0.9786
514.5000	  0.9768
514.0000	  0.9787
513.5000	  0.9759
513.0000	  0.9786
512.5000	  0.9785
512.0000	  0.9774
511.5000	  0.9775
511.0000	  0.9767
510.5000	  0.9778
510.0000	  0.9777
509.5000	  0.9798
509.0000	  0.9779
508.5000	  0.9797
508.0000	  0.9795
507.5000	  0.9777
507.0000	  0.9817
506.5000	  0.9804
506.0000	  0.9829
505.5000	  0.9845
505.0000	  0.9850
504.5000	  0.9858
504.0000	  0.9873
503.5000	  0.9897
503.0000	  0.9906
502.5000	  0.9915
502.0000	  0.9925
501.5000	  0.9947
501.0000	  0.9964
500.5000	  0.9968
500.0000	  1.0000
499.5000	  0.9986
499.0000	  1.0026
498.5000	  1.0017
498.0000	  1.0023
497.5000	  1.0054
497.0000	  1.0045
496.5000	  1.0067
496.0000	  1.0068
495.5000	  1.0082
495.0000	  1.0091
494.5000	  1.0087
494.0000	  1.0095
493.5000	  1.0112
493.0000	  1.0128
492.5000	  1.0124
492.0000	  1.0118
491.5000	  1.0148
491.0000	  1.0136
490.5000	  1.0150
490.0000	  1.0142
489.5000	  1.0160
489.0000	  1.0157
488.5000	  1.0165
488.0000	  1.0163
487.5000	  1.0161
487.0000	  1.0161
486.5000	  1.0165
486.0000	  1.0187
485.5000	  1.0171
485.0000	  1.0183
484.5000	  1.0200
484.0000	  1.0183
483.5000	  1.0211
483.0000	  1.0184
482.5000	  1.0197
482.0000	  1.0217
481.5000	  1.0227
481.0000	  1.0232
480.5000	  1.0227
480.0000	  1.0246
479.5000	  1.0241
479.0000	  1.0250
478.5000	  1.0262
478.0000	  1.0256
477.5000	  1.0288
477.0000	  1.0268
476.5000	  1.0301
476.0000	  1.0295
475.5000	  1.0313
475.0000	  1.0327
474.5000	  1.0325
474.0000	  1.0339
473.5000	  1.0339
473.0000	  1.0363
472.5000	  1.0365
472.0000	  1.0387
471.5000	  1.0394
471.0000	  1.0392
470.5000	  1.0412
470.0000	  1.0417
469.5000	  1.0438
469.0000	  1.0456
468.5000	  1.0450
468.0000	  1.0481
467.5000	  1.0493
467.0000	  1.0527
466.5000	  1.0514
466.0000	  1.0548
465.5000	  1.0558
465.0000	  1.0573
464.5000	  1.0595
464.0000	  1.0571
463.5000	  1.0614
463.0000	  1.0623
462.5000	  1.0646
462.0000	  1.0677
461.5000	  1.0671
461.0000	  1.0685
460.5000	  1.0692
460.0000	  1.0713
459.5000	  1.0710
459.0000	  1.0734
458.5000	  1.0756
458.0000	  1.0763
457.5000	  1.0783
457.0000	  1.0765
456.5000	  1.0763
456.0000	  1.0788
455.5000	  1.0779
455.0000	  1.0795
454.5000	  1.0767
454.0000	  1.0773
453.5000	  1.0757
453.0000	  1.0760
452.5000	  1.0747
452.0000	  1.0733
451.5000	  1.0727
451.0000	  1.0694
450.5000	  1.0681
450.0000	  1.0657
449.5000	  1.0643
449.0000	  1.0654
448.5000	  1.0623
448.0000	  1.0620
447.5000	  1.0578
447.0000	  1.0574
446.5000	  1.0564
446.0000	  1.0534
445.5000	  1.0561
445.0000	  1.0515
444.5000	  1.0521
444.0000	  1.0522
443.5000	  1.0514
443.0000	  1.0503
442.5000	  1.0482
442.0000	  1.0498
441.5000	  1.0500
441.0000	  1.0499
440.5000	  1.0460
440.0000	  1.0471
439.5000	  1.0473
439.0000	  1.0480
438.5000	  1.0474
438.0000	  1.0463
437.5000	  1.0444
437.0000	  1.0480
436.5000	  1.0455
436.0000	  1.0454
435.5000	  1.0468
435.0000	  1.0479
434.5000	  1.0475
434.0000	  1.0468
433.5000	  1.0479
433.0000	  1.0476
432.5000	  1.0483
432.0000	  1.0462
431.5000	  1.0482
431.0000	  1.0482
430.5000	  1.0493
430.0000	  1.0483
429.5000	  1.0492
429.0000	  1.0500
428.5000	  1.0489
428.0000	  1.0522
427.5000	  1.0515
427.0000	  1.0519
426.5000	  1.0527
426.0000	  1.0518
425.5000	  1.0546
425.0000	  1.0533
424.5000	  1.0547
424.0000	  1.0532
423.5000	  1.0538
423.0000	  1.0560
422.5000	  1.0558
422.0000	  1.0586
421.5000	  1.0555
421.0000	  1.0582
420.5000	  1.0596
420.0000	  1.0583
419.5000	  1.0607
419.0000	  1.0604
418.5000	  1.0618
418.0000	  1.0609
417.5000	  1.0610
417.0000	  1.0632
416.5000	  1.0618
416.0000	  1.0622
415.5000	  1.0626
415.0000	  1.0636
414.5000	  1.0660
414.0000	  1.0633
413.5000	  1.0662
413.0000	  1.0644
412.5000	  1.0665
412.0000	  1.0658
411.5000	  1.0658
411.0000	  1.0677
410.5000	  1.0688
410.0000	  1.0704
409.5000	  1.0695
409.0000	  1.0697
408.5000	  1.0688
408.0000	  1.0701
407.5000	  1.0706
407.0000	  1.0689
406.5000	  1.0710
406.0000	  1.0719
405.5000	  1.0720
405.0000	  1.0711
404.5000	  1.0730
404.0000	  1.0751
403.5000	  1.0747
403.0000	  1.0764
402.5000	  1.0730
402.0000	  1.0749
401.5000	  1.0769
401.0000	  1.0766
400.5000	  1.0769
400.0000	  1.0761
399.5000	  1.0765
399.0000	  1.0769
398.5000	  1.0790
398.0000	  1.0792
397.5000	  1.0764
397.0000	  1.0806
396.5000	  1.0801
396.0000	  1.0813
395.5000	  1.0809
395.0000	  1.0802
394.5000	  1.0800
394.0000	  1.0838
393.5000	  1.0831
393.0000	  1.0822
392.5000	  1.0853
392.0000	  1.0878
391.5000	  1.0883
391.0000	  1.0873
390.5000	  1.0878
390.0000	  1.0886
389.5000	  1.0902
389.0000	  1.0926
388.5000	  1.0920
388.0000	  1.0947
387.5000	  1.0925
387.0000	  1.0953
386.5000	  1.0964
386.0000	  1.0981
385.5000	  1.1006
385.0000	  1.0993
384.5000	  1.0996
384.0000	  1.1023
383.5000	  1.1011
383.0000	  1.1055
382.5000	  1.1079
382.0000	  1.1063
381.5000	  1.1096
381.0000	  1.1061
380.5000	  1.1088
380.0000	  1.1106
379.5000	  1.1103
379.0000	  1.1106
378.5000	  1.1111
378.0000	  1.1146
377.5000	  1.1176
377.0000	  1.1181
376.5000	  1.1144
376.0000	  1.1184
375.5000	  1.1186
375.0000	  1.1179
374.5000	  1.1214
374.0000	  1.1206
373.5000	  1.1187
373.0000	  1.1213
372.5000	  1.1208
372.0000	  1.1210
371.5000	  1.1228
371.0000	  1.1245
370.5000	  1.1244
370.0000	  1.1253
369.5000	  1.1229
369.0000	  1.1261
368.5000	  1.1252
368.0000	  1.1238
367.5000	  1.1300
367.0000	  1.1270
366.5000	  1.1285
366.0000	  1.1299
365.5000	  1.1269
365.0000	  1.1298
364.5000	  1.1344
364.0000	  1.1323
363.5000	  1.1339
363.0000	  1.1337
362.5000	  1.1371
362.0000	  1.1328
361.5000	  1.1364
361.0000	  1.1345
360.5000	  1.1380
360.0000	  1.1345
359.5000	  1.1345
359.0000	  1.1415
358.5000	  1.1379
358.0000	  1.1387
357.5000	  1.1413
357.0000	  1.1376
356.5000	  1.1420
356.0000	  1.1458
355.5000	  1.1430
355.0000	  1.1470
354.5000	  1.1446
354.0000	  1.1461
353.5000	  1.1468
353.0000	  1.1490
352.5000	  1.1469
352.0000	  1.1507
351.5000	  1.1522
351.0000	  1.1475
350.5000	  1.1461
350.0000	  1.1470
