05/05/2023 16.15.04
05/05/2023 16.22.24

900.0000	 21.9200

900.0000	 21.9200

900.0000	 -6.2800



  1.0000
900.0000
  3.0000
340.0000
  1.0000
1101.0000
  5.0000
  6.0000
  1.0000
  1.0000
  0.0000
  0.0000
100.0000
  0.0000
  1.0000
  0.0000
500.0000
900.0000
350.0000
  4.0000
  1.0000
 18.0000
  2.0000
  1.0000
255.0000
  0.9061
  1.0000
 30.0000
  4.0000
500.0000
  0.0000
  0.0000
  4.0000
900.0000
350.0000
  0.0000
100.0000
  0.0000
  1.0000
  0.0000
500.0000
  1.0000
  1.0000
  1.0000
  1.0000
  4.0000
  0.0000
  1.0000
  1.0000
  1.0000
  1.0000
  1.0000
  2.0000
  1.0000
  1.0000
  1.0000
  3.0000
  1.0000
  1.0000
  1.0000
  4.0000
  5.0000
440.845
0.000
900.0000	 -0.0245
899.5000	 -0.0683
899.0000	  0.2136
898.5000	  0.2738
898.0000	 -0.0339
897.5000	 -0.1457
897.0000	  0.0516
896.5000	  0.1527
896.0000	 -0.1104
895.5000	 -0.0828
895.0000	 -0.0133
894.5000	  0.1240
894.0000	 -0.1927
893.5000	 -0.0030
893.0000	 -0.0026
892.5000	 -0.0739
892.0000	 -0.0240
891.5000	 -0.1086
891.0000	  0.0576
890.5000	  0.1285
890.0000	 -0.0658
889.5000	  0.1619
889.0000	  0.0729
888.5000	  0.0016
888.0000	  0.1027
887.5000	  0.0112
887.0000	 -0.0257
886.5000	  0.0214
886.0000	  0.1099
885.5000	 -0.0574
885.0000	  0.0061
884.5000	  0.0150
884.0000	 -0.0358
883.5000	 -0.0415
883.0000	 -0.0608
882.5000	 -0.0153
882.0000	  0.0549
881.5000	  0.0097
881.0000	  0.0094
880.5000	  0.0230
880.0000	  0.0145
879.5000	  0.0344
879.0000	 -0.0076
878.5000	 -0.0163
878.0000	 -0.0032
877.5000	 -0.0109
877.0000	  0.0067
876.5000	 -0.0168
876.0000	  0.0020
875.5000	 -0.0463
875.0000	 -0.0176
874.5000	 -0.0314
874.0000	  0.0103
873.5000	  0.0234
873.0000	 -0.0222
872.5000	 -0.0249
872.0000	  0.0144
871.5000	  0.0062
871.0000	  0.0083
870.5000	  0.0233
870.0000	  0.0148
869.5000	  0.0073
869.0000	 -0.0010
868.5000	  0.0137
868.0000	 -0.0076
867.5000	 -0.0080
867.0000	 -0.0033
866.5000	  0.0089
866.0000	  0.0015
865.5000	  0.0065
865.0000	  0.0065
864.5000	 -0.0008
864.0000	 -0.0019
863.5000	 -0.0101
863.0000	 -0.0016
862.5000	  0.0035
862.0000	  0.0029
861.5000	  0.0021
861.0000	  0.0042
860.5000	  0.0040
860.0000	  0.0009
859.5000	  0.0058
859.0000	  0.0048
858.5000	 -0.0015
858.0000	 -0.0007
857.5000	 -0.0006
857.0000	 -0.0023
856.5000	 -0.0011
856.0000	  0.0020
855.5000	  0.0001
855.0000	  0.0033
854.5000	  0.0015
854.0000	  0.0032
853.5000	 -0.0015
853.0000	  0.0020
852.5000	 -0.0022
852.0000	  0.0013
851.5000	  0.0032
851.0000	 -0.0010
850.5000	  0.0011
850.0000	  0.0014
849.5000	  0.0033
849.0000	  0.0029
848.5000	  0.0012
848.0000	  0.0014
847.5000	  0.0033
847.0000	  0.0023
846.5000	  0.0032
846.0000	  0.0034
845.5000	  0.0024
845.0000	  0.0028
844.5000	  0.0007
844.0000	  0.0015
843.5000	  0.0012
843.0000	  0.0028
842.5000	  0.0042
842.0000	  0.0017
841.5000	  0.0026
841.0000	  0.0029
840.5000	  0.0023
840.0000	  0.0033
839.5000	  0.0020
839.0000	  0.0020
838.5000	  0.0019
838.0000	  0.0037
837.5000	  0.0029
837.0000	  0.0021
836.5000	  0.0032
836.0000	  0.0035
835.5000	  0.0029
835.0000	  0.0028
834.5000	  0.0025
834.0000	  0.0036
833.5000	  0.0018
833.0000	  0.0023
832.5000	  0.0029
832.0000	  0.0024
831.5000	  0.0031
831.0000	  0.0023
830.5000	  0.0026
830.0000	  0.0022
829.5000	  0.0025
829.0000	  0.0025
828.5000	  0.0023
828.0000	  0.0023
827.5000	  0.0027
827.0000	  0.0019
826.5000	  0.0028
826.0000	  0.0025
825.5000	  0.0024
825.0000	  0.0021
824.5000	  0.0023
824.0000	  0.0030
823.5000	  0.0026
823.0000	  0.0027
822.5000	  0.0024
822.0000	  0.0029
821.5000	  0.0030
821.0000	  0.0024
820.5000	  0.0023
820.0000	  0.0027
819.5000	  0.0031
819.0000	  0.0028
818.5000	  0.0025
818.0000	  0.0025
817.5000	  0.0024
817.0000	  0.0026
816.5000	  0.0026
816.0000	  0.0024
815.5000	  0.0024
815.0000	  0.0025
814.5000	  0.0026
814.0000	  0.0023
813.5000	  0.0028
813.0000	  0.0026
812.5000	  0.0020
812.0000	  0.0027
811.5000	  0.0019
811.0000	  0.0025
810.5000	  0.0030
810.0000	  0.0025
809.5000	  0.0026
809.0000	  0.0023
808.5000	  0.0022
808.0000	  0.0027
807.5000	  0.0027
807.0000	  0.0025
806.5000	  0.0024
806.0000	  0.0026
805.5000	  0.0022
805.0000	  0.0024
804.5000	  0.0027
804.0000	  0.0027
803.5000	  0.0027
803.0000	  0.0027
802.5000	  0.0027
802.0000	  0.0023
801.5000	  0.0022
801.0000	  0.0025
800.5000	  0.0025
800.0000	  0.0027
799.5000	  0.0027
799.0000	  0.0028
798.5000	  0.0021
798.0000	  0.0027
797.5000	  0.0022
797.0000	  0.0025
796.5000	  0.0023
796.0000	  0.0018
795.5000	  0.0024
795.0000	  0.0023
794.5000	  0.0022
794.0000	  0.0025
793.5000	  0.0030
793.0000	  0.0025
792.5000	  0.0022
792.0000	  0.0022
791.5000	  0.0024
791.0000	  0.0023
790.5000	  0.0026
790.0000	  0.0024
789.5000	  0.0023
789.0000	  0.0027
788.5000	  0.0025
788.0000	  0.0023
787.5000	  0.0027
787.0000	  0.0019
786.5000	  0.0025
786.0000	  0.0027
785.5000	  0.0023
785.0000	  0.0027
784.5000	  0.0025
784.0000	  0.0025
783.5000	  0.0026
783.0000	  0.0023
782.5000	  0.0023
782.0000	  0.0028
781.5000	  0.0025
781.0000	  0.0023
780.5000	  0.0028
780.0000	  0.0022
779.5000	  0.0025
779.0000	  0.0027
778.5000	  0.0025
778.0000	  0.0023
777.5000	  0.0028
777.0000	  0.0025
776.5000	  0.0024
776.0000	  0.0022
775.5000	  0.0024
775.0000	  0.0023
774.5000	  0.0024
774.0000	  0.0026
773.5000	  0.0024
773.0000	  0.0026
772.5000	  0.0025
772.0000	  0.0023
771.5000	  0.0026
771.0000	  0.0024
770.5000	  0.0026
770.0000	  0.0023
769.5000	  0.0023
769.0000	  0.0026
768.5000	  0.0023
768.0000	  0.0024
767.5000	  0.0022
767.0000	  0.0024
766.5000	  0.0024
766.0000	  0.0024
765.5000	  0.0024
765.0000	  0.0023
764.5000	  0.0023
764.0000	  0.0024
763.5000	  0.0024
763.0000	  0.0024
762.5000	  0.0023
762.0000	  0.0024
761.5000	  0.0027
761.0000	  0.0022
760.5000	  0.0022
760.0000	  0.0023
759.5000	  0.0023
759.0000	  0.0021
758.5000	  0.0024
758.0000	  0.0025
757.5000	  0.0020
757.0000	  0.0024
756.5000	  0.0024
756.0000	  0.0023
755.5000	  0.0024
755.0000	  0.0023
754.5000	  0.0021
754.0000	  0.0025
753.5000	  0.0024
753.0000	  0.0026
752.5000	  0.0024
752.0000	  0.0027
751.5000	  0.0024
751.0000	  0.0024
750.5000	  0.0025
750.0000	  0.0027
749.5000	  0.0024
749.0000	  0.0025
748.5000	  0.0023
748.0000	  0.0025
747.5000	  0.0022
747.0000	  0.0022
746.5000	  0.0025
746.0000	  0.0024
745.5000	  0.0025
745.0000	  0.0025
744.5000	  0.0022
744.0000	  0.0026
743.5000	  0.0026
743.0000	  0.0025
742.5000	  0.0023
742.0000	  0.0023
741.5000	  0.0023
741.0000	  0.0027
740.5000	  0.0026
740.0000	  0.0026
739.5000	  0.0023
739.0000	  0.0024
738.5000	  0.0024
738.0000	  0.0025
737.5000	  0.0024
737.0000	  0.0024
736.5000	  0.0023
736.0000	  0.0024
735.5000	  0.0026
735.0000	  0.0025
734.5000	  0.0024
734.0000	  0.0026
733.5000	  0.0025
733.0000	  0.0027
732.5000	  0.0025
732.0000	  0.0021
731.5000	  0.0025
731.0000	  0.0025
730.5000	  0.0025
730.0000	  0.0026
729.5000	  0.0024
729.0000	  0.0024
728.5000	  0.0026
728.0000	  0.0028
727.5000	  0.0024
727.0000	  0.0024
726.5000	  0.0027
726.0000	  0.0028
725.5000	  0.0027
725.0000	  0.0030
724.5000	  0.0026
724.0000	  0.0027
723.5000	  0.0025
723.0000	  0.0030
722.5000	  0.0025
722.0000	  0.0027
721.5000	  0.0030
721.0000	  0.0031
720.5000	  0.0033
720.0000	  0.0030
719.5000	  0.0029
719.0000	  0.0034
718.5000	  0.0030
718.0000	  0.0030
717.5000	  0.0029
717.0000	  0.0026
716.5000	  0.0026
716.0000	  0.0027
715.5000	  0.0028
715.0000	  0.0025
714.5000	  0.0029
714.0000	  0.0022
713.5000	  0.0028
713.0000	  0.0027
712.5000	  0.0029
712.0000	  0.0025
711.5000	  0.0025
711.0000	  0.0024
710.5000	  0.0026
710.0000	  0.0025
709.5000	  0.0027
709.0000	  0.0027
708.5000	  0.0029
708.0000	  0.0030
707.5000	  0.0030
707.0000	  0.0027
706.5000	  0.0026
706.0000	  0.0028
705.5000	  0.0028
705.0000	  0.0028
704.5000	  0.0030
704.0000	  0.0030
703.5000	  0.0032
703.0000	  0.0029
702.5000	  0.0027
702.0000	  0.0028
701.5000	  0.0030
701.0000	  0.0029
700.5000	  0.0031
700.0000	  0.0028
699.5000	  0.0031
699.0000	  0.0030
698.5000	  0.0029
698.0000	  0.0030
697.5000	  0.0029
697.0000	  0.0030
696.5000	  0.0012
696.0000	  0.0043
695.5000	  0.0035
695.0000	  0.0033
694.5000	  0.0035
694.0000	  0.0033
693.5000	  0.0032
693.0000	  0.0032
692.5000	  0.0030
692.0000	  0.0033
691.5000	  0.0033
691.0000	  0.0031
690.5000	  0.0031
690.0000	  0.0034
689.5000	  0.0033
689.0000	  0.0033
688.5000	  0.0033
688.0000	  0.0033
687.5000	  0.0036
687.0000	  0.0034
686.5000	  0.0035
686.0000	  0.0032
685.5000	  0.0035
685.0000	  0.0034
684.5000	  0.0036
684.0000	  0.0034
683.5000	  0.0036
683.0000	  0.0035
682.5000	  0.0035
682.0000	  0.0037
681.5000	  0.0036
681.0000	  0.0037
680.5000	  0.0037
680.0000	  0.0037
679.5000	  0.0037
679.0000	  0.0037
678.5000	  0.0038
678.0000	  0.0037
677.5000	  0.0037
677.0000	  0.0039
676.5000	  0.0037
676.0000	  0.0040
675.5000	  0.0039
675.0000	  0.0039
674.5000	  0.0040
674.0000	  0.0039
673.5000	  0.0040
673.0000	  0.0039
672.5000	  0.0040
672.0000	  0.0042
671.5000	  0.0040
671.0000	  0.0041
670.5000	  0.0041
670.0000	  0.0040
669.5000	  0.0042
669.0000	  0.0043
668.5000	  0.0041
668.0000	  0.0042
667.5000	  0.0042
667.0000	  0.0042
666.5000	  0.0045
666.0000	  0.0043
665.5000	  0.0045
665.0000	  0.0044
664.5000	  0.0045
664.0000	  0.0045
663.5000	  0.0045
663.0000	  0.0045
662.5000	  0.0045
662.0000	  0.0045
661.5000	  0.0046
661.0000	  0.0046
660.5000	  0.0047
660.0000	  0.0047
659.5000	  0.0047
659.0000	  0.0047
658.5000	  0.0048
658.0000	  0.0047
657.5000	  0.0048
657.0000	  0.0048
656.5000	  0.0049
656.0000	  0.0050
655.5000	  0.0048
655.0000	  0.0049
654.5000	  0.0050
654.0000	  0.0051
653.5000	  0.0050
653.0000	  0.0051
652.5000	  0.0051
652.0000	  0.0051
651.5000	  0.0052
651.0000	  0.0053
650.5000	  0.0052
650.0000	  0.0053
649.5000	  0.0053
649.0000	  0.0053
648.5000	  0.0053
648.0000	  0.0054
647.5000	  0.0054
647.0000	  0.0055
646.5000	  0.0055
646.0000	  0.0055
645.5000	  0.0057
645.0000	  0.0056
644.5000	  0.0056
644.0000	  0.0056
643.5000	  0.0057
643.0000	  0.0057
642.5000	  0.0057
642.0000	  0.0058
641.5000	  0.0058
641.0000	  0.0059
640.5000	  0.0059
640.0000	  0.0059
639.5000	  0.0061
639.0000	  0.0061
638.5000	  0.0061
638.0000	  0.0062
637.5000	  0.0062
637.0000	  0.0062
636.5000	  0.0063
636.0000	  0.0063
635.5000	  0.0062
635.0000	  0.0064
634.5000	  0.0064
634.0000	  0.0065
633.5000	  0.0065
633.0000	  0.0065
632.5000	  0.0066
632.0000	  0.0066
631.5000	  0.0067
631.0000	  0.0067
630.5000	  0.0068
630.0000	  0.0068
629.5000	  0.0068
629.0000	  0.0069
628.5000	  0.0070
628.0000	  0.0070
627.5000	  0.0072
627.0000	  0.0071
626.5000	  0.0071
626.0000	  0.0073
625.5000	  0.0072
625.0000	  0.0074
624.5000	  0.0074
624.0000	  0.0075
623.5000	  0.0077
623.0000	  0.0075
622.5000	  0.0076
622.0000	  0.0076
621.5000	  0.0078
621.0000	  0.0076
620.5000	  0.0078
620.0000	  0.0080
619.5000	  0.0082
619.0000	  0.0079
618.5000	  0.0082
618.0000	  0.0081
617.5000	  0.0082
617.0000	  0.0083
616.5000	  0.0082
616.0000	  0.0083
615.5000	  0.0084
615.0000	  0.0085
614.5000	  0.0086
614.0000	  0.0087
613.5000	  0.0086
613.0000	  0.0086
612.5000	  0.0086
612.0000	  0.0088
611.5000	  0.0090
611.0000	  0.0091
610.5000	  0.0089
610.0000	  0.0089
609.5000	  0.0091
609.0000	  0.0092
608.5000	  0.0092
608.0000	  0.0094
607.5000	  0.0095
607.0000	  0.0096
606.5000	  0.0096
606.0000	  0.0096
605.5000	  0.0097
605.0000	  0.0097
604.5000	  0.0099
604.0000	  0.0099
603.5000	  0.0100
603.0000	  0.0099
602.5000	  0.0100
602.0000	  0.0101
601.5000	  0.0101
601.0000	  0.0104
600.5000	  0.0104
600.0000	  0.0105
599.5000	  0.0107
599.0000	  0.0106
598.5000	  0.0106
598.0000	  0.0108
597.5000	  0.0109
597.0000	  0.0109
596.5000	  0.0111
596.0000	  0.0111
595.5000	  0.0112
595.0000	  0.0113
594.5000	  0.0113
594.0000	  0.0113
593.5000	  0.0116
593.0000	  0.0117
592.5000	  0.0117
592.0000	  0.0117
591.5000	  0.0118
591.0000	  0.0121
590.5000	  0.0120
590.0000	  0.0122
589.5000	  0.0121
589.0000	  0.0125
588.5000	  0.0125
588.0000	  0.0125
587.5000	  0.0127
587.0000	  0.0126
586.5000	  0.0127
586.0000	  0.0129
585.5000	  0.0130
585.0000	  0.0130
584.5000	  0.0134
584.0000	  0.0133
583.5000	  0.0134
583.0000	  0.0137
582.5000	  0.0135
582.0000	  0.0139
581.5000	  0.0140
581.0000	  0.0139
580.5000	  0.0140
580.0000	  0.0142
579.5000	  0.0142
579.0000	  0.0144
578.5000	  0.0144
578.0000	  0.0147
577.5000	  0.0147
577.0000	  0.0149
576.5000	  0.0149
576.0000	  0.0151
575.5000	  0.0151
575.0000	  0.0154
574.5000	  0.0155
574.0000	  0.0156
573.5000	  0.0157
573.0000	  0.0159
572.5000	  0.0160
572.0000	  0.0162
571.5000	  0.0161
571.0000	  0.0164
570.5000	  0.0166
570.0000	  0.0165
569.5000	  0.0167
569.0000	  0.0169
568.5000	  0.0170
568.0000	  0.0171
567.5000	  0.0174
567.0000	  0.0174
566.5000	  0.0177
566.0000	  0.0179
565.5000	  0.0179
565.0000	  0.0180
564.5000	  0.0183
564.0000	  0.0184
563.5000	  0.0185
563.0000	  0.0186
562.5000	  0.0187
562.0000	  0.0189
561.5000	  0.0191
561.0000	  0.0193
560.5000	  0.0196
560.0000	  0.0199
559.5000	  0.0198
559.0000	  0.0202
558.5000	  0.0202
558.0000	  0.0203
557.5000	  0.0206
557.0000	  0.0208
556.5000	  0.0210
556.0000	  0.0210
555.5000	  0.0212
555.0000	  0.0215
554.5000	  0.0218
554.0000	  0.0218
553.5000	  0.0220
553.0000	  0.0223
552.5000	  0.0224
552.0000	  0.0227
551.5000	  0.0229
551.0000	  0.0230
550.5000	  0.0232
550.0000	  0.0235
549.5000	  0.0237
549.0000	  0.0240
548.5000	  0.0241
548.0000	  0.0243
547.5000	  0.0246
547.0000	  0.0248
546.5000	  0.0250
546.0000	  0.0252
545.5000	  0.0254
545.0000	  0.0257
544.5000	  0.0259
544.0000	  0.0262
543.5000	  0.0262
543.0000	  0.0266
542.5000	  0.0268
542.0000	  0.0271
541.5000	  0.0273
541.0000	  0.0276
540.5000	  0.0277
540.0000	  0.0280
539.5000	  0.0282
539.0000	  0.0286
538.5000	  0.0288
538.0000	  0.0290
537.5000	  0.0294
537.0000	  0.0295
536.5000	  0.0299
536.0000	  0.0301
535.5000	  0.0303
535.0000	  0.0307
534.5000	  0.0308
534.0000	  0.0311
533.5000	  0.0314
533.0000	  0.0317
532.5000	  0.0320
532.0000	  0.0323
531.5000	  0.0326
531.0000	  0.0330
530.5000	  0.0333
530.0000	  0.0334
529.5000	  0.0337
529.0000	  0.0342
528.5000	  0.0345
528.0000	  0.0347
527.5000	  0.0350
527.0000	  0.0355
526.5000	  0.0359
526.0000	  0.0361
525.5000	  0.0364
525.0000	  0.0367
524.5000	  0.0371
524.0000	  0.0374
523.5000	  0.0376
523.0000	  0.0380
522.5000	  0.0384
522.0000	  0.0388
521.5000	  0.0390
521.0000	  0.0394
520.5000	  0.0397
520.0000	  0.0403
519.5000	  0.0403
519.0000	  0.0409
518.5000	  0.0412
518.0000	  0.0413
517.5000	  0.0419
517.0000	  0.0423
516.5000	  0.0426
516.0000	  0.0429
515.5000	  0.0433
515.0000	  0.0436
514.5000	  0.0439
514.0000	  0.0443
513.5000	  0.0446
513.0000	  0.0450
512.5000	  0.0454
512.0000	  0.0457
511.5000	  0.0459
511.0000	  0.0464
510.5000	  0.0467
510.0000	  0.0471
509.5000	  0.0473
509.0000	  0.0476
508.5000	  0.0479
508.0000	  0.0483
507.5000	  0.0485
507.0000	  0.0489
506.5000	  0.0493
506.0000	  0.0496
505.5000	  0.0499
505.0000	  0.0500
504.5000	  0.0503
504.0000	  0.0506
503.5000	  0.0507
503.0000	  0.0510
502.5000	  0.0514
502.0000	  0.0514
501.5000	  0.0518
501.0000	  0.0519
500.5000	  0.0521
500.0000	  0.0521
499.5000	  0.0525
499.0000	  0.0526
498.5000	  0.0528
498.0000	  0.0528
497.5000	  0.0531
497.0000	  0.0529
496.5000	  0.0529
496.0000	  0.0530
495.5000	  0.0531
495.0000	  0.0531
494.5000	  0.0531
494.0000	  0.0531
493.5000	  0.0531
493.0000	  0.0527
492.5000	  0.0527
492.0000	  0.0528
491.5000	  0.0528
491.0000	  0.0524
490.5000	  0.0523
490.0000	  0.0521
489.5000	  0.0519
489.0000	  0.0517
488.5000	  0.0513
488.0000	  0.0512
487.5000	  0.0511
487.0000	  0.0508
486.5000	  0.0505
486.0000	  0.0504
485.5000	  0.0501
485.0000	  0.0497
484.5000	  0.0492
484.0000	  0.0490
483.5000	  0.0488
483.0000	  0.0486
482.5000	  0.0480
482.0000	  0.0481
481.5000	  0.0477
481.0000	  0.0473
480.5000	  0.0472
480.0000	  0.0464
479.5000	  0.0461
479.0000	  0.0459
478.5000	  0.0456
478.0000	  0.0452
477.5000	  0.0450
477.0000	  0.0447
476.5000	  0.0446
476.0000	  0.0440
475.5000	  0.0436
475.0000	  0.0436
474.5000	  0.0429
474.0000	  0.0427
473.5000	  0.0425
473.0000	  0.0420
472.5000	  0.0418
472.0000	  0.0418
471.5000	  0.0410
471.0000	  0.0409
470.5000	  0.0407
470.0000	  0.0405
469.5000	  0.0401
469.0000	  0.0397
468.5000	  0.0395
468.0000	  0.0391
467.5000	  0.0388
467.0000	  0.0386
466.5000	  0.0382
466.0000	  0.0381
465.5000	  0.0377
465.0000	  0.0377
464.5000	  0.0371
464.0000	  0.0367
463.5000	  0.0368
463.0000	  0.0363
462.5000	  0.0359
462.0000	  0.0360
461.5000	  0.0357
461.0000	  0.0357
460.5000	  0.0355
460.0000	  0.0348
459.5000	  0.0349
459.0000	  0.0348
458.5000	  0.0344
458.0000	  0.0338
457.5000	  0.0336
457.0000	  0.0340
456.5000	  0.0336
456.0000	  0.0333
455.5000	  0.0326
455.0000	  0.0326
454.5000	  0.0325
454.0000	  0.0320
453.5000	  0.0321
453.0000	  0.0314
452.5000	  0.0315
452.0000	  0.0307
451.5000	  0.0304
451.0000	  0.0301
450.5000	  0.0303
450.0000	  0.0295
449.5000	  0.0299
449.0000	  0.0295
448.5000	  0.0292
448.0000	  0.0290
447.5000	  0.0287
447.0000	  0.0283
446.5000	  0.0281
446.0000	  0.0279
445.5000	  0.0274
445.0000	  0.0274
444.5000	  0.0272
444.0000	  0.0271
443.5000	  0.0266
443.0000	  0.0269
442.5000	  0.0266
442.0000	  0.0260
441.5000	  0.0258
441.0000	  0.0257
440.5000	  0.0255
440.0000	  0.0253
439.5000	  0.0253
439.0000	  0.0254
438.5000	  0.0247
438.0000	  0.0247
437.5000	  0.0248
437.0000	  0.0245
436.5000	  0.0244
436.0000	  0.0241
435.5000	  0.0240
435.0000	  0.0239
434.5000	  0.0237
434.0000	  0.0236
433.5000	  0.0233
433.0000	  0.0233
432.5000	  0.0232
432.0000	  0.0230
431.5000	  0.0228
431.0000	  0.0227
430.5000	  0.0226
430.0000	  0.0226
429.5000	  0.0225
429.0000	  0.0222
428.5000	  0.0220
428.0000	  0.0220
427.5000	  0.0217
427.0000	  0.0216
426.5000	  0.0218
426.0000	  0.0214
425.5000	  0.0213
425.0000	  0.0211
424.5000	  0.0210
424.0000	  0.0210
423.5000	  0.0208
423.0000	  0.0210
422.5000	  0.0204
422.0000	  0.0203
421.5000	  0.0205
421.0000	  0.0203
420.5000	  0.0200
420.0000	  0.0202
419.5000	  0.0199
419.0000	  0.0202
418.5000	  0.0199
418.0000	  0.0194
417.5000	  0.0196
417.0000	  0.0195
416.5000	  0.0193
416.0000	  0.0191
415.5000	  0.0190
415.0000	  0.0190
414.5000	  0.0187
414.0000	  0.0189
413.5000	  0.0188
413.0000	  0.0185
412.5000	  0.0185
412.0000	  0.0187
411.5000	  0.0187
411.0000	  0.0180
410.5000	  0.0185
410.0000	  0.0181
409.5000	  0.0185
409.0000	  0.0176
408.5000	  0.0177
408.0000	  0.0178
407.5000	  0.0179
407.0000	  0.0177
406.5000	  0.0179
406.0000	  0.0173
405.5000	  0.0172
405.0000	  0.0170
404.5000	  0.0174
404.0000	  0.0169
403.5000	  0.0170
403.0000	  0.0168
402.5000	  0.0171
402.0000	  0.0169
401.5000	  0.0163
401.0000	  0.0165
400.5000	  0.0163
400.0000	  0.0169
399.5000	  0.0163
399.0000	  0.0165
398.5000	  0.0160
398.0000	  0.0162
397.5000	  0.0160
397.0000	  0.0156
396.5000	  0.0157
396.0000	  0.0165
395.5000	  0.0160
395.0000	  0.0156
394.5000	  0.0162
394.0000	  0.0158
393.5000	  0.0153
393.0000	  0.0158
392.5000	  0.0149
392.0000	  0.0158
391.5000	  0.0154
391.0000	  0.0147
390.5000	  0.0148
390.0000	  0.0151
389.5000	  0.0154
389.0000	  0.0148
388.5000	  0.0152
388.0000	  0.0152
387.5000	  0.0150
387.0000	  0.0149
386.5000	  0.0148
386.0000	  0.0151
385.5000	  0.0153
385.0000	  0.0144
384.5000	  0.0149
384.0000	  0.0155
383.5000	  0.0140
383.0000	  0.0151
382.5000	  0.0147
382.0000	  0.0146
381.5000	  0.0138
381.0000	  0.0140
380.5000	  0.0144
380.0000	  0.0142
379.5000	  0.0146
379.0000	  0.0142
378.5000	  0.0142
378.0000	  0.0147
377.5000	  0.0134
377.0000	  0.0139
376.5000	  0.0134
376.0000	  0.0146
375.5000	  0.0144
375.0000	  0.0139
374.5000	  0.0137
374.0000	  0.0130
373.5000	  0.0135
373.0000	  0.0146
372.5000	  0.0140
372.0000	  0.0143
371.5000	  0.0145
371.0000	  0.0147
370.5000	  0.0141
370.0000	  0.0129
369.5000	  0.0142
369.0000	  0.0138
368.5000	  0.0139
368.0000	  0.0134
367.5000	  0.0137
367.0000	  0.0147
366.5000	  0.0139
366.0000	  0.0135
365.5000	  0.0122
365.0000	  0.0136
364.5000	  0.0139
364.0000	  0.0141
363.5000	  0.0138
363.0000	  0.0144
362.5000	  0.0127
362.0000	  0.0136
361.5000	  0.0139
361.0000	  0.0132
360.5000	  0.0126
360.0000	  0.0120
359.5000	  0.0155
359.0000	  0.0123
358.5000	  0.0134
358.0000	  0.0142
357.5000	  0.0140
357.0000	  0.0124
356.5000	  0.0120
356.0000	  0.0145
355.5000	  0.0134
355.0000	  0.0122
354.5000	  0.0126
354.0000	  0.0129
353.5000	  0.0111
353.0000	  0.0102
352.5000	  0.0134
352.0000	  0.0118
351.5000	  0.0125
351.0000	  0.0126
350.5000	  0.0135
350.0000	  0.0104
