12/05/2023 17.01.55
12/05/2023 17.09.15

900.0000	 -2.3300

900.0000	 -2.3300

900.0000	  4.2700



  1.0000
900.0000
  3.0000
340.0000
  1.0000
1101.0000
  5.0000
  6.0000
  1.0000
  1.0000
  0.0000
  0.0000
100.0000
  0.0000
  1.0000
  0.0000
500.0000
900.0000
350.0000
  4.0000
  1.0000
 18.0000
  2.0000
  1.0000
255.0000
  0.7470
  1.0000
 30.0000
  4.0000
500.0000
  0.0000
  0.0000
  4.0000
900.0000
350.0000
  0.0000
100.0000
  0.0000
  1.0000
  0.0000
500.0000
  1.0000
  1.0000
  1.0000
  1.0000
  4.0000
  0.0000
  1.0000
  1.0000
  1.0000
  1.0000
  1.0000
  2.0000
  1.0000
  1.0000
  1.0000
  3.0000
  1.0000
  1.0000
  1.0000
  4.0000
  5.0000
440.501
0.000
900.0000	  0.0006
899.5000	 -0.0173
899.0000	  0.0047
898.5000	 -0.0067
898.0000	  0.0222
897.5000	 -0.0004
897.0000	 -0.0083
896.5000	 -0.0013
896.0000	 -0.0165
895.5000	  0.0038
895.0000	  0.0670
894.5000	 -0.0130
894.0000	  0.0115
893.5000	  0.0380
893.0000	 -0.0103
892.5000	  0.0122
892.0000	  0.0613
891.5000	  0.0152
891.0000	 -0.0041
890.5000	 -0.0117
890.0000	  0.0191
889.5000	 -0.0284
889.0000	  0.0601
888.5000	  0.0133
888.0000	 -0.0033
887.5000	  0.0214
887.0000	  0.0200
886.5000	 -0.0061
886.0000	  0.0202
885.5000	  0.0071
885.0000	  0.0193
884.5000	  0.0107
884.0000	 -0.0004
883.5000	  0.0021
883.0000	  0.0230
882.5000	  0.0082
882.0000	  0.0092
881.5000	  0.0166
881.0000	  0.0087
880.5000	  0.0179
880.0000	  0.0181
879.5000	  0.0162
879.0000	  0.0084
878.5000	  0.0175
878.0000	  0.0178
877.5000	  0.0117
877.0000	  0.0074
876.5000	  0.0198
876.0000	  0.0082
875.5000	  0.0086
875.0000	  0.0166
874.5000	  0.0115
874.0000	  0.0091
873.5000	  0.0179
873.0000	  0.0085
872.5000	  0.0141
872.0000	  0.0146
871.5000	  0.0147
871.0000	  0.0112
870.5000	  0.0124
870.0000	  0.0086
869.5000	  0.0175
869.0000	  0.0166
868.5000	  0.0131
868.0000	  0.0130
867.5000	  0.0133
867.0000	  0.0120
866.5000	  0.0103
866.0000	  0.0164
865.5000	  0.0128
865.0000	  0.0113
864.5000	  0.0130
864.0000	  0.0139
863.5000	  0.0114
863.0000	  0.0129
862.5000	  0.0137
862.0000	  0.0136
861.5000	  0.0110
861.0000	  0.0144
860.5000	  0.0122
860.0000	  0.0123
859.5000	  0.0132
859.0000	  0.0126
858.5000	  0.0127
858.0000	  0.0132
857.5000	  0.0137
857.0000	  0.0123
856.5000	  0.0128
856.0000	  0.0131
855.5000	  0.0132
855.0000	  0.0125
854.5000	  0.0132
854.0000	  0.0140
853.5000	  0.0130
853.0000	  0.0133
852.5000	  0.0125
852.0000	  0.0130
851.5000	  0.0132
851.0000	  0.0123
850.5000	  0.0126
850.0000	  0.0124
849.5000	  0.0129
849.0000	  0.0131
848.5000	  0.0130
848.0000	  0.0134
847.5000	  0.0133
847.0000	  0.0132
846.5000	  0.0134
846.0000	  0.0132
845.5000	  0.0132
845.0000	  0.0129
844.5000	  0.0132
844.0000	  0.0129
843.5000	  0.0131
843.0000	  0.0137
842.5000	  0.0131
842.0000	  0.0135
841.5000	  0.0136
841.0000	  0.0133
840.5000	  0.0135
840.0000	  0.0134
839.5000	  0.0133
839.0000	  0.0130
838.5000	  0.0132
838.0000	  0.0130
837.5000	  0.0132
837.0000	  0.0133
836.5000	  0.0134
836.0000	  0.0134
835.5000	  0.0132
835.0000	  0.0132
834.5000	  0.0132
834.0000	  0.0134
833.5000	  0.0134
833.0000	  0.0130
832.5000	  0.0134
832.0000	  0.0132
831.5000	  0.0132
831.0000	  0.0133
830.5000	  0.0131
830.0000	  0.0133
829.5000	  0.0132
829.0000	  0.0131
828.5000	  0.0132
828.0000	  0.0132
827.5000	  0.0132
827.0000	  0.0132
826.5000	  0.0134
826.0000	  0.0132
825.5000	  0.0133
825.0000	  0.0134
824.5000	  0.0132
824.0000	  0.0134
823.5000	  0.0134
823.0000	  0.0132
822.5000	  0.0132
822.0000	  0.0132
821.5000	  0.0133
821.0000	  0.0132
820.5000	  0.0135
820.0000	  0.0133
819.5000	  0.0133
819.0000	  0.0134
818.5000	  0.0133
818.0000	  0.0133
817.5000	  0.0131
817.0000	  0.0133
816.5000	  0.0132
816.0000	  0.0132
815.5000	  0.0132
815.0000	  0.0134
814.5000	  0.0133
814.0000	  0.0133
813.5000	  0.0134
813.0000	  0.0132
812.5000	  0.0134
812.0000	  0.0134
811.5000	  0.0134
811.0000	  0.0134
810.5000	  0.0132
810.0000	  0.0132
809.5000	  0.0133
809.0000	  0.0134
808.5000	  0.0135
808.0000	  0.0133
807.5000	  0.0135
807.0000	  0.0133
806.5000	  0.0134
806.0000	  0.0135
805.5000	  0.0135
805.0000	  0.0134
804.5000	  0.0135
804.0000	  0.0136
803.5000	  0.0135
803.0000	  0.0136
802.5000	  0.0135
802.0000	  0.0135
801.5000	  0.0134
801.0000	  0.0136
800.5000	  0.0136
800.0000	  0.0136
799.5000	  0.0135
799.0000	  0.0136
798.5000	  0.0136
798.0000	  0.0136
797.5000	  0.0136
797.0000	  0.0135
796.5000	  0.0135
796.0000	  0.0135
795.5000	  0.0137
795.0000	  0.0136
794.5000	  0.0138
794.0000	  0.0135
793.5000	  0.0137
793.0000	  0.0136
792.5000	  0.0136
792.0000	  0.0137
791.5000	  0.0136
791.0000	  0.0137
790.5000	  0.0135
790.0000	  0.0136
789.5000	  0.0136
789.0000	  0.0138
788.5000	  0.0139
788.0000	  0.0136
787.5000	  0.0140
787.0000	  0.0137
786.5000	  0.0138
786.0000	  0.0138
785.5000	  0.0140
785.0000	  0.0138
784.5000	  0.0137
784.0000	  0.0138
783.5000	  0.0138
783.0000	  0.0137
782.5000	  0.0139
782.0000	  0.0138
781.5000	  0.0140
781.0000	  0.0139
780.5000	  0.0139
780.0000	  0.0139
779.5000	  0.0139
779.0000	  0.0140
778.5000	  0.0139
778.0000	  0.0139
777.5000	  0.0139
777.0000	  0.0141
776.5000	  0.0139
776.0000	  0.0139
775.5000	  0.0141
775.0000	  0.0140
774.5000	  0.0141
774.0000	  0.0141
773.5000	  0.0141
773.0000	  0.0141
772.5000	  0.0140
772.0000	  0.0142
771.5000	  0.0141
771.0000	  0.0141
770.5000	  0.0143
770.0000	  0.0142
769.5000	  0.0143
769.0000	  0.0142
768.5000	  0.0142
768.0000	  0.0143
767.5000	  0.0142
767.0000	  0.0141
766.5000	  0.0143
766.0000	  0.0144
765.5000	  0.0143
765.0000	  0.0143
764.5000	  0.0142
764.0000	  0.0143
763.5000	  0.0143
763.0000	  0.0144
762.5000	  0.0144
762.0000	  0.0144
761.5000	  0.0144
761.0000	  0.0143
760.5000	  0.0145
760.0000	  0.0145
759.5000	  0.0144
759.0000	  0.0146
758.5000	  0.0146
758.0000	  0.0144
757.5000	  0.0145
757.0000	  0.0145
756.5000	  0.0146
756.0000	  0.0145
755.5000	  0.0147
755.0000	  0.0146
754.5000	  0.0146
754.0000	  0.0146
753.5000	  0.0147
753.0000	  0.0146
752.5000	  0.0147
752.0000	  0.0147
751.5000	  0.0148
751.0000	  0.0148
750.5000	  0.0149
750.0000	  0.0149
749.5000	  0.0148
749.0000	  0.0149
748.5000	  0.0149
748.0000	  0.0148
747.5000	  0.0149
747.0000	  0.0149
746.5000	  0.0150
746.0000	  0.0149
745.5000	  0.0150
745.0000	  0.0149
744.5000	  0.0149
744.0000	  0.0152
743.5000	  0.0151
743.0000	  0.0152
742.5000	  0.0152
742.0000	  0.0152
741.5000	  0.0152
741.0000	  0.0152
740.5000	  0.0153
740.0000	  0.0153
739.5000	  0.0152
739.0000	  0.0152
738.5000	  0.0154
738.0000	  0.0154
737.5000	  0.0153
737.0000	  0.0153
736.5000	  0.0155
736.0000	  0.0154
735.5000	  0.0154
735.0000	  0.0154
734.5000	  0.0156
734.0000	  0.0155
733.5000	  0.0156
733.0000	  0.0156
732.5000	  0.0157
732.0000	  0.0156
731.5000	  0.0157
731.0000	  0.0158
730.5000	  0.0157
730.0000	  0.0158
729.5000	  0.0158
729.0000	  0.0159
728.5000	  0.0158
728.0000	  0.0158
727.5000	  0.0160
727.0000	  0.0160
726.5000	  0.0160
726.0000	  0.0162
725.5000	  0.0161
725.0000	  0.0163
724.5000	  0.0164
724.0000	  0.0162
723.5000	  0.0163
723.0000	  0.0164
722.5000	  0.0165
722.0000	  0.0166
721.5000	  0.0167
721.0000	  0.0167
720.5000	  0.0169
720.0000	  0.0168
719.5000	  0.0168
719.0000	  0.0169
718.5000	  0.0168
718.0000	  0.0169
717.5000	  0.0170
717.0000	  0.0171
716.5000	  0.0169
716.0000	  0.0169
715.5000	  0.0172
715.0000	  0.0172
714.5000	  0.0170
714.0000	  0.0171
713.5000	  0.0171
713.0000	  0.0170
712.5000	  0.0170
712.0000	  0.0170
711.5000	  0.0170
711.0000	  0.0170
710.5000	  0.0169
710.0000	  0.0171
709.5000	  0.0169
709.0000	  0.0170
708.5000	  0.0171
708.0000	  0.0170
707.5000	  0.0171
707.0000	  0.0172
706.5000	  0.0172
706.0000	  0.0171
705.5000	  0.0172
705.0000	  0.0172
704.5000	  0.0172
704.0000	  0.0172
703.5000	  0.0174
703.0000	  0.0174
702.5000	  0.0173
702.0000	  0.0176
701.5000	  0.0176
701.0000	  0.0176
700.5000	  0.0175
700.0000	  0.0176
699.5000	  0.0178
699.0000	  0.0178
698.5000	  0.0179
698.0000	  0.0179
697.5000	  0.0178
697.0000	  0.0179
696.5000	  0.0179
696.0000	  0.0179
695.5000	  0.0180
695.0000	  0.0180
694.5000	  0.0182
694.0000	  0.0180
693.5000	  0.0181
693.0000	  0.0182
692.5000	  0.0184
692.0000	  0.0182
691.5000	  0.0183
691.0000	  0.0184
690.5000	  0.0185
690.0000	  0.0186
689.5000	  0.0187
689.0000	  0.0187
688.5000	  0.0189
688.0000	  0.0188
687.5000	  0.0188
687.0000	  0.0187
686.5000	  0.0190
686.0000	  0.0191
685.5000	  0.0192
685.0000	  0.0191
684.5000	  0.0191
684.0000	  0.0192
683.5000	  0.0193
683.0000	  0.0195
682.5000	  0.0195
682.0000	  0.0196
681.5000	  0.0196
681.0000	  0.0196
680.5000	  0.0196
680.0000	  0.0197
679.5000	  0.0199
679.0000	  0.0199
678.5000	  0.0200
678.0000	  0.0200
677.5000	  0.0201
677.0000	  0.0202
676.5000	  0.0201
676.0000	  0.0203
675.5000	  0.0204
675.0000	  0.0203
674.5000	  0.0205
674.0000	  0.0205
673.5000	  0.0206
673.0000	  0.0207
672.5000	  0.0208
672.0000	  0.0208
671.5000	  0.0210
671.0000	  0.0211
670.5000	  0.0211
670.0000	  0.0211
669.5000	  0.0212
669.0000	  0.0214
668.5000	  0.0214
668.0000	  0.0214
667.5000	  0.0216
667.0000	  0.0216
666.5000	  0.0217
666.0000	  0.0218
665.5000	  0.0219
665.0000	  0.0219
664.5000	  0.0220
664.0000	  0.0222
663.5000	  0.0221
663.0000	  0.0223
662.5000	  0.0224
662.0000	  0.0225
661.5000	  0.0226
661.0000	  0.0228
660.5000	  0.0227
660.0000	  0.0229
659.5000	  0.0229
659.0000	  0.0231
658.5000	  0.0231
658.0000	  0.0234
657.5000	  0.0234
657.0000	  0.0234
656.5000	  0.0235
656.0000	  0.0236
655.5000	  0.0237
655.0000	  0.0238
654.5000	  0.0240
654.0000	  0.0239
653.5000	  0.0242
653.0000	  0.0243
652.5000	  0.0244
652.0000	  0.0245
651.5000	  0.0246
651.0000	  0.0247
650.5000	  0.0247
650.0000	  0.0250
649.5000	  0.0251
649.0000	  0.0251
648.5000	  0.0252
648.0000	  0.0254
647.5000	  0.0255
647.0000	  0.0256
646.5000	  0.0257
646.0000	  0.0260
645.5000	  0.0260
645.0000	  0.0260
644.5000	  0.0261
644.0000	  0.0264
643.5000	  0.0264
643.0000	  0.0266
642.5000	  0.0267
642.0000	  0.0268
641.5000	  0.0270
641.0000	  0.0271
640.5000	  0.0272
640.0000	  0.0272
639.5000	  0.0274
639.0000	  0.0276
638.5000	  0.0277
638.0000	  0.0278
637.5000	  0.0280
637.0000	  0.0280
636.5000	  0.0282
636.0000	  0.0283
635.5000	  0.0284
635.0000	  0.0285
634.5000	  0.0287
634.0000	  0.0289
633.5000	  0.0290
633.0000	  0.0291
632.5000	  0.0293
632.0000	  0.0294
631.5000	  0.0295
631.0000	  0.0297
630.5000	  0.0299
630.0000	  0.0301
629.5000	  0.0303
629.0000	  0.0304
628.5000	  0.0306
628.0000	  0.0309
627.5000	  0.0311
627.0000	  0.0313
626.5000	  0.0313
626.0000	  0.0317
625.5000	  0.0318
625.0000	  0.0321
624.5000	  0.0322
624.0000	  0.0325
623.5000	  0.0327
623.0000	  0.0330
622.5000	  0.0332
622.0000	  0.0334
621.5000	  0.0335
621.0000	  0.0338
620.5000	  0.0341
620.0000	  0.0342
619.5000	  0.0344
619.0000	  0.0348
618.5000	  0.0347
618.0000	  0.0351
617.5000	  0.0351
617.0000	  0.0354
616.5000	  0.0356
616.0000	  0.0359
615.5000	  0.0359
615.0000	  0.0361
614.5000	  0.0364
614.0000	  0.0367
613.5000	  0.0368
613.0000	  0.0369
612.5000	  0.0373
612.0000	  0.0373
611.5000	  0.0375
611.0000	  0.0377
610.5000	  0.0380
610.0000	  0.0382
609.5000	  0.0385
609.0000	  0.0388
608.5000	  0.0389
608.0000	  0.0391
607.5000	  0.0394
607.0000	  0.0395
606.5000	  0.0398
606.0000	  0.0400
605.5000	  0.0404
605.0000	  0.0405
604.5000	  0.0408
604.0000	  0.0409
603.5000	  0.0412
603.0000	  0.0415
602.5000	  0.0419
602.0000	  0.0418
601.5000	  0.0423
601.0000	  0.0426
600.5000	  0.0427
600.0000	  0.0430
599.5000	  0.0434
599.0000	  0.0436
598.5000	  0.0439
598.0000	  0.0442
597.5000	  0.0443
597.0000	  0.0446
596.5000	  0.0449
596.0000	  0.0452
595.5000	  0.0455
595.0000	  0.0458
594.5000	  0.0459
594.0000	  0.0464
593.5000	  0.0466
593.0000	  0.0468
592.5000	  0.0471
592.0000	  0.0474
591.5000	  0.0477
591.0000	  0.0480
590.5000	  0.0482
590.0000	  0.0486
589.5000	  0.0489
589.0000	  0.0493
588.5000	  0.0494
588.0000	  0.0498
587.5000	  0.0501
587.0000	  0.0505
586.5000	  0.0507
586.0000	  0.0510
585.5000	  0.0511
585.0000	  0.0516
584.5000	  0.0520
584.0000	  0.0524
583.5000	  0.0525
583.0000	  0.0529
582.5000	  0.0533
582.0000	  0.0536
581.5000	  0.0538
581.0000	  0.0542
580.5000	  0.0545
580.0000	  0.0550
579.5000	  0.0553
579.0000	  0.0555
578.5000	  0.0561
578.0000	  0.0564
577.5000	  0.0567
577.0000	  0.0570
576.5000	  0.0573
576.0000	  0.0578
575.5000	  0.0580
575.0000	  0.0584
574.5000	  0.0590
574.0000	  0.0595
573.5000	  0.0595
573.0000	  0.0598
572.5000	  0.0602
572.0000	  0.0608
571.5000	  0.0611
571.0000	  0.0615
570.5000	  0.0620
570.0000	  0.0624
569.5000	  0.0627
569.0000	  0.0633
568.5000	  0.0636
568.0000	  0.0641
567.5000	  0.0643
567.0000	  0.0647
566.5000	  0.0651
566.0000	  0.0657
565.5000	  0.0662
565.0000	  0.0664
564.5000	  0.0669
564.0000	  0.0674
563.5000	  0.0680
563.0000	  0.0683
562.5000	  0.0689
562.0000	  0.0693
561.5000	  0.0697
561.0000	  0.0703
560.5000	  0.0708
560.0000	  0.0711
559.5000	  0.0715
559.0000	  0.0720
558.5000	  0.0725
558.0000	  0.0731
557.5000	  0.0735
557.0000	  0.0740
556.5000	  0.0746
556.0000	  0.0751
555.5000	  0.0754
555.0000	  0.0760
554.5000	  0.0765
554.0000	  0.0770
553.5000	  0.0776
553.0000	  0.0780
552.5000	  0.0785
552.0000	  0.0791
551.5000	  0.0795
551.0000	  0.0802
550.5000	  0.0806
550.0000	  0.0813
549.5000	  0.0819
549.0000	  0.0825
548.5000	  0.0830
548.0000	  0.0833
547.5000	  0.0840
547.0000	  0.0848
546.5000	  0.0851
546.0000	  0.0858
545.5000	  0.0863
545.0000	  0.0868
544.5000	  0.0875
544.0000	  0.0881
543.5000	  0.0886
543.0000	  0.0892
542.5000	  0.0900
542.0000	  0.0903
541.5000	  0.0910
541.0000	  0.0917
540.5000	  0.0923
540.0000	  0.0929
539.5000	  0.0935
539.0000	  0.0941
538.5000	  0.0947
538.0000	  0.0954
537.5000	  0.0961
537.0000	  0.0967
536.5000	  0.0971
536.0000	  0.0978
535.5000	  0.0987
535.0000	  0.0992
534.5000	  0.0998
534.0000	  0.1005
533.5000	  0.1012
533.0000	  0.1017
532.5000	  0.1025
532.0000	  0.1033
531.5000	  0.1039
531.0000	  0.1047
530.5000	  0.1053
530.0000	  0.1061
529.5000	  0.1068
529.0000	  0.1075
528.5000	  0.1081
528.0000	  0.1088
527.5000	  0.1096
527.0000	  0.1101
526.5000	  0.1112
526.0000	  0.1119
525.5000	  0.1125
525.0000	  0.1133
524.5000	  0.1139
524.0000	  0.1149
523.5000	  0.1155
523.0000	  0.1161
522.5000	  0.1171
522.0000	  0.1177
521.5000	  0.1185
521.0000	  0.1191
520.5000	  0.1199
520.0000	  0.1206
519.5000	  0.1216
519.0000	  0.1220
518.5000	  0.1227
518.0000	  0.1235
517.5000	  0.1244
517.0000	  0.1247
516.5000	  0.1256
516.0000	  0.1263
515.5000	  0.1270
515.0000	  0.1276
514.5000	  0.1284
514.0000	  0.1291
513.5000	  0.1298
513.0000	  0.1303
512.5000	  0.1310
512.0000	  0.1315
511.5000	  0.1324
511.0000	  0.1331
510.5000	  0.1338
510.0000	  0.1342
509.5000	  0.1349
509.0000	  0.1358
508.5000	  0.1363
508.0000	  0.1369
507.5000	  0.1373
507.0000	  0.1381
506.5000	  0.1387
506.0000	  0.1394
505.5000	  0.1398
505.0000	  0.1404
504.5000	  0.1411
504.0000	  0.1416
503.5000	  0.1422
503.0000	  0.1426
502.5000	  0.1429
502.0000	  0.1436
501.5000	  0.1442
501.0000	  0.1445
500.5000	  0.1450
500.0000	  0.1455
499.5000	  0.1456
499.0000	  0.1462
498.5000	  0.1465
498.0000	  0.1464
497.5000	  0.1468
497.0000	  0.1470
496.5000	  0.1470
496.0000	  0.1471
495.5000	  0.1473
495.0000	  0.1471
494.5000	  0.1475
494.0000	  0.1470
493.5000	  0.1469
493.0000	  0.1468
492.5000	  0.1469
492.0000	  0.1466
491.5000	  0.1465
491.0000	  0.1461
490.5000	  0.1459
490.0000	  0.1453
489.5000	  0.1451
489.0000	  0.1447
488.5000	  0.1443
488.0000	  0.1439
487.5000	  0.1433
487.0000	  0.1428
486.5000	  0.1423
486.0000	  0.1416
485.5000	  0.1416
485.0000	  0.1409
484.5000	  0.1400
484.0000	  0.1397
483.5000	  0.1393
483.0000	  0.1383
482.5000	  0.1381
482.0000	  0.1372
481.5000	  0.1367
481.0000	  0.1359
480.5000	  0.1353
480.0000	  0.1348
479.5000	  0.1341
479.0000	  0.1337
478.5000	  0.1327
478.0000	  0.1324
477.5000	  0.1316
477.0000	  0.1311
476.5000	  0.1303
476.0000	  0.1300
475.5000	  0.1293
475.0000	  0.1287
474.5000	  0.1281
474.0000	  0.1271
473.5000	  0.1269
473.0000	  0.1258
472.5000	  0.1254
472.0000	  0.1249
471.5000	  0.1242
471.0000	  0.1238
470.5000	  0.1235
470.0000	  0.1225
469.5000	  0.1220
469.0000	  0.1214
468.5000	  0.1214
468.0000	  0.1207
467.5000	  0.1199
467.0000	  0.1193
466.5000	  0.1191
466.0000	  0.1182
465.5000	  0.1180
465.0000	  0.1173
464.5000	  0.1170
464.0000	  0.1166
463.5000	  0.1160
463.0000	  0.1157
462.5000	  0.1147
462.0000	  0.1142
461.5000	  0.1140
461.0000	  0.1138
460.5000	  0.1131
460.0000	  0.1124
459.5000	  0.1118
459.0000	  0.1116
458.5000	  0.1113
458.0000	  0.1103
457.5000	  0.1098
457.0000	  0.1095
456.5000	  0.1093
456.0000	  0.1083
455.5000	  0.1080
455.0000	  0.1072
454.5000	  0.1068
454.0000	  0.1059
453.5000	  0.1054
453.0000	  0.1044
452.5000	  0.1040
452.0000	  0.1034
451.5000	  0.1024
451.0000	  0.1020
450.5000	  0.1013
450.0000	  0.1006
449.5000	  0.0999
449.0000	  0.0993
448.5000	  0.0987
448.0000	  0.0980
447.5000	  0.0977
447.0000	  0.0970
446.5000	  0.0962
446.0000	  0.0955
445.5000	  0.0951
445.0000	  0.0948
444.5000	  0.0938
444.0000	  0.0932
443.5000	  0.0926
443.0000	  0.0926
442.5000	  0.0923
442.0000	  0.0918
441.5000	  0.0909
441.0000	  0.0907
440.5000	  0.0902
440.0000	  0.0895
439.5000	  0.0894
439.0000	  0.0887
438.5000	  0.0884
438.0000	  0.0880
437.5000	  0.0876
437.0000	  0.0876
436.5000	  0.0868
436.0000	  0.0865
435.5000	  0.0863
435.0000	  0.0857
434.5000	  0.0854
434.0000	  0.0847
433.5000	  0.0845
433.0000	  0.0843
432.5000	  0.0840
432.0000	  0.0837
431.5000	  0.0834
431.0000	  0.0829
430.5000	  0.0827
430.0000	  0.0821
429.5000	  0.0817
429.0000	  0.0813
428.5000	  0.0814
428.0000	  0.0808
427.5000	  0.0805
427.0000	  0.0806
426.5000	  0.0801
426.0000	  0.0799
425.5000	  0.0795
425.0000	  0.0792
424.5000	  0.0790
424.0000	  0.0788
423.5000	  0.0787
423.0000	  0.0782
422.5000	  0.0779
422.0000	  0.0775
421.5000	  0.0772
421.0000	  0.0772
420.5000	  0.0767
420.0000	  0.0768
419.5000	  0.0765
419.0000	  0.0760
418.5000	  0.0757
418.0000	  0.0756
417.5000	  0.0755
417.0000	  0.0748
416.5000	  0.0745
416.0000	  0.0749
415.5000	  0.0742
415.0000	  0.0741
414.5000	  0.0739
414.0000	  0.0735
413.5000	  0.0732
413.0000	  0.0733
412.5000	  0.0730
412.0000	  0.0727
411.5000	  0.0725
411.0000	  0.0720
410.5000	  0.0715
410.0000	  0.0717
409.5000	  0.0710
409.0000	  0.0716
408.5000	  0.0707
408.0000	  0.0708
407.5000	  0.0703
407.0000	  0.0701
406.5000	  0.0693
406.0000	  0.0697
405.5000	  0.0694
405.0000	  0.0693
404.5000	  0.0692
404.0000	  0.0690
403.5000	  0.0687
403.0000	  0.0684
402.5000	  0.0680
402.0000	  0.0680
401.5000	  0.0679
401.0000	  0.0674
400.5000	  0.0672
400.0000	  0.0672
399.5000	  0.0667
399.0000	  0.0667
398.5000	  0.0664
398.0000	  0.0663
397.5000	  0.0659
397.0000	  0.0660
396.5000	  0.0660
396.0000	  0.0656
395.5000	  0.0658
395.0000	  0.0653
394.5000	  0.0654
394.0000	  0.0649
393.5000	  0.0645
393.0000	  0.0643
392.5000	  0.0642
392.0000	  0.0641
391.5000	  0.0637
391.0000	  0.0638
390.5000	  0.0638
390.0000	  0.0638
389.5000	  0.0638
389.0000	  0.0630
388.5000	  0.0630
388.0000	  0.0638
387.5000	  0.0630
387.0000	  0.0632
386.5000	  0.0632
386.0000	  0.0627
385.5000	  0.0624
385.0000	  0.0627
384.5000	  0.0626
384.0000	  0.0620
383.5000	  0.0625
383.0000	  0.0623
382.5000	  0.0618
382.0000	  0.0619
381.5000	  0.0621
381.0000	  0.0615
380.5000	  0.0617
380.0000	  0.0614
379.5000	  0.0616
379.0000	  0.0612
378.5000	  0.0612
378.0000	  0.0618
377.5000	  0.0610
377.0000	  0.0610
376.5000	  0.0608
376.0000	  0.0607
375.5000	  0.0611
375.0000	  0.0603
374.5000	  0.0605
374.0000	  0.0607
373.5000	  0.0601
373.0000	  0.0602
372.5000	  0.0603
372.0000	  0.0601
371.5000	  0.0602
371.0000	  0.0602
370.5000	  0.0605
370.0000	  0.0598
369.5000	  0.0592
369.0000	  0.0588
368.5000	  0.0597
368.0000	  0.0596
367.5000	  0.0591
367.0000	  0.0590
366.5000	  0.0594
366.0000	  0.0593
365.5000	  0.0595
365.0000	  0.0586
364.5000	  0.0584
364.0000	  0.0587
363.5000	  0.0584
363.0000	  0.0590
362.5000	  0.0586
362.0000	  0.0587
361.5000	  0.0579
361.0000	  0.0586
360.5000	  0.0593
360.0000	  0.0579
359.5000	  0.0581
359.0000	  0.0582
358.5000	  0.0582
358.0000	  0.0578
357.5000	  0.0577
357.0000	  0.0585
356.5000	  0.0578
356.0000	  0.0588
355.5000	  0.0570
355.0000	  0.0574
354.5000	  0.0575
354.0000	  0.0565
353.5000	  0.0563
353.0000	  0.0564
352.5000	  0.0567
352.0000	  0.0566
351.5000	  0.0559
351.0000	  0.0569
350.5000	  0.0559
350.0000	  0.0555
