12/05/2023 15.52.46
12/05/2023 16.00.07

900.0000	 -7.4600

900.0000	 -7.4600

900.0000	 13.3000



  1.0000
900.0000
  3.0000
340.0000
  1.0000
1101.0000
  5.0000
  6.0000
  1.0000
  1.0000
  0.0000
  0.0000
100.0000
  0.0000
  1.0000
  0.0000
500.0000
900.0000
350.0000
  4.0000
  1.0000
 18.0000
  2.0000
  1.0000
255.0000
  0.7470
  1.0000
 30.0000
  4.0000
500.0000
  0.0000
  0.0000
  4.0000
900.0000
350.0000
  0.0000
100.0000
  0.0000
  1.0000
  0.0000
500.0000
  1.0000
  1.0000
  1.0000
  1.0000
  4.0000
  0.0000
  1.0000
  1.0000
  1.0000
  1.0000
  1.0000
  2.0000
  1.0000
  1.0000
  1.0000
  3.0000
  1.0000
  1.0000
  1.0000
  4.0000
  5.0000
440.572
0.000
900.0000	 -0.0051
899.5000	  0.3185
899.0000	  0.0706
898.5000	 -0.0929
898.0000	  0.0963
897.5000	  0.0197
897.0000	 -0.0314
896.5000	  0.1768
896.0000	 -0.0114
895.5000	  0.0893
895.0000	 -0.0780
894.5000	 -0.0399
894.0000	  0.0474
893.5000	 -0.0443
893.0000	  0.0502
892.5000	  0.0607
892.0000	 -0.0610
891.5000	 -0.0469
891.0000	  0.0390
890.5000	 -0.0509
890.0000	  0.0126
889.5000	 -0.0098
889.0000	  0.0477
888.5000	 -0.0148
888.0000	 -0.0003
887.5000	 -0.0315
887.0000	 -0.0326
886.5000	  0.0589
886.0000	  0.0119
885.5000	  0.0109
885.0000	 -0.0850
884.5000	 -0.0173
884.0000	 -0.0238
883.5000	 -0.0070
883.0000	 -0.0551
882.5000	 -0.0029
882.0000	  0.0030
881.5000	  0.0178
881.0000	 -0.0079
880.5000	  0.0433
880.0000	 -0.0019
879.5000	 -0.0069
879.0000	 -0.0275
878.5000	  0.0211
878.0000	  0.0026
877.5000	 -0.0111
877.0000	  0.0004
876.5000	  0.0176
876.0000	  0.0066
875.5000	  0.0116
875.0000	 -0.0128
874.5000	 -0.0012
874.0000	 -0.0066
873.5000	  0.0017
873.0000	 -0.0027
872.5000	  0.0145
872.0000	 -0.0035
871.5000	  0.0010
871.0000	  0.0022
870.5000	  0.0126
870.0000	 -0.0096
869.5000	 -0.0036
869.0000	  0.0093
868.5000	  0.0016
868.0000	 -0.0122
867.5000	 -0.0024
867.0000	 -0.0144
866.5000	  0.0040
866.0000	  0.0029
865.5000	 -0.0014
865.0000	  0.0017
864.5000	  0.0055
864.0000	  0.0031
863.5000	 -0.0015
863.0000	 -0.0013
862.5000	 -0.0029
862.0000	 -0.0022
861.5000	  0.0007
861.0000	 -0.0019
860.5000	  0.0015
860.0000	 -0.0012
859.5000	 -0.0024
859.0000	  0.0007
858.5000	  0.0005
858.0000	  0.0036
857.5000	  0.0051
857.0000	  0.0030
856.5000	  0.0014
856.0000	  0.0020
855.5000	  0.0035
855.0000	  0.0024
854.5000	  0.0011
854.0000	  0.0009
853.5000	  0.0005
853.0000	  0.0020
852.5000	  0.0001
852.0000	  0.0015
851.5000	  0.0005
851.0000	  0.0015
850.5000	  0.0008
850.0000	  0.0006
849.5000	  0.0015
849.0000	  0.0017
848.5000	  0.0011
848.0000	  0.0006
847.5000	  0.0019
847.0000	  0.0007
846.5000	 -0.0004
846.0000	  0.0013
845.5000	  0.0013
845.0000	  0.0015
844.5000	  0.0002
844.0000	  0.0013
843.5000	  0.0011
843.0000	  0.0013
842.5000	  0.0014
842.0000	  0.0020
841.5000	  0.0017
841.0000	  0.0020
840.5000	  0.0003
840.0000	  0.0011
839.5000	  0.0020
839.0000	  0.0013
838.5000	  0.0017
838.0000	  0.0015
837.5000	  0.0010
837.0000	  0.0012
836.5000	  0.0014
836.0000	  0.0013
835.5000	  0.0011
835.0000	  0.0015
834.5000	  0.0006
834.0000	  0.0013
833.5000	  0.0007
833.0000	  0.0019
832.5000	  0.0012
832.0000	  0.0016
831.5000	  0.0009
831.0000	  0.0011
830.5000	  0.0012
830.0000	  0.0013
829.5000	  0.0011
829.0000	  0.0012
828.5000	  0.0017
828.0000	  0.0013
827.5000	  0.0014
827.0000	  0.0014
826.5000	  0.0011
826.0000	  0.0011
825.5000	  0.0010
825.0000	  0.0011
824.5000	  0.0016
824.0000	  0.0009
823.5000	  0.0013
823.0000	  0.0010
822.5000	  0.0011
822.0000	  0.0010
821.5000	  0.0010
821.0000	  0.0011
820.5000	  0.0013
820.0000	  0.0009
819.5000	  0.0010
819.0000	  0.0011
818.5000	  0.0011
818.0000	  0.0010
817.5000	  0.0011
817.0000	  0.0012
816.5000	  0.0010
816.0000	  0.0012
815.5000	  0.0012
815.0000	  0.0012
814.5000	  0.0012
814.0000	  0.0011
813.5000	  0.0011
813.0000	  0.0010
812.5000	  0.0012
812.0000	  0.0012
811.5000	  0.0010
811.0000	  0.0011
810.5000	  0.0009
810.0000	  0.0010
809.5000	  0.0010
809.0000	  0.0011
808.5000	  0.0010
808.0000	  0.0009
807.5000	  0.0010
807.0000	  0.0011
806.5000	  0.0009
806.0000	  0.0009
805.5000	  0.0010
805.0000	  0.0012
804.5000	  0.0011
804.0000	  0.0011
803.5000	  0.0012
803.0000	  0.0010
802.5000	  0.0010
802.0000	  0.0010
801.5000	  0.0008
801.0000	  0.0009
800.5000	  0.0009
800.0000	  0.0011
799.5000	  0.0010
799.0000	  0.0008
798.5000	  0.0009
798.0000	  0.0010
797.5000	  0.0007
797.0000	  0.0008
796.5000	  0.0009
796.0000	  0.0010
795.5000	  0.0010
795.0000	  0.0009
794.5000	  0.0008
794.0000	  0.0007
793.5000	  0.0007
793.0000	  0.0007
792.5000	  0.0007
792.0000	  0.0008
791.5000	  0.0007
791.0000	  0.0005
790.5000	  0.0009
790.0000	  0.0008
789.5000	  0.0006
789.0000	  0.0006
788.5000	  0.0005
788.0000	  0.0008
787.5000	  0.0006
787.0000	  0.0008
786.5000	  0.0008
786.0000	  0.0007
785.5000	  0.0008
785.0000	  0.0005
784.5000	  0.0009
784.0000	  0.0008
783.5000	  0.0007
783.0000	  0.0007
782.5000	  0.0007
782.0000	  0.0008
781.5000	  0.0008
781.0000	  0.0008
780.5000	  0.0007
780.0000	  0.0008
779.5000	  0.0008
779.0000	  0.0007
778.5000	  0.0008
778.0000	  0.0006
777.5000	  0.0008
777.0000	  0.0005
776.5000	  0.0006
776.0000	  0.0007
775.5000	  0.0005
775.0000	  0.0007
774.5000	  0.0007
774.0000	  0.0007
773.5000	  0.0006
773.0000	  0.0006
772.5000	  0.0006
772.0000	  0.0007
771.5000	  0.0007
771.0000	  0.0006
770.5000	  0.0005
770.0000	  0.0005
769.5000	  0.0006
769.0000	  0.0007
768.5000	  0.0004
768.0000	  0.0006
767.5000	  0.0007
767.0000	  0.0008
766.5000	  0.0006
766.0000	  0.0006
765.5000	  0.0005
765.0000	  0.0006
764.5000	  0.0005
764.0000	  0.0005
763.5000	  0.0006
763.0000	  0.0006
762.5000	  0.0004
762.0000	  0.0004
761.5000	  0.0006
761.0000	  0.0005
760.5000	  0.0003
760.0000	  0.0004
759.5000	  0.0005
759.0000	  0.0005
758.5000	  0.0005
758.0000	  0.0004
757.5000	  0.0005
757.0000	  0.0004
756.5000	  0.0005
756.0000	  0.0004
755.5000	  0.0004
755.0000	  0.0004
754.5000	  0.0005
754.0000	  0.0006
753.5000	  0.0004
753.0000	  0.0006
752.5000	  0.0005
752.0000	  0.0005
751.5000	  0.0005
751.0000	  0.0004
750.5000	  0.0006
750.0000	  0.0005
749.5000	  0.0003
749.0000	  0.0005
748.5000	  0.0006
748.0000	  0.0006
747.5000	  0.0005
747.0000	  0.0004
746.5000	  0.0005
746.0000	  0.0003
745.5000	  0.0004
745.0000	  0.0005
744.5000	  0.0003
744.0000	  0.0003
743.5000	  0.0005
743.0000	  0.0004
742.5000	  0.0003
742.0000	  0.0004
741.5000	  0.0004
741.0000	  0.0003
740.5000	  0.0005
740.0000	  0.0005
739.5000	  0.0004
739.0000	  0.0004
738.5000	  0.0002
738.0000	  0.0004
737.5000	  0.0003
737.0000	  0.0004
736.5000	  0.0003
736.0000	  0.0004
735.5000	  0.0003
735.0000	  0.0004
734.5000	  0.0004
734.0000	  0.0003
733.5000	  0.0004
733.0000	  0.0005
732.5000	  0.0004
732.0000	  0.0003
731.5000	  0.0005
731.0000	  0.0003
730.5000	  0.0003
730.0000	  0.0003
729.5000	  0.0002
729.0000	  0.0004
728.5000	  0.0004
728.0000	  0.0003
727.5000	  0.0003
727.0000	  0.0003
726.5000	  0.0005
726.0000	  0.0003
725.5000	  0.0004
725.0000	  0.0003
724.5000	  0.0002
724.0000	  0.0002
723.5000	  0.0004
723.0000	  0.0002
722.5000	  0.0004
722.0000	  0.0004
721.5000	  0.0004
721.0000	  0.0005
720.5000	  0.0003
720.0000	  0.0003
719.5000	  0.0003
719.0000	  0.0005
718.5000	  0.0005
718.0000	  0.0003
717.5000	  0.0004
717.0000	  0.0003
716.5000	  0.0006
716.0000	  0.0002
715.5000	  0.0003
715.0000	  0.0005
714.5000	  0.0002
714.0000	  0.0003
713.5000	  0.0003
713.0000	  0.0001
712.5000	  0.0003
712.0000	  0.0003
711.5000	  0.0003
711.0000	  0.0002
710.5000	  0.0002
710.0000	  0.0003
709.5000	  0.0003
709.0000	  0.0002
708.5000	  0.0004
708.0000	  0.0003
707.5000	  0.0004
707.0000	  0.0003
706.5000	  0.0005
706.0000	  0.0005
705.5000	  0.0004
705.0000	  0.0004
704.5000	  0.0004
704.0000	  0.0004
703.5000	  0.0004
703.0000	  0.0005
702.5000	  0.0004
702.0000	  0.0005
701.5000	  0.0004
701.0000	  0.0004
700.5000	  0.0005
700.0000	  0.0004
699.5000	  0.0006
699.0000	  0.0004
698.5000	  0.0005
698.0000	  0.0005
697.5000	  0.0005
697.0000	  0.0005
696.5000	  0.0005
696.0000	  0.0006
695.5000	  0.0005
695.0000	  0.0005
694.5000	  0.0005
694.0000	  0.0005
693.5000	  0.0005
693.0000	  0.0005
692.5000	  0.0006
692.0000	  0.0005
691.5000	  0.0006
691.0000	  0.0006
690.5000	  0.0005
690.0000	  0.0006
689.5000	  0.0006
689.0000	  0.0006
688.5000	  0.0006
688.0000	  0.0006
687.5000	  0.0006
687.0000	  0.0006
686.5000	  0.0007
686.0000	  0.0006
685.5000	  0.0007
685.0000	  0.0006
684.5000	  0.0007
684.0000	  0.0005
683.5000	  0.0007
683.0000	  0.0007
682.5000	  0.0007
682.0000	  0.0006
681.5000	  0.0007
681.0000	  0.0007
680.5000	  0.0007
680.0000	  0.0007
679.5000	  0.0007
679.0000	  0.0008
678.5000	  0.0008
678.0000	  0.0007
677.5000	  0.0008
677.0000	  0.0008
676.5000	  0.0008
676.0000	  0.0008
675.5000	  0.0008
675.0000	  0.0009
674.5000	  0.0008
674.0000	  0.0008
673.5000	  0.0010
673.0000	  0.0008
672.5000	  0.0009
672.0000	  0.0009
671.5000	  0.0009
671.0000	  0.0009
670.5000	  0.0009
670.0000	  0.0008
669.5000	  0.0009
669.0000	  0.0009
668.5000	  0.0011
668.0000	  0.0010
667.5000	  0.0009
667.0000	  0.0010
666.5000	  0.0010
666.0000	  0.0010
665.5000	  0.0010
665.0000	  0.0011
664.5000	  0.0010
664.0000	  0.0010
663.5000	  0.0010
663.0000	  0.0010
662.5000	  0.0010
662.0000	  0.0011
661.5000	  0.0011
661.0000	  0.0011
660.5000	  0.0012
660.0000	  0.0012
659.5000	  0.0011
659.0000	  0.0011
658.5000	  0.0012
658.0000	  0.0011
657.5000	  0.0012
657.0000	  0.0012
656.5000	  0.0012
656.0000	  0.0013
655.5000	  0.0013
655.0000	  0.0013
654.5000	  0.0013
654.0000	  0.0012
653.5000	  0.0013
653.0000	  0.0014
652.5000	  0.0014
652.0000	  0.0013
651.5000	  0.0014
651.0000	  0.0015
650.5000	  0.0014
650.0000	  0.0014
649.5000	  0.0015
649.0000	  0.0015
648.5000	  0.0015
648.0000	  0.0015
647.5000	  0.0014
647.0000	  0.0015
646.5000	  0.0015
646.0000	  0.0015
645.5000	  0.0016
645.0000	  0.0016
644.5000	  0.0016
644.0000	  0.0016
643.5000	  0.0016
643.0000	  0.0017
642.5000	  0.0017
642.0000	  0.0017
641.5000	  0.0017
641.0000	  0.0017
640.5000	  0.0017
640.0000	  0.0018
639.5000	  0.0018
639.0000	  0.0018
638.5000	  0.0018
638.0000	  0.0018
637.5000	  0.0019
637.0000	  0.0019
636.5000	  0.0019
636.0000	  0.0019
635.5000	  0.0019
635.0000	  0.0020
634.5000	  0.0020
634.0000	  0.0020
633.5000	  0.0020
633.0000	  0.0020
632.5000	  0.0020
632.0000	  0.0020
631.5000	  0.0022
631.0000	  0.0021
630.5000	  0.0021
630.0000	  0.0021
629.5000	  0.0021
629.0000	  0.0022
628.5000	  0.0023
628.0000	  0.0023
627.5000	  0.0023
627.0000	  0.0023
626.5000	  0.0024
626.0000	  0.0024
625.5000	  0.0024
625.0000	  0.0024
624.5000	  0.0025
624.0000	  0.0025
623.5000	  0.0025
623.0000	  0.0025
622.5000	  0.0025
622.0000	  0.0027
621.5000	  0.0026
621.0000	  0.0026
620.5000	  0.0027
620.0000	  0.0027
619.5000	  0.0027
619.0000	  0.0027
618.5000	  0.0028
618.0000	  0.0028
617.5000	  0.0028
617.0000	  0.0029
616.5000	  0.0029
616.0000	  0.0029
615.5000	  0.0030
615.0000	  0.0030
614.5000	  0.0029
614.0000	  0.0031
613.5000	  0.0031
613.0000	  0.0031
612.5000	  0.0031
612.0000	  0.0031
611.5000	  0.0032
611.0000	  0.0032
610.5000	  0.0033
610.0000	  0.0033
609.5000	  0.0034
609.0000	  0.0034
608.5000	  0.0034
608.0000	  0.0034
607.5000	  0.0035
607.0000	  0.0035
606.5000	  0.0036
606.0000	  0.0036
605.5000	  0.0037
605.0000	  0.0037
604.5000	  0.0037
604.0000	  0.0038
603.5000	  0.0037
603.0000	  0.0037
602.5000	  0.0039
602.0000	  0.0039
601.5000	  0.0039
601.0000	  0.0041
600.5000	  0.0040
600.0000	  0.0041
599.5000	  0.0041
599.0000	  0.0041
598.5000	  0.0042
598.0000	  0.0042
597.5000	  0.0042
597.0000	  0.0043
596.5000	  0.0044
596.0000	  0.0044
595.5000	  0.0045
595.0000	  0.0046
594.5000	  0.0046
594.0000	  0.0046
593.5000	  0.0047
593.0000	  0.0047
592.5000	  0.0048
592.0000	  0.0048
591.5000	  0.0049
591.0000	  0.0050
590.5000	  0.0049
590.0000	  0.0050
589.5000	  0.0051
589.0000	  0.0051
588.5000	  0.0051
588.0000	  0.0051
587.5000	  0.0053
587.0000	  0.0054
586.5000	  0.0054
586.0000	  0.0055
585.5000	  0.0056
585.0000	  0.0056
584.5000	  0.0056
584.0000	  0.0057
583.5000	  0.0058
583.0000	  0.0058
582.5000	  0.0059
582.0000	  0.0060
581.5000	  0.0061
581.0000	  0.0061
580.5000	  0.0062
580.0000	  0.0061
579.5000	  0.0062
579.0000	  0.0063
578.5000	  0.0063
578.0000	  0.0065
577.5000	  0.0066
577.0000	  0.0066
576.5000	  0.0066
576.0000	  0.0068
575.5000	  0.0069
575.0000	  0.0069
574.5000	  0.0070
574.0000	  0.0070
573.5000	  0.0070
573.0000	  0.0071
572.5000	  0.0073
572.0000	  0.0073
571.5000	  0.0074
571.0000	  0.0076
570.5000	  0.0076
570.0000	  0.0077
569.5000	  0.0077
569.0000	  0.0078
568.5000	  0.0079
568.0000	  0.0080
567.5000	  0.0081
567.0000	  0.0082
566.5000	  0.0082
566.0000	  0.0084
565.5000	  0.0085
565.0000	  0.0086
564.5000	  0.0086
564.0000	  0.0087
563.5000	  0.0089
563.0000	  0.0090
562.5000	  0.0090
562.0000	  0.0091
561.5000	  0.0092
561.0000	  0.0093
560.5000	  0.0094
560.0000	  0.0095
559.5000	  0.0096
559.0000	  0.0097
558.5000	  0.0099
558.0000	  0.0099
557.5000	  0.0100
557.0000	  0.0102
556.5000	  0.0104
556.0000	  0.0105
555.5000	  0.0105
555.0000	  0.0107
554.5000	  0.0107
554.0000	  0.0109
553.5000	  0.0109
553.0000	  0.0112
552.5000	  0.0112
552.0000	  0.0113
551.5000	  0.0115
551.0000	  0.0117
550.5000	  0.0118
550.0000	  0.0119
549.5000	  0.0120
549.0000	  0.0122
548.5000	  0.0123
548.0000	  0.0125
547.5000	  0.0126
547.0000	  0.0127
546.5000	  0.0129
546.0000	  0.0130
545.5000	  0.0131
545.0000	  0.0133
544.5000	  0.0134
544.0000	  0.0137
543.5000	  0.0138
543.0000	  0.0139
542.5000	  0.0141
542.0000	  0.0142
541.5000	  0.0143
541.0000	  0.0146
540.5000	  0.0147
540.0000	  0.0149
539.5000	  0.0150
539.0000	  0.0152
538.5000	  0.0154
538.0000	  0.0155
537.5000	  0.0156
537.0000	  0.0158
536.5000	  0.0160
536.0000	  0.0162
535.5000	  0.0164
535.0000	  0.0167
534.5000	  0.0167
534.0000	  0.0169
533.5000	  0.0172
533.0000	  0.0173
532.5000	  0.0175
532.0000	  0.0178
531.5000	  0.0179
531.0000	  0.0181
530.5000	  0.0183
530.0000	  0.0185
529.5000	  0.0187
529.0000	  0.0190
528.5000	  0.0192
528.0000	  0.0194
527.5000	  0.0197
527.0000	  0.0199
526.5000	  0.0201
526.0000	  0.0202
525.5000	  0.0205
525.0000	  0.0208
524.5000	  0.0210
524.0000	  0.0213
523.5000	  0.0215
523.0000	  0.0217
522.5000	  0.0220
522.0000	  0.0222
521.5000	  0.0224
521.0000	  0.0227
520.5000	  0.0230
520.0000	  0.0232
519.5000	  0.0235
519.0000	  0.0237
518.5000	  0.0239
518.0000	  0.0242
517.5000	  0.0245
517.0000	  0.0246
516.5000	  0.0250
516.0000	  0.0253
515.5000	  0.0255
515.0000	  0.0258
514.5000	  0.0260
514.0000	  0.0262
513.5000	  0.0265
513.0000	  0.0267
512.5000	  0.0270
512.0000	  0.0272
511.5000	  0.0275
511.0000	  0.0278
510.5000	  0.0279
510.0000	  0.0282
509.5000	  0.0284
509.0000	  0.0287
508.5000	  0.0289
508.0000	  0.0292
507.5000	  0.0295
507.0000	  0.0297
506.5000	  0.0299
506.0000	  0.0302
505.5000	  0.0304
505.0000	  0.0307
504.5000	  0.0309
504.0000	  0.0308
503.5000	  0.0313
503.0000	  0.0315
502.5000	  0.0316
502.0000	  0.0320
501.5000	  0.0322
501.0000	  0.0324
500.5000	  0.0325
500.0000	  0.0326
499.5000	  0.0327
499.0000	  0.0331
498.5000	  0.0330
498.0000	  0.0331
497.5000	  0.0332
497.0000	  0.0334
496.5000	  0.0334
496.0000	  0.0334
495.5000	  0.0336
495.0000	  0.0337
494.5000	  0.0334
494.0000	  0.0337
493.5000	  0.0337
493.0000	  0.0338
492.5000	  0.0335
492.0000	  0.0335
491.5000	  0.0334
491.0000	  0.0334
490.5000	  0.0334
490.0000	  0.0331
489.5000	  0.0331
489.0000	  0.0332
488.5000	  0.0330
488.0000	  0.0328
487.5000	  0.0328
487.0000	  0.0325
486.5000	  0.0323
486.0000	  0.0323
485.5000	  0.0320
485.0000	  0.0318
484.5000	  0.0315
484.0000	  0.0315
483.5000	  0.0312
483.0000	  0.0310
482.5000	  0.0307
482.0000	  0.0306
481.5000	  0.0304
481.0000	  0.0302
480.5000	  0.0299
480.0000	  0.0298
479.5000	  0.0295
479.0000	  0.0292
478.5000	  0.0289
478.0000	  0.0289
477.5000	  0.0287
477.0000	  0.0283
476.5000	  0.0282
476.0000	  0.0279
475.5000	  0.0276
475.0000	  0.0274
474.5000	  0.0272
474.0000	  0.0271
473.5000	  0.0268
473.0000	  0.0267
472.5000	  0.0264
472.0000	  0.0262
471.5000	  0.0259
471.0000	  0.0256
470.5000	  0.0256
470.0000	  0.0252
469.5000	  0.0249
469.0000	  0.0248
468.5000	  0.0247
468.0000	  0.0246
467.5000	  0.0243
467.0000	  0.0241
466.5000	  0.0241
466.0000	  0.0239
465.5000	  0.0235
465.0000	  0.0233
464.5000	  0.0234
464.0000	  0.0231
463.5000	  0.0232
463.0000	  0.0227
462.5000	  0.0227
462.0000	  0.0223
461.5000	  0.0225
461.0000	  0.0218
460.5000	  0.0217
460.0000	  0.0216
459.5000	  0.0217
459.0000	  0.0211
458.5000	  0.0211
458.0000	  0.0209
457.5000	  0.0209
457.0000	  0.0208
456.5000	  0.0205
456.0000	  0.0203
455.5000	  0.0201
455.0000	  0.0200
454.5000	  0.0198
454.0000	  0.0193
453.5000	  0.0194
453.0000	  0.0193
452.5000	  0.0190
452.0000	  0.0188
451.5000	  0.0187
451.0000	  0.0186
450.5000	  0.0181
450.0000	  0.0181
449.5000	  0.0180
449.0000	  0.0178
448.5000	  0.0173
448.0000	  0.0173
447.5000	  0.0174
447.0000	  0.0169
446.5000	  0.0170
446.0000	  0.0167
445.5000	  0.0165
445.0000	  0.0164
444.5000	  0.0163
444.0000	  0.0162
443.5000	  0.0160
443.0000	  0.0158
442.5000	  0.0156
442.0000	  0.0156
441.5000	  0.0154
441.0000	  0.0155
440.5000	  0.0151
440.0000	  0.0152
439.5000	  0.0152
439.0000	  0.0148
438.5000	  0.0146
438.0000	  0.0145
437.5000	  0.0146
437.0000	  0.0146
436.5000	  0.0143
436.0000	  0.0142
435.5000	  0.0140
435.0000	  0.0141
434.5000	  0.0139
434.0000	  0.0139
433.5000	  0.0137
433.0000	  0.0135
432.5000	  0.0135
432.0000	  0.0132
431.5000	  0.0132
431.0000	  0.0131
430.5000	  0.0132
430.0000	  0.0129
429.5000	  0.0130
429.0000	  0.0127
428.5000	  0.0128
428.0000	  0.0129
427.5000	  0.0124
427.0000	  0.0125
426.5000	  0.0123
426.0000	  0.0126
425.5000	  0.0123
425.0000	  0.0121
424.5000	  0.0122
424.0000	  0.0119
423.5000	  0.0120
423.0000	  0.0118
422.5000	  0.0119
422.0000	  0.0118
421.5000	  0.0119
421.0000	  0.0116
420.5000	  0.0116
420.0000	  0.0114
419.5000	  0.0114
419.0000	  0.0112
418.5000	  0.0111
418.0000	  0.0111
417.5000	  0.0110
417.0000	  0.0109
416.5000	  0.0111
416.0000	  0.0107
415.5000	  0.0107
415.0000	  0.0106
414.5000	  0.0107
414.0000	  0.0107
413.5000	  0.0106
413.0000	  0.0103
412.5000	  0.0106
412.0000	  0.0103
411.5000	  0.0104
411.0000	  0.0101
410.5000	  0.0102
410.0000	  0.0103
409.5000	  0.0098
409.0000	  0.0100
408.5000	  0.0100
408.0000	  0.0100
407.5000	  0.0100
407.0000	  0.0097
406.5000	  0.0097
406.0000	  0.0094
405.5000	  0.0095
405.0000	  0.0096
404.5000	  0.0095
404.0000	  0.0094
403.5000	  0.0094
403.0000	  0.0094
402.5000	  0.0092
402.0000	  0.0093
401.5000	  0.0093
401.0000	  0.0093
400.5000	  0.0090
400.0000	  0.0090
399.5000	  0.0091
399.0000	  0.0089
398.5000	  0.0089
398.0000	  0.0089
397.5000	  0.0087
397.0000	  0.0087
396.5000	  0.0086
396.0000	  0.0085
395.5000	  0.0088
395.0000	  0.0087
394.5000	  0.0084
394.0000	  0.0084
393.5000	  0.0082
393.0000	  0.0082
392.5000	  0.0084
392.0000	  0.0081
391.5000	  0.0081
391.0000	  0.0083
390.5000	  0.0084
390.0000	  0.0080
389.5000	  0.0081
389.0000	  0.0078
388.5000	  0.0083
388.0000	  0.0076
387.5000	  0.0079
387.0000	  0.0081
386.5000	  0.0082
386.0000	  0.0078
385.5000	  0.0078
385.0000	  0.0080
384.5000	  0.0081
384.0000	  0.0080
383.5000	  0.0075
383.0000	  0.0080
382.5000	  0.0078
382.0000	  0.0078
381.5000	  0.0080
381.0000	  0.0072
380.5000	  0.0076
380.0000	  0.0078
379.5000	  0.0079
379.0000	  0.0075
378.5000	  0.0073
378.0000	  0.0075
377.5000	  0.0074
377.0000	  0.0074
376.5000	  0.0078
376.0000	  0.0072
375.5000	  0.0072
375.0000	  0.0074
374.5000	  0.0075
374.0000	  0.0071
373.5000	  0.0072
373.0000	  0.0073
372.5000	  0.0071
372.0000	  0.0075
371.5000	  0.0067
371.0000	  0.0075
370.5000	  0.0071
370.0000	  0.0072
369.5000	  0.0076
369.0000	  0.0072
368.5000	  0.0070
368.0000	  0.0069
367.5000	  0.0074
367.0000	  0.0067
366.5000	  0.0077
366.0000	  0.0076
365.5000	  0.0063
365.0000	  0.0074
364.5000	  0.0067
364.0000	  0.0077
363.5000	  0.0071
363.0000	  0.0066
362.5000	  0.0072
362.0000	  0.0068
361.5000	  0.0073
361.0000	  0.0064
360.5000	  0.0069
360.0000	  0.0069
359.5000	  0.0059
359.0000	  0.0065
358.5000	  0.0071
358.0000	  0.0068
357.5000	  0.0080
357.0000	  0.0071
356.5000	  0.0070
356.0000	  0.0061
355.5000	  0.0062
355.0000	  0.0073
354.5000	  0.0062
354.0000	  0.0063
353.5000	  0.0069
353.0000	  0.0066
352.5000	  0.0061
352.0000	  0.0066
351.5000	  0.0072
351.0000	  0.0060
350.5000	  0.0068
350.0000	  0.0062
