12/05/2023 17.15.11
12/05/2023 17.22.31

900.0000	  2.4300

900.0000	  2.4300

900.0000	  4.0400



  1.0000
900.0000
  3.0000
340.0000
  1.0000
1101.0000
  5.0000
  6.0000
  1.0000
  1.0000
  0.0000
  0.0000
100.0000
  0.0000
  1.0000
  0.0000
500.0000
900.0000
350.0000
  4.0000
  1.0000
 18.0000
  2.0000
  1.0000
255.0000
  0.7470
  1.0000
 30.0000
  4.0000
500.0000
  0.0000
  0.0000
  4.0000
900.0000
350.0000
  0.0000
100.0000
  0.0000
  1.0000
  0.0000
500.0000
  1.0000
  1.0000
  1.0000
  1.0000
  4.0000
  0.0000
  1.0000
  1.0000
  1.0000
  1.0000
  1.0000
  2.0000
  1.0000
  1.0000
  1.0000
  3.0000
  1.0000
  1.0000
  1.0000
  4.0000
  5.0000
440.461
0.000
900.0000	  0.0264
899.5000	  0.0438
899.0000	  0.0440
898.5000	  0.0652
898.0000	  0.0057
897.5000	  0.0514
897.0000	  0.0245
896.5000	 -0.0036
896.0000	  0.0389
895.5000	  0.0006
895.0000	  0.0324
894.5000	 -0.0113
894.0000	  0.0008
893.5000	  0.0242
893.0000	  0.0355
892.5000	  0.0330
892.0000	  0.0162
891.5000	  0.0208
891.0000	  0.0248
890.5000	  0.0505
890.0000	  0.0475
889.5000	  0.0287
889.0000	  0.0327
888.5000	  0.0344
888.0000	  0.0304
887.5000	  0.0238
887.0000	  0.0170
886.5000	  0.0037
886.0000	  0.0186
885.5000	  0.0140
885.0000	  0.0245
884.5000	  0.0094
884.0000	  0.0252
883.5000	  0.0207
883.0000	  0.0284
882.5000	  0.0299
882.0000	  0.0219
881.5000	  0.0337
881.0000	  0.0347
880.5000	  0.0306
880.0000	  0.0264
879.5000	  0.0386
879.0000	  0.0267
878.5000	  0.0155
878.0000	  0.0255
877.5000	  0.0311
877.0000	  0.0231
876.5000	  0.0270
876.0000	  0.0236
875.5000	  0.0245
875.0000	  0.0274
874.5000	  0.0276
874.0000	  0.0270
873.5000	  0.0344
873.0000	  0.0263
872.5000	  0.0247
872.0000	  0.0244
871.5000	  0.0232
871.0000	  0.0314
870.5000	  0.0254
870.0000	  0.0244
869.5000	  0.0248
869.0000	  0.0286
868.5000	  0.0281
868.0000	  0.0250
867.5000	  0.0267
867.0000	  0.0275
866.5000	  0.0277
866.0000	  0.0267
865.5000	  0.0289
865.0000	  0.0279
864.5000	  0.0249
864.0000	  0.0297
863.5000	  0.0272
863.0000	  0.0281
862.5000	  0.0280
862.0000	  0.0286
861.5000	  0.0272
861.0000	  0.0267
860.5000	  0.0265
860.0000	  0.0276
859.5000	  0.0273
859.0000	  0.0274
858.5000	  0.0287
858.0000	  0.0275
857.5000	  0.0277
857.0000	  0.0266
856.5000	  0.0279
856.0000	  0.0273
855.5000	  0.0275
855.0000	  0.0286
854.5000	  0.0283
854.0000	  0.0275
853.5000	  0.0280
853.0000	  0.0280
852.5000	  0.0281
852.0000	  0.0280
851.5000	  0.0283
851.0000	  0.0279
850.5000	  0.0279
850.0000	  0.0279
849.5000	  0.0280
849.0000	  0.0284
848.5000	  0.0274
848.0000	  0.0283
847.5000	  0.0279
847.0000	  0.0283
846.5000	  0.0274
846.0000	  0.0278
845.5000	  0.0282
845.0000	  0.0281
844.5000	  0.0280
844.0000	  0.0275
843.5000	  0.0282
843.0000	  0.0283
842.5000	  0.0282
842.0000	  0.0285
841.5000	  0.0278
841.0000	  0.0283
840.5000	  0.0284
840.0000	  0.0285
839.5000	  0.0284
839.0000	  0.0282
838.5000	  0.0281
838.0000	  0.0285
837.5000	  0.0283
837.0000	  0.0283
836.5000	  0.0283
836.0000	  0.0284
835.5000	  0.0282
835.0000	  0.0285
834.5000	  0.0282
834.0000	  0.0283
833.5000	  0.0284
833.0000	  0.0285
832.5000	  0.0284
832.0000	  0.0287
831.5000	  0.0284
831.0000	  0.0283
830.5000	  0.0284
830.0000	  0.0283
829.5000	  0.0283
829.0000	  0.0286
828.5000	  0.0284
828.0000	  0.0284
827.5000	  0.0284
827.0000	  0.0283
826.5000	  0.0284
826.0000	  0.0285
825.5000	  0.0284
825.0000	  0.0284
824.5000	  0.0287
824.0000	  0.0284
823.5000	  0.0285
823.0000	  0.0286
822.5000	  0.0284
822.0000	  0.0287
821.5000	  0.0284
821.0000	  0.0285
820.5000	  0.0286
820.0000	  0.0286
819.5000	  0.0284
819.0000	  0.0286
818.5000	  0.0285
818.0000	  0.0286
817.5000	  0.0287
817.0000	  0.0287
816.5000	  0.0286
816.0000	  0.0287
815.5000	  0.0287
815.0000	  0.0286
814.5000	  0.0289
814.0000	  0.0287
813.5000	  0.0288
813.0000	  0.0289
812.5000	  0.0288
812.0000	  0.0289
811.5000	  0.0287
811.0000	  0.0288
810.5000	  0.0289
810.0000	  0.0290
809.5000	  0.0289
809.0000	  0.0289
808.5000	  0.0287
808.0000	  0.0288
807.5000	  0.0290
807.0000	  0.0291
806.5000	  0.0292
806.0000	  0.0290
805.5000	  0.0290
805.0000	  0.0289
804.5000	  0.0292
804.0000	  0.0290
803.5000	  0.0292
803.0000	  0.0291
802.5000	  0.0293
802.0000	  0.0292
801.5000	  0.0294
801.0000	  0.0293
800.5000	  0.0292
800.0000	  0.0292
799.5000	  0.0293
799.0000	  0.0294
798.5000	  0.0293
798.0000	  0.0292
797.5000	  0.0293
797.0000	  0.0293
796.5000	  0.0295
796.0000	  0.0294
795.5000	  0.0293
795.0000	  0.0294
794.5000	  0.0295
794.0000	  0.0295
793.5000	  0.0293
793.0000	  0.0294
792.5000	  0.0294
792.0000	  0.0294
791.5000	  0.0297
791.0000	  0.0294
790.5000	  0.0295
790.0000	  0.0296
789.5000	  0.0299
789.0000	  0.0295
788.5000	  0.0297
788.0000	  0.0297
787.5000	  0.0296
787.0000	  0.0300
786.5000	  0.0298
786.0000	  0.0295
785.5000	  0.0298
785.0000	  0.0299
784.5000	  0.0297
784.0000	  0.0296
783.5000	  0.0298
783.0000	  0.0298
782.5000	  0.0300
782.0000	  0.0299
781.5000	  0.0300
781.0000	  0.0297
780.5000	  0.0299
780.0000	  0.0300
779.5000	  0.0299
779.0000	  0.0301
778.5000	  0.0300
778.0000	  0.0301
777.5000	  0.0300
777.0000	  0.0302
776.5000	  0.0301
776.0000	  0.0303
775.5000	  0.0301
775.0000	  0.0301
774.5000	  0.0302
774.0000	  0.0301
773.5000	  0.0302
773.0000	  0.0302
772.5000	  0.0302
772.0000	  0.0301
771.5000	  0.0303
771.0000	  0.0301
770.5000	  0.0302
770.0000	  0.0302
769.5000	  0.0305
769.0000	  0.0304
768.5000	  0.0303
768.0000	  0.0304
767.5000	  0.0304
767.0000	  0.0304
766.5000	  0.0304
766.0000	  0.0308
765.5000	  0.0308
765.0000	  0.0306
764.5000	  0.0306
764.0000	  0.0304
763.5000	  0.0304
763.0000	  0.0305
762.5000	  0.0307
762.0000	  0.0305
761.5000	  0.0309
761.0000	  0.0306
760.5000	  0.0308
760.0000	  0.0305
759.5000	  0.0308
759.0000	  0.0309
758.5000	  0.0308
758.0000	  0.0309
757.5000	  0.0308
757.0000	  0.0308
756.5000	  0.0310
756.0000	  0.0309
755.5000	  0.0309
755.0000	  0.0309
754.5000	  0.0309
754.0000	  0.0310
753.5000	  0.0311
753.0000	  0.0310
752.5000	  0.0310
752.0000	  0.0311
751.5000	  0.0311
751.0000	  0.0310
750.5000	  0.0311
750.0000	  0.0313
749.5000	  0.0313
749.0000	  0.0312
748.5000	  0.0314
748.0000	  0.0314
747.5000	  0.0312
747.0000	  0.0312
746.5000	  0.0316
746.0000	  0.0313
745.5000	  0.0313
745.0000	  0.0315
744.5000	  0.0314
744.0000	  0.0315
743.5000	  0.0317
743.0000	  0.0315
742.5000	  0.0317
742.0000	  0.0317
741.5000	  0.0316
741.0000	  0.0315
740.5000	  0.0315
740.0000	  0.0319
739.5000	  0.0317
739.0000	  0.0317
738.5000	  0.0318
738.0000	  0.0317
737.5000	  0.0319
737.0000	  0.0319
736.5000	  0.0319
736.0000	  0.0319
735.5000	  0.0320
735.0000	  0.0320
734.5000	  0.0319
734.0000	  0.0321
733.5000	  0.0320
733.0000	  0.0322
732.5000	  0.0323
732.0000	  0.0322
731.5000	  0.0323
731.0000	  0.0322
730.5000	  0.0323
730.0000	  0.0324
729.5000	  0.0325
729.0000	  0.0324
728.5000	  0.0325
728.0000	  0.0326
727.5000	  0.0327
727.0000	  0.0327
726.5000	  0.0327
726.0000	  0.0327
725.5000	  0.0331
725.0000	  0.0330
724.5000	  0.0331
724.0000	  0.0329
723.5000	  0.0332
723.0000	  0.0330
722.5000	  0.0333
722.0000	  0.0337
721.5000	  0.0336
721.0000	  0.0336
720.5000	  0.0336
720.0000	  0.0338
719.5000	  0.0337
719.0000	  0.0339
718.5000	  0.0337
718.0000	  0.0339
717.5000	  0.0338
717.0000	  0.0342
716.5000	  0.0342
716.0000	  0.0339
715.5000	  0.0337
715.0000	  0.0339
714.5000	  0.0337
714.0000	  0.0335
713.5000	  0.0334
713.0000	  0.0336
712.5000	  0.0332
712.0000	  0.0335
711.5000	  0.0334
711.0000	  0.0336
710.5000	  0.0333
710.0000	  0.0336
709.5000	  0.0334
709.0000	  0.0334
708.5000	  0.0335
708.0000	  0.0333
707.5000	  0.0334
707.0000	  0.0335
706.5000	  0.0334
706.0000	  0.0334
705.5000	  0.0336
705.0000	  0.0336
704.5000	  0.0337
704.0000	  0.0339
703.5000	  0.0337
703.0000	  0.0339
702.5000	  0.0338
702.0000	  0.0339
701.5000	  0.0339
701.0000	  0.0339
700.5000	  0.0340
700.0000	  0.0339
699.5000	  0.0341
699.0000	  0.0340
698.5000	  0.0340
698.0000	  0.0342
697.5000	  0.0341
697.0000	  0.0340
696.5000	  0.0342
696.0000	  0.0344
695.5000	  0.0344
695.0000	  0.0344
694.5000	  0.0345
694.0000	  0.0345
693.5000	  0.0343
693.0000	  0.0346
692.5000	  0.0347
692.0000	  0.0347
691.5000	  0.0348
691.0000	  0.0348
690.5000	  0.0348
690.0000	  0.0347
689.5000	  0.0350
689.0000	  0.0349
688.5000	  0.0350
688.0000	  0.0350
687.5000	  0.0351
687.0000	  0.0351
686.5000	  0.0353
686.0000	  0.0353
685.5000	  0.0352
685.0000	  0.0353
684.5000	  0.0355
684.0000	  0.0355
683.5000	  0.0355
683.0000	  0.0355
682.5000	  0.0357
682.0000	  0.0358
681.5000	  0.0357
681.0000	  0.0357
680.5000	  0.0359
680.0000	  0.0359
679.5000	  0.0359
679.0000	  0.0361
678.5000	  0.0361
678.0000	  0.0361
677.5000	  0.0362
677.0000	  0.0362
676.5000	  0.0365
676.0000	  0.0366
675.5000	  0.0365
675.0000	  0.0366
674.5000	  0.0368
674.0000	  0.0367
673.5000	  0.0367
673.0000	  0.0368
672.5000	  0.0370
672.0000	  0.0371
671.5000	  0.0373
671.0000	  0.0371
670.5000	  0.0374
670.0000	  0.0374
669.5000	  0.0374
669.0000	  0.0373
668.5000	  0.0376
668.0000	  0.0377
667.5000	  0.0378
667.0000	  0.0377
666.5000	  0.0377
666.0000	  0.0380
665.5000	  0.0382
665.0000	  0.0381
664.5000	  0.0382
664.0000	  0.0384
663.5000	  0.0385
663.0000	  0.0385
662.5000	  0.0386
662.0000	  0.0387
661.5000	  0.0387
661.0000	  0.0389
660.5000	  0.0390
660.0000	  0.0390
659.5000	  0.0394
659.0000	  0.0393
658.5000	  0.0395
658.0000	  0.0394
657.5000	  0.0396
657.0000	  0.0396
656.5000	  0.0397
656.0000	  0.0399
655.5000	  0.0399
655.0000	  0.0399
654.5000	  0.0402
654.0000	  0.0401
653.5000	  0.0404
653.0000	  0.0405
652.5000	  0.0406
652.0000	  0.0406
651.5000	  0.0408
651.0000	  0.0409
650.5000	  0.0410
650.0000	  0.0412
649.5000	  0.0413
649.0000	  0.0414
648.5000	  0.0417
648.0000	  0.0418
647.5000	  0.0418
647.0000	  0.0419
646.5000	  0.0421
646.0000	  0.0423
645.5000	  0.0424
645.0000	  0.0425
644.5000	  0.0426
644.0000	  0.0426
643.5000	  0.0429
643.0000	  0.0430
642.5000	  0.0432
642.0000	  0.0431
641.5000	  0.0434
641.0000	  0.0436
640.5000	  0.0436
640.0000	  0.0438
639.5000	  0.0440
639.0000	  0.0441
638.5000	  0.0443
638.0000	  0.0444
637.5000	  0.0445
637.0000	  0.0446
636.5000	  0.0449
636.0000	  0.0451
635.5000	  0.0452
635.0000	  0.0452
634.5000	  0.0453
634.0000	  0.0455
633.5000	  0.0457
633.0000	  0.0459
632.5000	  0.0460
632.0000	  0.0462
631.5000	  0.0464
631.0000	  0.0465
630.5000	  0.0467
630.0000	  0.0470
629.5000	  0.0472
629.0000	  0.0474
628.5000	  0.0475
628.0000	  0.0479
627.5000	  0.0480
627.0000	  0.0486
626.5000	  0.0487
626.0000	  0.0489
625.5000	  0.0492
625.0000	  0.0495
624.5000	  0.0497
624.0000	  0.0498
623.5000	  0.0501
623.0000	  0.0504
622.5000	  0.0507
622.0000	  0.0511
621.5000	  0.0513
621.0000	  0.0515
620.5000	  0.0518
620.0000	  0.0520
619.5000	  0.0523
619.0000	  0.0524
618.5000	  0.0527
618.0000	  0.0528
617.5000	  0.0532
617.0000	  0.0534
616.5000	  0.0536
616.0000	  0.0539
615.5000	  0.0542
615.0000	  0.0542
614.5000	  0.0546
614.0000	  0.0548
613.5000	  0.0551
613.0000	  0.0553
612.5000	  0.0554
612.0000	  0.0558
611.5000	  0.0561
611.0000	  0.0565
610.5000	  0.0565
610.0000	  0.0568
609.5000	  0.0571
609.0000	  0.0572
608.5000	  0.0578
608.0000	  0.0580
607.5000	  0.0583
607.0000	  0.0587
606.5000	  0.0588
606.0000	  0.0591
605.5000	  0.0594
605.0000	  0.0598
604.5000	  0.0602
604.0000	  0.0604
603.5000	  0.0608
603.0000	  0.0609
602.5000	  0.0611
602.0000	  0.0617
601.5000	  0.0619
601.0000	  0.0623
600.5000	  0.0626
600.0000	  0.0629
599.5000	  0.0631
599.0000	  0.0634
598.5000	  0.0637
598.0000	  0.0640
597.5000	  0.0644
597.0000	  0.0650
596.5000	  0.0650
596.0000	  0.0654
595.5000	  0.0660
595.0000	  0.0663
594.5000	  0.0666
594.0000	  0.0669
593.5000	  0.0672
593.0000	  0.0678
592.5000	  0.0680
592.0000	  0.0684
591.5000	  0.0687
591.0000	  0.0693
590.5000	  0.0694
590.0000	  0.0699
589.5000	  0.0704
589.0000	  0.0706
588.5000	  0.0710
588.0000	  0.0715
587.5000	  0.0717
587.0000	  0.0722
586.5000	  0.0727
586.0000	  0.0729
585.5000	  0.0735
585.0000	  0.0736
584.5000	  0.0743
584.0000	  0.0747
583.5000	  0.0751
583.0000	  0.0752
582.5000	  0.0759
582.0000	  0.0762
581.5000	  0.0766
581.0000	  0.0770
580.5000	  0.0773
580.0000	  0.0778
579.5000	  0.0785
579.0000	  0.0787
578.5000	  0.0792
578.0000	  0.0797
577.5000	  0.0800
577.0000	  0.0805
576.5000	  0.0812
576.0000	  0.0814
575.5000	  0.0821
575.0000	  0.0823
574.5000	  0.0828
574.0000	  0.0832
573.5000	  0.0838
573.0000	  0.0841
572.5000	  0.0847
572.0000	  0.0853
571.5000	  0.0859
571.0000	  0.0863
570.5000	  0.0868
570.0000	  0.0875
569.5000	  0.0879
569.0000	  0.0883
568.5000	  0.0889
568.0000	  0.0896
567.5000	  0.0899
567.0000	  0.0909
566.5000	  0.0911
566.0000	  0.0916
565.5000	  0.0920
565.0000	  0.0928
564.5000	  0.0932
564.0000	  0.0938
563.5000	  0.0945
563.0000	  0.0949
562.5000	  0.0955
562.0000	  0.0961
561.5000	  0.0968
561.0000	  0.0975
560.5000	  0.0981
560.0000	  0.0985
559.5000	  0.0988
559.0000	  0.0996
558.5000	  0.1001
558.0000	  0.1008
557.5000	  0.1015
557.0000	  0.1022
556.5000	  0.1026
556.0000	  0.1033
555.5000	  0.1040
555.0000	  0.1047
554.5000	  0.1053
554.0000	  0.1059
553.5000	  0.1066
553.0000	  0.1073
552.5000	  0.1077
552.0000	  0.1086
551.5000	  0.1090
551.0000	  0.1099
550.5000	  0.1105
550.0000	  0.1113
549.5000	  0.1118
549.0000	  0.1127
548.5000	  0.1133
548.0000	  0.1140
547.5000	  0.1146
547.0000	  0.1156
546.5000	  0.1161
546.0000	  0.1167
545.5000	  0.1176
545.0000	  0.1181
544.5000	  0.1191
544.0000	  0.1197
543.5000	  0.1205
543.0000	  0.1212
542.5000	  0.1220
542.0000	  0.1227
541.5000	  0.1235
541.0000	  0.1241
540.5000	  0.1249
540.0000	  0.1259
539.5000	  0.1264
539.0000	  0.1273
538.5000	  0.1282
538.0000	  0.1289
537.5000	  0.1297
537.0000	  0.1304
536.5000	  0.1313
536.0000	  0.1319
535.5000	  0.1326
535.0000	  0.1334
534.5000	  0.1346
534.0000	  0.1354
533.5000	  0.1358
533.0000	  0.1370
532.5000	  0.1377
532.0000	  0.1384
531.5000	  0.1396
531.0000	  0.1402
530.5000	  0.1412
530.0000	  0.1421
529.5000	  0.1432
529.0000	  0.1437
528.5000	  0.1447
528.0000	  0.1455
527.5000	  0.1465
527.0000	  0.1475
526.5000	  0.1484
526.0000	  0.1491
525.5000	  0.1502
525.0000	  0.1510
524.5000	  0.1521
524.0000	  0.1529
523.5000	  0.1536
523.0000	  0.1547
522.5000	  0.1554
522.0000	  0.1565
521.5000	  0.1574
521.0000	  0.1585
520.5000	  0.1593
520.0000	  0.1600
519.5000	  0.1609
519.0000	  0.1618
518.5000	  0.1625
518.0000	  0.1634
517.5000	  0.1646
517.0000	  0.1654
516.5000	  0.1660
516.0000	  0.1671
515.5000	  0.1680
515.0000	  0.1687
514.5000	  0.1697
514.0000	  0.1707
513.5000	  0.1715
513.0000	  0.1721
512.5000	  0.1728
512.0000	  0.1738
511.5000	  0.1744
511.0000	  0.1751
510.5000	  0.1760
510.0000	  0.1768
509.5000	  0.1777
509.0000	  0.1786
508.5000	  0.1790
508.0000	  0.1801
507.5000	  0.1807
507.0000	  0.1818
506.5000	  0.1823
506.0000	  0.1830
505.5000	  0.1837
505.0000	  0.1848
504.5000	  0.1853
504.0000	  0.1863
503.5000	  0.1868
503.0000	  0.1877
502.5000	  0.1882
502.0000	  0.1887
501.5000	  0.1894
501.0000	  0.1901
500.5000	  0.1908
500.0000	  0.1912
499.5000	  0.1912
499.0000	  0.1922
498.5000	  0.1924
498.0000	  0.1930
497.5000	  0.1930
497.0000	  0.1937
496.5000	  0.1939
496.0000	  0.1941
495.5000	  0.1941
495.0000	  0.1944
494.5000	  0.1943
494.0000	  0.1944
493.5000	  0.1943
493.0000	  0.1943
492.5000	  0.1943
492.0000	  0.1939
491.5000	  0.1937
491.0000	  0.1933
490.5000	  0.1935
490.0000	  0.1931
489.5000	  0.1926
489.0000	  0.1920
488.5000	  0.1918
488.0000	  0.1911
487.5000	  0.1908
487.0000	  0.1902
486.5000	  0.1901
486.0000	  0.1893
485.5000	  0.1889
485.0000	  0.1881
484.5000	  0.1875
484.0000	  0.1871
483.5000	  0.1867
483.0000	  0.1860
482.5000	  0.1856
482.0000	  0.1843
481.5000	  0.1838
481.0000	  0.1835
480.5000	  0.1829
480.0000	  0.1823
479.5000	  0.1816
479.0000	  0.1809
478.5000	  0.1799
478.0000	  0.1798
477.5000	  0.1786
477.0000	  0.1781
476.5000	  0.1772
476.0000	  0.1774
475.5000	  0.1767
475.0000	  0.1753
474.5000	  0.1747
474.0000	  0.1741
473.5000	  0.1736
473.0000	  0.1726
472.5000	  0.1723
472.0000	  0.1718
471.5000	  0.1708
471.0000	  0.1702
470.5000	  0.1697
470.0000	  0.1690
469.5000	  0.1686
469.0000	  0.1678
468.5000	  0.1671
468.0000	  0.1670
467.5000	  0.1664
467.0000	  0.1656
466.5000	  0.1654
466.0000	  0.1646
465.5000	  0.1640
465.0000	  0.1637
464.5000	  0.1631
464.0000	  0.1625
463.5000	  0.1625
463.0000	  0.1615
462.5000	  0.1611
462.0000	  0.1606
461.5000	  0.1596
461.0000	  0.1597
460.5000	  0.1593
460.0000	  0.1587
459.5000	  0.1581
459.0000	  0.1575
458.5000	  0.1569
458.0000	  0.1566
457.5000	  0.1558
457.0000	  0.1551
456.5000	  0.1543
456.0000	  0.1539
455.5000	  0.1530
455.0000	  0.1523
454.5000	  0.1520
454.0000	  0.1510
453.5000	  0.1500
453.0000	  0.1492
452.5000	  0.1486
452.0000	  0.1475
451.5000	  0.1467
451.0000	  0.1456
450.5000	  0.1449
450.0000	  0.1440
449.5000	  0.1434
449.0000	  0.1422
448.5000	  0.1417
448.0000	  0.1413
447.5000	  0.1401
447.0000	  0.1392
446.5000	  0.1383
446.0000	  0.1383
445.5000	  0.1371
445.0000	  0.1364
444.5000	  0.1358
444.0000	  0.1351
443.5000	  0.1349
443.0000	  0.1340
442.5000	  0.1334
442.0000	  0.1333
441.5000	  0.1323
441.0000	  0.1316
440.5000	  0.1315
440.0000	  0.1309
439.5000	  0.1302
439.0000	  0.1294
438.5000	  0.1291
438.0000	  0.1287
437.5000	  0.1284
437.0000	  0.1278
436.5000	  0.1270
436.0000	  0.1270
435.5000	  0.1262
435.0000	  0.1261
434.5000	  0.1255
434.0000	  0.1250
433.5000	  0.1247
433.0000	  0.1241
432.5000	  0.1236
432.0000	  0.1236
431.5000	  0.1231
431.0000	  0.1226
430.5000	  0.1223
430.0000	  0.1219
429.5000	  0.1215
429.0000	  0.1211
428.5000	  0.1206
428.0000	  0.1202
427.5000	  0.1202
427.0000	  0.1196
426.5000	  0.1190
426.0000	  0.1189
425.5000	  0.1190
425.0000	  0.1185
424.5000	  0.1180
424.0000	  0.1177
423.5000	  0.1171
423.0000	  0.1175
422.5000	  0.1168
422.0000	  0.1164
421.5000	  0.1160
421.0000	  0.1158
420.5000	  0.1153
420.0000	  0.1154
419.5000	  0.1149
419.0000	  0.1147
418.5000	  0.1141
418.0000	  0.1138
417.5000	  0.1135
417.0000	  0.1135
416.5000	  0.1129
416.0000	  0.1128
415.5000	  0.1119
415.0000	  0.1122
414.5000	  0.1119
414.0000	  0.1116
413.5000	  0.1112
413.0000	  0.1109
412.5000	  0.1106
412.0000	  0.1103
411.5000	  0.1099
411.0000	  0.1098
410.5000	  0.1092
410.0000	  0.1088
409.5000	  0.1086
409.0000	  0.1086
408.5000	  0.1078
408.0000	  0.1079
407.5000	  0.1081
407.0000	  0.1077
406.5000	  0.1074
406.0000	  0.1069
405.5000	  0.1065
405.0000	  0.1060
404.5000	  0.1061
404.0000	  0.1059
403.5000	  0.1053
403.0000	  0.1048
402.5000	  0.1048
402.0000	  0.1043
401.5000	  0.1038
401.0000	  0.1038
400.5000	  0.1038
400.0000	  0.1035
399.5000	  0.1031
399.0000	  0.1030
398.5000	  0.1028
398.0000	  0.1026
397.5000	  0.1021
397.0000	  0.1019
396.5000	  0.1016
396.0000	  0.1012
395.5000	  0.1014
395.0000	  0.1011
394.5000	  0.1008
394.0000	  0.1004
393.5000	  0.1009
393.0000	  0.0999
392.5000	  0.0998
392.0000	  0.1000
391.5000	  0.0994
391.0000	  0.0999
390.5000	  0.0996
390.0000	  0.0992
389.5000	  0.0991
389.0000	  0.0992
388.5000	  0.0991
388.0000	  0.0986
387.5000	  0.0989
387.0000	  0.0983
386.5000	  0.0987
386.0000	  0.0982
385.5000	  0.0982
385.0000	  0.0979
384.5000	  0.0980
384.0000	  0.0977
383.5000	  0.0975
383.0000	  0.0981
382.5000	  0.0973
382.0000	  0.0977
381.5000	  0.0975
381.0000	  0.0969
380.5000	  0.0977
380.0000	  0.0964
379.5000	  0.0968
379.0000	  0.0974
378.5000	  0.0970
378.0000	  0.0961
377.5000	  0.0964
377.0000	  0.0959
376.5000	  0.0964
376.0000	  0.0960
375.5000	  0.0962
375.0000	  0.0959
374.5000	  0.0958
374.0000	  0.0956
373.5000	  0.0956
373.0000	  0.0954
372.5000	  0.0954
372.0000	  0.0952
371.5000	  0.0946
371.0000	  0.0950
370.5000	  0.0951
370.0000	  0.0952
369.5000	  0.0941
369.0000	  0.0943
368.5000	  0.0942
368.0000	  0.0940
367.5000	  0.0945
367.0000	  0.0939
366.5000	  0.0938
366.0000	  0.0941
365.5000	  0.0935
365.0000	  0.0931
364.5000	  0.0946
364.0000	  0.0933
363.5000	  0.0941
363.0000	  0.0937
362.5000	  0.0941
362.0000	  0.0937
361.5000	  0.0937
361.0000	  0.0934
360.5000	  0.0929
360.0000	  0.0931
359.5000	  0.0933
359.0000	  0.0935
358.5000	  0.0930
358.0000	  0.0921
357.5000	  0.0926
357.0000	  0.0921
356.5000	  0.0930
356.0000	  0.0912
355.5000	  0.0928
355.0000	  0.0919
354.5000	  0.0927
354.0000	  0.0920
353.5000	  0.0916
353.0000	  0.0914
352.5000	  0.0911
352.0000	  0.0905
351.5000	  0.0907
351.0000	  0.0904
350.5000	  0.0894
350.0000	  0.0910
