12/05/2023 16.31.36
12/05/2023 16.38.56

900.0000	 13.6500

900.0000	 13.6500

900.0000	 15.7600



  1.0000
900.0000
  3.0000
340.0000
  1.0000
1101.0000
  5.0000
  6.0000
  1.0000
  1.0000
  0.0000
  0.0000
100.0000
  0.0000
  1.0000
  0.0000
500.0000
900.0000
350.0000
  4.0000
  1.0000
 18.0000
  2.0000
  1.0000
255.0000
  0.7470
  1.0000
 30.0000
  4.0000
500.0000
  0.0000
  0.0000
  4.0000
900.0000
350.0000
  0.0000
100.0000
  0.0000
  1.0000
  0.0000
500.0000
  1.0000
  1.0000
  1.0000
  1.0000
  4.0000
  0.0000
  1.0000
  1.0000
  1.0000
  1.0000
  1.0000
  2.0000
  1.0000
  1.0000
  1.0000
  3.0000
  1.0000
  1.0000
  1.0000
  4.0000
  5.0000
440.473
0.000
900.0000	  0.0789
899.5000	  0.1348
899.0000	  0.1645
898.5000	  0.0968
898.0000	  0.0062
897.5000	  0.0237
897.0000	  0.1050
896.5000	  0.1157
896.0000	  0.1859
895.5000	  0.1256
895.0000	  0.1670
894.5000	  0.1178
894.0000	  0.0835
893.5000	  0.0837
893.0000	  0.1592
892.5000	  0.1149
892.0000	  0.0905
891.5000	  0.0829
891.0000	  0.1089
890.5000	  0.1019
890.0000	  0.0722
889.5000	  0.1168
889.0000	  0.1224
888.5000	  0.0961
888.0000	  0.0987
887.5000	  0.1110
887.0000	  0.1189
886.5000	  0.0951
886.0000	  0.1227
885.5000	  0.1015
885.0000	  0.0871
884.5000	  0.1114
884.0000	  0.0977
883.5000	  0.0879
883.0000	  0.0804
882.5000	  0.1159
882.0000	  0.1094
881.5000	  0.1059
881.0000	  0.1200
880.5000	  0.0727
880.0000	  0.1065
879.5000	  0.0953
879.0000	  0.1133
878.5000	  0.1076
878.0000	  0.1031
877.5000	  0.1156
877.0000	  0.1003
876.5000	  0.1104
876.0000	  0.0864
875.5000	  0.0957
875.0000	  0.0929
874.5000	  0.1059
874.0000	  0.1048
873.5000	  0.1005
873.0000	  0.1063
872.5000	  0.1095
872.0000	  0.1029
871.5000	  0.1003
871.0000	  0.0967
870.5000	  0.1051
870.0000	  0.1003
869.5000	  0.1042
869.0000	  0.1020
868.5000	  0.0999
868.0000	  0.0941
867.5000	  0.1008
867.0000	  0.1090
866.5000	  0.1066
866.0000	  0.0989
865.5000	  0.1026
865.0000	  0.0988
864.5000	  0.0967
864.0000	  0.0969
863.5000	  0.0993
863.0000	  0.1006
862.5000	  0.1018
862.0000	  0.1008
861.5000	  0.1015
861.0000	  0.0988
860.5000	  0.0973
860.0000	  0.0976
859.5000	  0.0981
859.0000	  0.0978
858.5000	  0.1009
858.0000	  0.1006
857.5000	  0.1015
857.0000	  0.1003
856.5000	  0.1008
856.0000	  0.0980
855.5000	  0.1000
855.0000	  0.0992
854.5000	  0.0990
854.0000	  0.1005
853.5000	  0.0988
853.0000	  0.0991
852.5000	  0.1000
852.0000	  0.1009
851.5000	  0.1008
851.0000	  0.1000
850.5000	  0.0984
850.0000	  0.0994
849.5000	  0.0992
849.0000	  0.0991
848.5000	  0.0995
848.0000	  0.0992
847.5000	  0.0990
847.0000	  0.0994
846.5000	  0.0987
846.0000	  0.1004
845.5000	  0.0997
845.0000	  0.1002
844.5000	  0.0992
844.0000	  0.1001
843.5000	  0.1000
843.0000	  0.1010
842.5000	  0.1006
842.0000	  0.1008
841.5000	  0.1013
841.0000	  0.1003
840.5000	  0.1012
840.0000	  0.1018
839.5000	  0.1026
839.0000	  0.1010
838.5000	  0.1021
838.0000	  0.1019
837.5000	  0.1027
837.0000	  0.1018
836.5000	  0.1029
836.0000	  0.1027
835.5000	  0.1028
835.0000	  0.1031
834.5000	  0.1034
834.0000	  0.1037
833.5000	  0.1040
833.0000	  0.1037
832.5000	  0.1038
832.0000	  0.1042
831.5000	  0.1043
831.0000	  0.1043
830.5000	  0.1046
830.0000	  0.1051
829.5000	  0.1046
829.0000	  0.1054
828.5000	  0.1057
828.0000	  0.1055
827.5000	  0.1056
827.0000	  0.1063
826.5000	  0.1061
826.0000	  0.1059
825.5000	  0.1057
825.0000	  0.1063
824.5000	  0.1068
824.0000	  0.1064
823.5000	  0.1069
823.0000	  0.1068
822.5000	  0.1071
822.0000	  0.1073
821.5000	  0.1068
821.0000	  0.1069
820.5000	  0.1068
820.0000	  0.1074
819.5000	  0.1078
819.0000	  0.1076
818.5000	  0.1075
818.0000	  0.1078
817.5000	  0.1083
817.0000	  0.1081
816.5000	  0.1081
816.0000	  0.1080
815.5000	  0.1082
815.0000	  0.1078
814.5000	  0.1081
814.0000	  0.1077
813.5000	  0.1091
813.0000	  0.1086
812.5000	  0.1089
812.0000	  0.1082
811.5000	  0.1088
811.0000	  0.1086
810.5000	  0.1089
810.0000	  0.1088
809.5000	  0.1091
809.0000	  0.1089
808.5000	  0.1092
808.0000	  0.1092
807.5000	  0.1085
807.0000	  0.1094
806.5000	  0.1092
806.0000	  0.1093
805.5000	  0.1091
805.0000	  0.1093
804.5000	  0.1094
804.0000	  0.1097
803.5000	  0.1094
803.0000	  0.1096
802.5000	  0.1100
802.0000	  0.1100
801.5000	  0.1098
801.0000	  0.1097
800.5000	  0.1099
800.0000	  0.1095
799.5000	  0.1100
799.0000	  0.1097
798.5000	  0.1109
798.0000	  0.1099
797.5000	  0.1102
797.0000	  0.1097
796.5000	  0.1109
796.0000	  0.1098
795.5000	  0.1107
795.0000	  0.1103
794.5000	  0.1110
794.0000	  0.1104
793.5000	  0.1105
793.0000	  0.1107
792.5000	  0.1102
792.0000	  0.1106
791.5000	  0.1108
791.0000	  0.1111
790.5000	  0.1102
790.0000	  0.1111
789.5000	  0.1108
789.0000	  0.1116
788.5000	  0.1109
788.0000	  0.1112
787.5000	  0.1107
787.0000	  0.1114
786.5000	  0.1114
786.0000	  0.1113
785.5000	  0.1116
785.0000	  0.1115
784.5000	  0.1109
784.0000	  0.1116
783.5000	  0.1120
783.0000	  0.1115
782.5000	  0.1118
782.0000	  0.1118
781.5000	  0.1125
781.0000	  0.1116
780.5000	  0.1122
780.0000	  0.1121
779.5000	  0.1123
779.0000	  0.1117
778.5000	  0.1123
778.0000	  0.1120
777.5000	  0.1126
777.0000	  0.1113
776.5000	  0.1126
776.0000	  0.1125
775.5000	  0.1126
775.0000	  0.1126
774.5000	  0.1129
774.0000	  0.1125
773.5000	  0.1128
773.0000	  0.1131
772.5000	  0.1129
772.0000	  0.1128
771.5000	  0.1130
771.0000	  0.1133
770.5000	  0.1130
770.0000	  0.1134
769.5000	  0.1132
769.0000	  0.1136
768.5000	  0.1131
768.0000	  0.1137
767.5000	  0.1134
767.0000	  0.1135
766.5000	  0.1135
766.0000	  0.1134
765.5000	  0.1132
765.0000	  0.1137
764.5000	  0.1136
764.0000	  0.1144
763.5000	  0.1130
763.0000	  0.1138
762.5000	  0.1138
762.0000	  0.1140
761.5000	  0.1141
761.0000	  0.1141
760.5000	  0.1138
760.0000	  0.1144
759.5000	  0.1143
759.0000	  0.1146
758.5000	  0.1142
758.0000	  0.1146
757.5000	  0.1143
757.0000	  0.1143
756.5000	  0.1150
756.0000	  0.1146
755.5000	  0.1148
755.0000	  0.1145
754.5000	  0.1147
754.0000	  0.1148
753.5000	  0.1150
753.0000	  0.1147
752.5000	  0.1152
752.0000	  0.1143
751.5000	  0.1153
751.0000	  0.1150
750.5000	  0.1154
750.0000	  0.1153
749.5000	  0.1154
749.0000	  0.1150
748.5000	  0.1157
748.0000	  0.1152
747.5000	  0.1157
747.0000	  0.1147
746.5000	  0.1157
746.0000	  0.1153
745.5000	  0.1153
745.0000	  0.1156
744.5000	  0.1154
744.0000	  0.1157
743.5000	  0.1154
743.0000	  0.1150
742.5000	  0.1151
742.0000	  0.1159
741.5000	  0.1153
741.0000	  0.1161
740.5000	  0.1151
740.0000	  0.1161
739.5000	  0.1153
739.0000	  0.1159
738.5000	  0.1157
738.0000	  0.1160
737.5000	  0.1158
737.0000	  0.1162
736.5000	  0.1154
736.0000	  0.1161
735.5000	  0.1151
735.0000	  0.1161
734.5000	  0.1157
734.0000	  0.1161
733.5000	  0.1156
733.0000	  0.1153
732.5000	  0.1155
732.0000	  0.1157
731.5000	  0.1157
731.0000	  0.1157
730.5000	  0.1153
730.0000	  0.1158
729.5000	  0.1148
729.0000	  0.1152
728.5000	  0.1151
728.0000	  0.1150
727.5000	  0.1150
727.0000	  0.1147
726.5000	  0.1149
726.0000	  0.1142
725.5000	  0.1146
725.0000	  0.1142
724.5000	  0.1146
724.0000	  0.1144
723.5000	  0.1145
723.0000	  0.1141
722.5000	  0.1140
722.0000	  0.1142
721.5000	  0.1136
721.0000	  0.1140
720.5000	  0.1147
720.0000	  0.1144
719.5000	  0.1149
719.0000	  0.1145
718.5000	  0.1159
718.0000	  0.1162
717.5000	  0.1171
717.0000	  0.1170
716.5000	  0.1181
716.0000	  0.1173
715.5000	  0.1188
715.0000	  0.1186
714.5000	  0.1190
714.0000	  0.1187
713.5000	  0.1194
713.0000	  0.1190
712.5000	  0.1197
712.0000	  0.1192
711.5000	  0.1195
711.0000	  0.1191
710.5000	  0.1196
710.0000	  0.1189
709.5000	  0.1199
709.0000	  0.1194
708.5000	  0.1198
708.0000	  0.1197
707.5000	  0.1201
707.0000	  0.1204
706.5000	  0.1198
706.0000	  0.1202
705.5000	  0.1198
705.0000	  0.1204
704.5000	  0.1198
704.0000	  0.1203
703.5000	  0.1200
703.0000	  0.1206
702.5000	  0.1207
702.0000	  0.1205
701.5000	  0.1205
701.0000	  0.1207
700.5000	  0.1204
700.0000	  0.1210
699.5000	  0.1205
699.0000	  0.1215
698.5000	  0.1205
698.0000	  0.1213
697.5000	  0.1207
697.0000	  0.1216
696.5000	  0.1206
696.0000	  0.1215
695.5000	  0.1213
695.0000	  0.1217
694.5000	  0.1215
694.0000	  0.1220
693.5000	  0.1217
693.0000	  0.1219
692.5000	  0.1222
692.0000	  0.1218
691.5000	  0.1225
691.0000	  0.1219
690.5000	  0.1227
690.0000	  0.1218
689.5000	  0.1228
689.0000	  0.1221
688.5000	  0.1231
688.0000	  0.1224
687.5000	  0.1229
687.0000	  0.1226
686.5000	  0.1230
686.0000	  0.1227
685.5000	  0.1232
685.0000	  0.1229
684.5000	  0.1232
684.0000	  0.1232
683.5000	  0.1238
683.0000	  0.1237
682.5000	  0.1241
682.0000	  0.1240
681.5000	  0.1236
681.0000	  0.1243
680.5000	  0.1240
680.0000	  0.1244
679.5000	  0.1239
679.0000	  0.1246
678.5000	  0.1240
678.0000	  0.1248
677.5000	  0.1243
677.0000	  0.1249
676.5000	  0.1245
676.0000	  0.1254
675.5000	  0.1247
675.0000	  0.1255
674.5000	  0.1248
674.0000	  0.1257
673.5000	  0.1251
673.0000	  0.1256
672.5000	  0.1253
672.0000	  0.1260
671.5000	  0.1259
671.0000	  0.1260
670.5000	  0.1258
670.0000	  0.1261
669.5000	  0.1264
669.0000	  0.1263
668.5000	  0.1264
668.0000	  0.1264
667.5000	  0.1269
667.0000	  0.1265
666.5000	  0.1270
666.0000	  0.1272
665.5000	  0.1271
665.0000	  0.1267
664.5000	  0.1272
664.0000	  0.1271
663.5000	  0.1280
663.0000	  0.1273
662.5000	  0.1280
662.0000	  0.1278
661.5000	  0.1283
661.0000	  0.1281
660.5000	  0.1284
660.0000	  0.1282
659.5000	  0.1287
659.0000	  0.1287
658.5000	  0.1287
658.0000	  0.1288
657.5000	  0.1288
657.0000	  0.1291
656.5000	  0.1290
656.0000	  0.1292
655.5000	  0.1294
655.0000	  0.1301
654.5000	  0.1294
654.0000	  0.1298
653.5000	  0.1297
653.0000	  0.1303
652.5000	  0.1302
652.0000	  0.1305
651.5000	  0.1302
651.0000	  0.1308
650.5000	  0.1306
650.0000	  0.1312
649.5000	  0.1309
649.0000	  0.1314
648.5000	  0.1315
648.0000	  0.1315
647.5000	  0.1311
647.0000	  0.1318
646.5000	  0.1321
646.0000	  0.1322
645.5000	  0.1324
645.0000	  0.1324
644.5000	  0.1329
644.0000	  0.1328
643.5000	  0.1332
643.0000	  0.1332
642.5000	  0.1337
642.0000	  0.1333
641.5000	  0.1342
641.0000	  0.1341
640.5000	  0.1347
640.0000	  0.1343
639.5000	  0.1351
639.0000	  0.1348
638.5000	  0.1357
638.0000	  0.1357
637.5000	  0.1365
637.0000	  0.1363
636.5000	  0.1371
636.0000	  0.1374
635.5000	  0.1379
635.0000	  0.1382
634.5000	  0.1386
634.0000	  0.1392
633.5000	  0.1394
633.0000	  0.1398
632.5000	  0.1403
632.0000	  0.1411
631.5000	  0.1411
631.0000	  0.1414
630.5000	  0.1414
630.0000	  0.1420
629.5000	  0.1417
629.0000	  0.1421
628.5000	  0.1417
628.0000	  0.1426
627.5000	  0.1420
627.0000	  0.1426
626.5000	  0.1418
626.0000	  0.1421
625.5000	  0.1411
625.0000	  0.1420
624.5000	  0.1411
624.0000	  0.1419
623.5000	  0.1411
623.0000	  0.1416
622.5000	  0.1411
622.0000	  0.1414
621.5000	  0.1413
621.0000	  0.1413
620.5000	  0.1411
620.0000	  0.1415
619.5000	  0.1414
619.0000	  0.1413
618.5000	  0.1416
618.0000	  0.1414
617.5000	  0.1423
617.0000	  0.1420
616.5000	  0.1426
616.0000	  0.1424
615.5000	  0.1432
615.0000	  0.1425
614.5000	  0.1432
614.0000	  0.1431
613.5000	  0.1436
613.0000	  0.1433
612.5000	  0.1441
612.0000	  0.1440
611.5000	  0.1446
611.0000	  0.1437
610.5000	  0.1446
610.0000	  0.1444
609.5000	  0.1452
609.0000	  0.1449
608.5000	  0.1458
608.0000	  0.1457
607.5000	  0.1460
607.0000	  0.1461
606.5000	  0.1467
606.0000	  0.1464
605.5000	  0.1468
605.0000	  0.1469
604.5000	  0.1471
604.0000	  0.1477
603.5000	  0.1479
603.0000	  0.1482
602.5000	  0.1482
602.0000	  0.1488
601.5000	  0.1486
601.0000	  0.1493
600.5000	  0.1488
600.0000	  0.1495
599.5000	  0.1494
599.0000	  0.1500
598.5000	  0.1499
598.0000	  0.1503
597.5000	  0.1507
597.0000	  0.1510
596.5000	  0.1507
596.0000	  0.1518
595.5000	  0.1516
595.0000	  0.1523
594.5000	  0.1521
594.0000	  0.1522
593.5000	  0.1526
593.0000	  0.1535
592.5000	  0.1529
592.0000	  0.1538
591.5000	  0.1533
591.0000	  0.1543
590.5000	  0.1539
590.0000	  0.1546
589.5000	  0.1548
589.0000	  0.1554
588.5000	  0.1553
588.0000	  0.1556
587.5000	  0.1559
587.0000	  0.1563
586.5000	  0.1565
586.0000	  0.1568
585.5000	  0.1568
585.0000	  0.1575
584.5000	  0.1575
584.0000	  0.1577
583.5000	  0.1580
583.0000	  0.1586
582.5000	  0.1590
582.0000	  0.1588
581.5000	  0.1592
581.0000	  0.1592
580.5000	  0.1600
580.0000	  0.1602
579.5000	  0.1607
579.0000	  0.1605
578.5000	  0.1613
578.0000	  0.1611
577.5000	  0.1619
577.0000	  0.1620
576.5000	  0.1628
576.0000	  0.1625
575.5000	  0.1632
575.0000	  0.1630
574.5000	  0.1642
574.0000	  0.1637
573.5000	  0.1645
573.0000	  0.1646
572.5000	  0.1654
572.0000	  0.1651
571.5000	  0.1661
571.0000	  0.1659
570.5000	  0.1666
570.0000	  0.1666
569.5000	  0.1674
569.0000	  0.1673
568.5000	  0.1683
568.0000	  0.1680
567.5000	  0.1688
567.0000	  0.1687
566.5000	  0.1696
566.0000	  0.1697
565.5000	  0.1702
565.0000	  0.1704
564.5000	  0.1713
564.0000	  0.1714
563.5000	  0.1720
563.0000	  0.1721
562.5000	  0.1728
562.0000	  0.1737
561.5000	  0.1734
561.0000	  0.1740
560.5000	  0.1742
560.0000	  0.1745
559.5000	  0.1748
559.0000	  0.1753
558.5000	  0.1762
558.0000	  0.1766
557.5000	  0.1770
557.0000	  0.1768
556.5000	  0.1777
556.0000	  0.1783
555.5000	  0.1785
555.0000	  0.1788
554.5000	  0.1793
554.0000	  0.1802
553.5000	  0.1800
553.0000	  0.1811
552.5000	  0.1811
552.0000	  0.1820
551.5000	  0.1820
551.0000	  0.1829
550.5000	  0.1827
550.0000	  0.1843
549.5000	  0.1837
549.0000	  0.1852
548.5000	  0.1851
548.0000	  0.1859
547.5000	  0.1863
547.0000	  0.1868
546.5000	  0.1868
546.0000	  0.1877
545.5000	  0.1880
545.0000	  0.1888
544.5000	  0.1891
544.0000	  0.1900
543.5000	  0.1901
543.0000	  0.1906
542.5000	  0.1913
542.0000	  0.1918
541.5000	  0.1924
541.0000	  0.1923
540.5000	  0.1933
540.0000	  0.1939
539.5000	  0.1947
539.0000	  0.1947
538.5000	  0.1959
538.0000	  0.1962
537.5000	  0.1968
537.0000	  0.1968
536.5000	  0.1980
536.0000	  0.1983
535.5000	  0.1993
535.0000	  0.1994
534.5000	  0.1999
534.0000	  0.2006
533.5000	  0.2012
533.0000	  0.2018
532.5000	  0.2018
532.0000	  0.2032
531.5000	  0.2030
531.0000	  0.2043
530.5000	  0.2046
530.0000	  0.2057
529.5000	  0.2057
529.0000	  0.2070
528.5000	  0.2073
528.0000	  0.2083
527.5000	  0.2085
527.0000	  0.2095
526.5000	  0.2097
526.0000	  0.2107
525.5000	  0.2112
525.0000	  0.2120
524.5000	  0.2130
524.0000	  0.2130
523.5000	  0.2141
523.0000	  0.2146
522.5000	  0.2160
522.0000	  0.2159
521.5000	  0.2172
521.0000	  0.2173
520.5000	  0.2184
520.0000	  0.2186
519.5000	  0.2198
519.0000	  0.2204
518.5000	  0.2214
518.0000	  0.2216
517.5000	  0.2229
517.0000	  0.2232
516.5000	  0.2242
516.0000	  0.2247
515.5000	  0.2255
515.0000	  0.2261
514.5000	  0.2267
514.0000	  0.2283
513.5000	  0.2283
513.0000	  0.2290
512.5000	  0.2297
512.0000	  0.2311
511.5000	  0.2309
511.0000	  0.2324
510.5000	  0.2327
510.0000	  0.2338
509.5000	  0.2342
509.0000	  0.2352
508.5000	  0.2357
508.0000	  0.2367
507.5000	  0.2362
507.0000	  0.2376
506.5000	  0.2376
506.0000	  0.2388
505.5000	  0.2386
505.0000	  0.2393
504.5000	  0.2396
504.0000	  0.2400
503.5000	  0.2406
503.0000	  0.2410
502.5000	  0.2413
502.0000	  0.2419
501.5000	  0.2423
501.0000	  0.2417
500.5000	  0.2423
500.0000	  0.2425
499.5000	  0.2429
499.0000	  0.2422
498.5000	  0.2430
498.0000	  0.2431
497.5000	  0.2437
497.0000	  0.2426
496.5000	  0.2438
496.0000	  0.2428
495.5000	  0.2434
495.0000	  0.2427
494.5000	  0.2434
494.0000	  0.2427
493.5000	  0.2433
493.0000	  0.2423
492.5000	  0.2426
492.0000	  0.2423
491.5000	  0.2427
491.0000	  0.2415
490.5000	  0.2414
490.0000	  0.2409
489.5000	  0.2411
489.0000	  0.2400
488.5000	  0.2404
488.0000	  0.2391
487.5000	  0.2391
487.0000	  0.2390
486.5000	  0.2382
486.0000	  0.2380
485.5000	  0.2377
485.0000	  0.2374
484.5000	  0.2361
484.0000	  0.2359
483.5000	  0.2354
483.0000	  0.2354
482.5000	  0.2341
482.0000	  0.2343
481.5000	  0.2337
481.0000	  0.2335
480.5000	  0.2327
480.0000	  0.2318
479.5000	  0.2307
479.0000	  0.2314
478.5000	  0.2300
478.0000	  0.2296
477.5000	  0.2284
477.0000	  0.2285
476.5000	  0.2275
476.0000	  0.2278
475.5000	  0.2268
475.0000	  0.2263
474.5000	  0.2254
474.0000	  0.2245
473.5000	  0.2237
473.0000	  0.2243
472.5000	  0.2234
472.0000	  0.2224
471.5000	  0.2217
471.0000	  0.2212
470.5000	  0.2210
470.0000	  0.2201
469.5000	  0.2196
469.0000	  0.2196
468.5000	  0.2187
468.0000	  0.2181
467.5000	  0.2183
467.0000	  0.2171
466.5000	  0.2172
466.0000	  0.2164
465.5000	  0.2161
465.0000	  0.2151
464.5000	  0.2157
464.0000	  0.2140
463.5000	  0.2147
463.0000	  0.2139
462.5000	  0.2142
462.0000	  0.2132
461.5000	  0.2134
461.0000	  0.2126
460.5000	  0.2132
460.0000	  0.2122
459.5000	  0.2129
459.0000	  0.2124
458.5000	  0.2119
458.0000	  0.2128
457.5000	  0.2126
457.0000	  0.2122
456.5000	  0.2116
456.0000	  0.2127
455.5000	  0.2114
455.0000	  0.2114
454.5000	  0.2116
454.0000	  0.2120
453.5000	  0.2117
453.0000	  0.2115
452.5000	  0.2108
452.0000	  0.2102
451.5000	  0.2101
451.0000	  0.2104
450.5000	  0.2089
450.0000	  0.2097
449.5000	  0.2081
449.0000	  0.2078
448.5000	  0.2067
448.0000	  0.2062
447.5000	  0.2057
447.0000	  0.2050
446.5000	  0.2045
446.0000	  0.2038
445.5000	  0.2032
445.0000	  0.2022
444.5000	  0.2021
444.0000	  0.2013
443.5000	  0.2013
443.0000	  0.1997
442.5000	  0.2003
442.0000	  0.1987
441.5000	  0.1989
441.0000	  0.1981
440.5000	  0.1986
440.0000	  0.1973
439.5000	  0.1972
439.0000	  0.1973
438.5000	  0.1970
438.0000	  0.1962
437.5000	  0.1960
437.0000	  0.1958
436.5000	  0.1947
436.0000	  0.1954
435.5000	  0.1941
435.0000	  0.1947
434.5000	  0.1934
434.0000	  0.1941
433.5000	  0.1933
433.0000	  0.1933
432.5000	  0.1921
432.0000	  0.1925
431.5000	  0.1920
431.0000	  0.1925
430.5000	  0.1914
430.0000	  0.1912
429.5000	  0.1911
429.0000	  0.1907
428.5000	  0.1907
428.0000	  0.1903
427.5000	  0.1905
427.0000	  0.1896
426.5000	  0.1899
426.0000	  0.1887
425.5000	  0.1893
425.0000	  0.1881
424.5000	  0.1893
424.0000	  0.1880
423.5000	  0.1884
423.0000	  0.1880
422.5000	  0.1879
422.0000	  0.1874
421.5000	  0.1880
421.0000	  0.1868
420.5000	  0.1873
420.0000	  0.1866
419.5000	  0.1862
419.0000	  0.1867
418.5000	  0.1859
418.0000	  0.1864
417.5000	  0.1852
417.0000	  0.1860
416.5000	  0.1853
416.0000	  0.1853
415.5000	  0.1848
415.0000	  0.1855
414.5000	  0.1849
414.0000	  0.1841
413.5000	  0.1843
413.0000	  0.1845
412.5000	  0.1838
412.0000	  0.1843
411.5000	  0.1833
411.0000	  0.1836
410.5000	  0.1831
410.0000	  0.1830
409.5000	  0.1828
409.0000	  0.1823
408.5000	  0.1830
408.0000	  0.1816
407.5000	  0.1823
407.0000	  0.1815
406.5000	  0.1825
406.0000	  0.1817
405.5000	  0.1818
405.0000	  0.1814
404.5000	  0.1814
404.0000	  0.1817
403.5000	  0.1817
403.0000	  0.1801
402.5000	  0.1811
402.0000	  0.1808
401.5000	  0.1807
401.0000	  0.1797
400.5000	  0.1799
400.0000	  0.1799
399.5000	  0.1804
399.0000	  0.1795
398.5000	  0.1799
398.0000	  0.1799
397.5000	  0.1798
397.0000	  0.1802
396.5000	  0.1795
396.0000	  0.1801
395.5000	  0.1799
395.0000	  0.1803
394.5000	  0.1798
394.0000	  0.1796
393.5000	  0.1791
393.0000	  0.1799
392.5000	  0.1793
392.0000	  0.1796
391.5000	  0.1791
391.0000	  0.1798
390.5000	  0.1782
390.0000	  0.1794
389.5000	  0.1788
389.0000	  0.1791
388.5000	  0.1785
388.0000	  0.1786
387.5000	  0.1777
387.0000	  0.1776
386.5000	  0.1776
386.0000	  0.1782
385.5000	  0.1775
385.0000	  0.1781
384.5000	  0.1769
384.0000	  0.1770
383.5000	  0.1771
383.0000	  0.1764
382.5000	  0.1771
382.0000	  0.1767
381.5000	  0.1761
381.0000	  0.1758
380.5000	  0.1768
380.0000	  0.1756
379.5000	  0.1763
379.0000	  0.1757
378.5000	  0.1762
378.0000	  0.1757
377.5000	  0.1764
377.0000	  0.1754
376.5000	  0.1762
376.0000	  0.1768
375.5000	  0.1756
375.0000	  0.1753
374.5000	  0.1745
374.0000	  0.1760
373.5000	  0.1748
373.0000	  0.1753
372.5000	  0.1749
372.0000	  0.1748
371.5000	  0.1745
371.0000	  0.1747
370.5000	  0.1747
370.0000	  0.1750
369.5000	  0.1744
369.0000	  0.1757
368.5000	  0.1745
368.0000	  0.1759
367.5000	  0.1755
367.0000	  0.1744
366.5000	  0.1746
366.0000	  0.1748
365.5000	  0.1754
365.0000	  0.1757
364.5000	  0.1757
364.0000	  0.1737
363.5000	  0.1746
363.0000	  0.1737
362.5000	  0.1742
362.0000	  0.1740
361.5000	  0.1737
361.0000	  0.1740
360.5000	  0.1750
360.0000	  0.1739
359.5000	  0.1751
359.0000	  0.1739
358.5000	  0.1750
358.0000	  0.1739
357.5000	  0.1751
357.0000	  0.1756
356.5000	  0.1734
356.0000	  0.1733
355.5000	  0.1749
355.0000	  0.1732
354.5000	  0.1753
354.0000	  0.1755
353.5000	  0.1747
353.0000	  0.1745
352.5000	  0.1733
352.0000	  0.1732
351.5000	  0.1722
351.0000	  0.1745
350.5000	  0.1721
350.0000	  0.1738
