02/05/2023 16.13.53
02/05/2023 16.21.13

900.0000	 15.8800

900.0000	 15.8800

900.0000	-15.3800



  1.0000
900.0000
  3.0000
340.0000
  1.0000
1101.0000
  5.0000
  6.0000
  1.0000
  1.0000
  0.0000
  0.0000
100.0000
  0.0000
  1.0000
  0.0000
500.0000
900.0000
350.0000
  4.0000
  1.0000
 18.0000
  2.0000
  1.0000
  0.0000
  0.0000
  1.0000
 30.0000
  4.0000
500.0000
  0.0000
  0.0000
  4.0000
900.0000
350.0000
  0.0000
100.0000
  0.0000
  1.0000
  0.0000
500.0000
  1.0000
  1.0000
  1.0000
  1.0000
  4.0000
  0.0000
  1.0000
  1.0000
  1.0000
  1.0000
  1.0000
  2.0000
  1.0000
  1.0000
  1.0000
  3.0000
  1.0000
  1.0000
  1.0000
  4.0000
  5.0000
440.339
0.000
900.0000	 -0.1203
899.5000	  0.0501
899.0000	  0.0475
898.5000	  0.2201
898.0000	  0.4889
897.5000	  0.1330
897.0000	  0.2251
896.5000	 -0.1135
896.0000	  0.0954
895.5000	  0.1206
895.0000	 -0.0877
894.5000	  0.0720
894.0000	  0.0960
893.5000	  0.3003
893.0000	  0.0727
892.5000	  0.0647
892.0000	 -0.0785
891.5000	 -0.1501
891.0000	 -0.1014
890.5000	 -0.1791
890.0000	 -0.0696
889.5000	  0.0790
889.0000	 -0.0260
888.5000	  0.0899
888.0000	  0.2142
887.5000	  0.0137
887.0000	  0.0022
886.5000	 -0.0193
886.0000	  0.1018
885.5000	  0.0585
885.0000	  0.1136
884.5000	 -0.0111
884.0000	 -0.0155
883.5000	  0.1009
883.0000	  0.0407
882.5000	 -0.0123
882.0000	 -0.0111
881.5000	  0.1059
881.0000	  0.0045
880.5000	  0.0853
880.0000	  0.0591
879.5000	  0.0466
879.0000	  0.0025
878.5000	  0.0134
878.0000	  0.0389
877.5000	 -0.0298
877.0000	 -0.0198
876.5000	 -0.0049
876.0000	  0.0190
875.5000	 -0.0189
875.0000	  0.0115
874.5000	  0.0193
874.0000	  0.0087
873.5000	  0.0188
873.0000	 -0.0331
872.5000	  0.0175
872.0000	 -0.0021
871.5000	  0.0255
871.0000	  0.0072
870.5000	  0.0178
870.0000	  0.0327
869.5000	  0.0082
869.0000	  0.0135
868.5000	  0.0180
868.0000	  0.0133
867.5000	  0.0289
867.0000	  0.0133
866.5000	  0.0066
866.0000	  0.0217
865.5000	  0.0247
865.0000	 -0.0031
864.5000	  0.0093
864.0000	  0.0111
863.5000	  0.0055
863.0000	  0.0179
862.5000	  0.0058
862.0000	  0.0160
861.5000	  0.0103
861.0000	 -0.0042
860.5000	  0.0125
860.0000	  0.0094
859.5000	  0.0067
859.0000	  0.0125
858.5000	  0.0087
858.0000	  0.0198
857.5000	  0.0156
857.0000	  0.0166
856.5000	  0.0138
856.0000	  0.0153
855.5000	  0.0094
855.0000	  0.0098
854.5000	  0.0205
854.0000	  0.0113
853.5000	  0.0187
853.0000	  0.0210
852.5000	  0.0166
852.0000	  0.0162
851.5000	  0.0175
851.0000	  0.0074
850.5000	  0.0155
850.0000	  0.0200
849.5000	  0.0156
849.0000	  0.0152
848.5000	  0.0195
848.0000	  0.0135
847.5000	  0.0173
847.0000	  0.0165
846.5000	  0.0167
846.0000	  0.0144
845.5000	  0.0156
845.0000	  0.0182
844.5000	  0.0175
844.0000	  0.0140
843.5000	  0.0172
843.0000	  0.0177
842.5000	  0.0165
842.0000	  0.0169
841.5000	  0.0170
841.0000	  0.0185
840.5000	  0.0177
840.0000	  0.0169
839.5000	  0.0163
839.0000	  0.0170
838.5000	  0.0181
838.0000	  0.0182
837.5000	  0.0193
837.0000	  0.0184
836.5000	  0.0185
836.0000	  0.0185
835.5000	  0.0181
835.0000	  0.0192
834.5000	  0.0182
834.0000	  0.0179
833.5000	  0.0186
833.0000	  0.0178
832.5000	  0.0175
832.0000	  0.0180
831.5000	  0.0189
831.0000	  0.0180
830.5000	  0.0193
830.0000	  0.0180
829.5000	  0.0193
829.0000	  0.0196
828.5000	  0.0189
828.0000	  0.0181
827.5000	  0.0183
827.0000	  0.0189
826.5000	  0.0182
826.0000	  0.0195
825.5000	  0.0189
825.0000	  0.0199
824.5000	  0.0191
824.0000	  0.0194
823.5000	  0.0192
823.0000	  0.0192
822.5000	  0.0196
822.0000	  0.0196
821.5000	  0.0201
821.0000	  0.0203
820.5000	  0.0198
820.0000	  0.0193
819.5000	  0.0196
819.0000	  0.0188
818.5000	  0.0199
818.0000	  0.0203
817.5000	  0.0200
817.0000	  0.0198
816.5000	  0.0191
816.0000	  0.0197
815.5000	  0.0194
815.0000	  0.0191
814.5000	  0.0197
814.0000	  0.0196
813.5000	  0.0203
813.0000	  0.0199
812.5000	  0.0206
812.0000	  0.0197
811.5000	  0.0205
811.0000	  0.0195
810.5000	  0.0196
810.0000	  0.0196
809.5000	  0.0203
809.0000	  0.0204
808.5000	  0.0203
808.0000	  0.0201
807.5000	  0.0202
807.0000	  0.0203
806.5000	  0.0205
806.0000	  0.0199
805.5000	  0.0205
805.0000	  0.0207
804.5000	  0.0202
804.0000	  0.0208
803.5000	  0.0205
803.0000	  0.0210
802.5000	  0.0202
802.0000	  0.0211
801.5000	  0.0203
801.0000	  0.0214
800.5000	  0.0210
800.0000	  0.0204
799.5000	  0.0210
799.0000	  0.0209
798.5000	  0.0207
798.0000	  0.0209
797.5000	  0.0211
797.0000	  0.0210
796.5000	  0.0207
796.0000	  0.0213
795.5000	  0.0218
795.0000	  0.0216
794.5000	  0.0214
794.0000	  0.0209
793.5000	  0.0212
793.0000	  0.0213
792.5000	  0.0212
792.0000	  0.0214
791.5000	  0.0213
791.0000	  0.0214
790.5000	  0.0218
790.0000	  0.0217
789.5000	  0.0216
789.0000	  0.0221
788.5000	  0.0219
788.0000	  0.0215
787.5000	  0.0217
787.0000	  0.0221
786.5000	  0.0218
786.0000	  0.0215
785.5000	  0.0224
785.0000	  0.0220
784.5000	  0.0224
784.0000	  0.0219
783.5000	  0.0223
783.0000	  0.0224
782.5000	  0.0221
782.0000	  0.0224
781.5000	  0.0224
781.0000	  0.0222
780.5000	  0.0225
780.0000	  0.0227
779.5000	  0.0223
779.0000	  0.0224
778.5000	  0.0227
778.0000	  0.0224
777.5000	  0.0226
777.0000	  0.0227
776.5000	  0.0224
776.0000	  0.0229
775.5000	  0.0230
775.0000	  0.0229
774.5000	  0.0232
774.0000	  0.0230
773.5000	  0.0226
773.0000	  0.0231
772.5000	  0.0229
772.0000	  0.0228
771.5000	  0.0229
771.0000	  0.0234
770.5000	  0.0237
770.0000	  0.0235
769.5000	  0.0233
769.0000	  0.0234
768.5000	  0.0236
768.0000	  0.0238
767.5000	  0.0239
767.0000	  0.0234
766.5000	  0.0238
766.0000	  0.0241
765.5000	  0.0239
765.0000	  0.0235
764.5000	  0.0242
764.0000	  0.0242
763.5000	  0.0239
763.0000	  0.0241
762.5000	  0.0241
762.0000	  0.0241
761.5000	  0.0245
761.0000	  0.0242
760.5000	  0.0243
760.0000	  0.0242
759.5000	  0.0240
759.0000	  0.0245
758.5000	  0.0248
758.0000	  0.0248
757.5000	  0.0247
757.0000	  0.0252
756.5000	  0.0248
756.0000	  0.0247
755.5000	  0.0251
755.0000	  0.0253
754.5000	  0.0250
754.0000	  0.0256
753.5000	  0.0251
753.0000	  0.0248
752.5000	  0.0251
752.0000	  0.0254
751.5000	  0.0253
751.0000	  0.0256
750.5000	  0.0253
750.0000	  0.0252
749.5000	  0.0257
749.0000	  0.0258
748.5000	  0.0259
748.0000	  0.0258
747.5000	  0.0257
747.0000	  0.0264
746.5000	  0.0258
746.0000	  0.0257
745.5000	  0.0260
745.0000	  0.0257
744.5000	  0.0257
744.0000	  0.0264
743.5000	  0.0265
743.0000	  0.0266
742.5000	  0.0267
742.0000	  0.0267
741.5000	  0.0265
741.0000	  0.0267
740.5000	  0.0269
740.0000	  0.0270
739.5000	  0.0269
739.0000	  0.0271
738.5000	  0.0271
738.0000	  0.0271
737.5000	  0.0270
737.0000	  0.0273
736.5000	  0.0275
736.0000	  0.0276
735.5000	  0.0272
735.0000	  0.0274
734.5000	  0.0276
734.0000	  0.0278
733.5000	  0.0277
733.0000	  0.0281
732.5000	  0.0279
732.0000	  0.0283
731.5000	  0.0284
731.0000	  0.0287
730.5000	  0.0283
730.0000	  0.0287
729.5000	  0.0290
729.0000	  0.0289
728.5000	  0.0288
728.0000	  0.0290
727.5000	  0.0290
727.0000	  0.0289
726.5000	  0.0290
726.0000	  0.0289
725.5000	  0.0298
725.0000	  0.0297
724.5000	  0.0300
724.0000	  0.0301
723.5000	  0.0302
723.0000	  0.0299
722.5000	  0.0303
722.0000	  0.0306
721.5000	  0.0310
721.0000	  0.0309
720.5000	  0.0316
720.0000	  0.0303
719.5000	  0.0316
719.0000	  0.0317
718.5000	  0.0315
718.0000	  0.0314
717.5000	  0.0327
717.0000	  0.0316
716.5000	  0.0315
716.0000	  0.0315
715.5000	  0.0330
715.0000	  0.0317
714.5000	  0.0311
714.0000	  0.0310
713.5000	  0.0317
713.0000	  0.0318
712.5000	  0.0319
712.0000	  0.0310
711.5000	  0.0315
711.0000	  0.0314
710.5000	  0.0316
710.0000	  0.0315
709.5000	  0.0316
709.0000	  0.0315
708.5000	  0.0316
708.0000	  0.0315
707.5000	  0.0316
707.0000	  0.0319
706.5000	  0.0316
706.0000	  0.0319
705.5000	  0.0322
705.0000	  0.0326
704.5000	  0.0328
704.0000	  0.0330
703.5000	  0.0327
703.0000	  0.0327
702.5000	  0.0329
702.0000	  0.0329
701.5000	  0.0331
701.0000	  0.0331
700.5000	  0.0336
700.0000	  0.0334
699.5000	  0.0337
699.0000	  0.0338
698.5000	  0.0338
698.0000	  0.0339
697.5000	  0.0338
697.0000	  0.0342
696.5000	  0.0345
696.0000	  0.0342
695.5000	  0.0343
695.0000	  0.0341
694.5000	  0.0347
694.0000	  0.0351
693.5000	  0.0349
693.0000	  0.0347
692.5000	  0.0348
692.0000	  0.0351
691.5000	  0.0353
691.0000	  0.0350
690.5000	  0.0354
690.0000	  0.0356
689.5000	  0.0356
689.0000	  0.0355
688.5000	  0.0360
688.0000	  0.0359
687.5000	  0.0359
687.0000	  0.0362
686.5000	  0.0361
686.0000	  0.0364
685.5000	  0.0365
685.0000	  0.0366
684.5000	  0.0368
684.0000	  0.0369
683.5000	  0.0371
683.0000	  0.0369
682.5000	  0.0373
682.0000	  0.0373
681.5000	  0.0375
681.0000	  0.0379
680.5000	  0.0374
680.0000	  0.0378
679.5000	  0.0381
679.0000	  0.0381
678.5000	  0.0381
678.0000	  0.0381
677.5000	  0.0385
677.0000	  0.0386
676.5000	  0.0386
676.0000	  0.0389
675.5000	  0.0393
675.0000	  0.0391
674.5000	  0.0391
674.0000	  0.0395
673.5000	  0.0395
673.0000	  0.0397
672.5000	  0.0396
672.0000	  0.0397
671.5000	  0.0402
671.0000	  0.0402
670.5000	  0.0404
670.0000	  0.0403
669.5000	  0.0408
669.0000	  0.0410
668.5000	  0.0410
668.0000	  0.0411
667.5000	  0.0412
667.0000	  0.0413
666.5000	  0.0416
666.0000	  0.0418
665.5000	  0.0416
665.0000	  0.0419
664.5000	  0.0424
664.0000	  0.0424
663.5000	  0.0424
663.0000	  0.0426
662.5000	  0.0428
662.0000	  0.0429
661.5000	  0.0430
661.0000	  0.0431
660.5000	  0.0432
660.0000	  0.0435
659.5000	  0.0435
659.0000	  0.0435
658.5000	  0.0440
658.0000	  0.0442
657.5000	  0.0443
657.0000	  0.0445
656.5000	  0.0446
656.0000	  0.0448
655.5000	  0.0449
655.0000	  0.0451
654.5000	  0.0451
654.0000	  0.0455
653.5000	  0.0457
653.0000	  0.0457
652.5000	  0.0459
652.0000	  0.0461
651.5000	  0.0463
651.0000	  0.0466
650.5000	  0.0466
650.0000	  0.0469
649.5000	  0.0471
649.0000	  0.0470
648.5000	  0.0475
648.0000	  0.0474
647.5000	  0.0476
647.0000	  0.0480
646.5000	  0.0480
646.0000	  0.0481
645.5000	  0.0484
645.0000	  0.0484
644.5000	  0.0489
644.0000	  0.0491
643.5000	  0.0492
643.0000	  0.0494
642.5000	  0.0496
642.0000	  0.0498
641.5000	  0.0499
641.0000	  0.0501
640.5000	  0.0505
640.0000	  0.0504
639.5000	  0.0506
639.0000	  0.0508
638.5000	  0.0512
638.0000	  0.0514
637.5000	  0.0515
637.0000	  0.0516
636.5000	  0.0520
636.0000	  0.0522
635.5000	  0.0521
635.0000	  0.0524
634.5000	  0.0526
634.0000	  0.0529
633.5000	  0.0531
633.0000	  0.0534
632.5000	  0.0535
632.0000	  0.0539
631.5000	  0.0539
631.0000	  0.0544
630.5000	  0.0548
630.0000	  0.0551
629.5000	  0.0554
629.0000	  0.0556
628.5000	  0.0560
628.0000	  0.0564
627.5000	  0.0567
627.0000	  0.0570
626.5000	  0.0572
626.0000	  0.0577
625.5000	  0.0581
625.0000	  0.0581
624.5000	  0.0586
624.0000	  0.0592
623.5000	  0.0590
623.0000	  0.0597
622.5000	  0.0601
622.0000	  0.0600
621.5000	  0.0602
621.0000	  0.0608
620.5000	  0.0610
620.0000	  0.0614
619.5000	  0.0619
619.0000	  0.0619
618.5000	  0.0621
618.0000	  0.0623
617.5000	  0.0626
617.0000	  0.0629
616.5000	  0.0629
616.0000	  0.0633
615.5000	  0.0637
615.0000	  0.0642
614.5000	  0.0642
614.0000	  0.0646
613.5000	  0.0648
613.0000	  0.0650
612.5000	  0.0657
612.0000	  0.0658
611.5000	  0.0661
611.0000	  0.0663
610.5000	  0.0666
610.0000	  0.0669
609.5000	  0.0674
609.0000	  0.0673
608.5000	  0.0678
608.0000	  0.0680
607.5000	  0.0683
607.0000	  0.0686
606.5000	  0.0692
606.0000	  0.0693
605.5000	  0.0697
605.0000	  0.0702
604.5000	  0.0703
604.0000	  0.0711
603.5000	  0.0712
603.0000	  0.0714
602.5000	  0.0718
602.0000	  0.0725
601.5000	  0.0724
601.0000	  0.0729
600.5000	  0.0732
600.0000	  0.0736
599.5000	  0.0738
599.0000	  0.0741
598.5000	  0.0745
598.0000	  0.0750
597.5000	  0.0756
597.0000	  0.0757
596.5000	  0.0760
596.0000	  0.0762
595.5000	  0.0765
595.0000	  0.0773
594.5000	  0.0774
594.0000	  0.0780
593.5000	  0.0785
593.0000	  0.0785
592.5000	  0.0791
592.0000	  0.0794
591.5000	  0.0799
591.0000	  0.0802
590.5000	  0.0806
590.0000	  0.0811
589.5000	  0.0815
589.0000	  0.0820
588.5000	  0.0821
588.0000	  0.0826
587.5000	  0.0832
587.0000	  0.0834
586.5000	  0.0837
586.0000	  0.0843
585.5000	  0.0849
585.0000	  0.0852
584.5000	  0.0854
584.0000	  0.0859
583.5000	  0.0862
583.0000	  0.0869
582.5000	  0.0874
582.0000	  0.0874
581.5000	  0.0879
581.0000	  0.0885
580.5000	  0.0889
580.0000	  0.0896
579.5000	  0.0899
579.0000	  0.0904
578.5000	  0.0907
578.0000	  0.0913
577.5000	  0.0914
577.0000	  0.0921
576.5000	  0.0927
576.0000	  0.0929
575.5000	  0.0935
575.0000	  0.0938
574.5000	  0.0944
574.0000	  0.0947
573.5000	  0.0954
573.0000	  0.0958
572.5000	  0.0964
572.0000	  0.0966
571.5000	  0.0973
571.0000	  0.0979
570.5000	  0.0986
570.0000	  0.0985
569.5000	  0.0994
569.0000	  0.0996
568.5000	  0.1006
568.0000	  0.1006
567.5000	  0.1013
567.0000	  0.1016
566.5000	  0.1023
566.0000	  0.1030
565.5000	  0.1033
565.0000	  0.1041
564.5000	  0.1046
564.0000	  0.1053
563.5000	  0.1055
563.0000	  0.1065
562.5000	  0.1066
562.0000	  0.1073
561.5000	  0.1075
561.0000	  0.1083
560.5000	  0.1088
560.0000	  0.1091
559.5000	  0.1096
559.0000	  0.1101
558.5000	  0.1109
558.0000	  0.1115
557.5000	  0.1118
557.0000	  0.1127
556.5000	  0.1130
556.0000	  0.1138
555.5000	  0.1141
555.0000	  0.1150
554.5000	  0.1156
554.0000	  0.1163
553.5000	  0.1168
553.0000	  0.1173
552.5000	  0.1179
552.0000	  0.1185
551.5000	  0.1192
551.0000	  0.1197
550.5000	  0.1202
550.0000	  0.1208
549.5000	  0.1215
549.0000	  0.1220
548.5000	  0.1229
548.0000	  0.1234
547.5000	  0.1241
547.0000	  0.1243
546.5000	  0.1251
546.0000	  0.1258
545.5000	  0.1263
545.0000	  0.1269
544.5000	  0.1277
544.0000	  0.1284
543.5000	  0.1293
543.0000	  0.1295
542.5000	  0.1306
542.0000	  0.1308
541.5000	  0.1315
541.0000	  0.1323
540.5000	  0.1328
540.0000	  0.1334
539.5000	  0.1335
539.0000	  0.1345
538.5000	  0.1354
538.0000	  0.1361
537.5000	  0.1366
537.0000	  0.1375
536.5000	  0.1380
536.0000	  0.1387
535.5000	  0.1393
535.0000	  0.1404
534.5000	  0.1407
534.0000	  0.1416
533.5000	  0.1423
533.0000	  0.1431
532.5000	  0.1438
532.0000	  0.1441
531.5000	  0.1447
531.0000	  0.1457
530.5000	  0.1465
530.0000	  0.1471
529.5000	  0.1478
529.0000	  0.1482
528.5000	  0.1495
528.0000	  0.1495
527.5000	  0.1501
527.0000	  0.1509
526.5000	  0.1519
526.0000	  0.1525
525.5000	  0.1534
525.0000	  0.1539
524.5000	  0.1548
524.0000	  0.1555
523.5000	  0.1561
523.0000	  0.1569
522.5000	  0.1576
522.0000	  0.1583
521.5000	  0.1584
521.0000	  0.1594
520.5000	  0.1602
520.0000	  0.1610
519.5000	  0.1616
519.0000	  0.1619
518.5000	  0.1626
518.0000	  0.1638
517.5000	  0.1641
517.0000	  0.1647
516.5000	  0.1651
516.0000	  0.1660
515.5000	  0.1663
515.0000	  0.1671
514.5000	  0.1675
514.0000	  0.1682
513.5000	  0.1689
513.0000	  0.1693
512.5000	  0.1699
512.0000	  0.1704
511.5000	  0.1713
511.0000	  0.1715
510.5000	  0.1719
510.0000	  0.1725
509.5000	  0.1731
509.0000	  0.1732
508.5000	  0.1742
508.0000	  0.1748
507.5000	  0.1751
507.0000	  0.1755
506.5000	  0.1763
506.0000	  0.1767
505.5000	  0.1769
505.0000	  0.1773
504.5000	  0.1777
504.0000	  0.1782
503.5000	  0.1784
503.0000	  0.1789
502.5000	  0.1792
502.0000	  0.1795
501.5000	  0.1791
501.0000	  0.1800
500.5000	  0.1799
500.0000	  0.1800
499.5000	  0.1802
499.0000	  0.1804
498.5000	  0.1802
498.0000	  0.1803
497.5000	  0.1803
497.0000	  0.1802
496.5000	  0.1800
496.0000	  0.1800
495.5000	  0.1798
495.0000	  0.1797
494.5000	  0.1792
494.0000	  0.1793
493.5000	  0.1790
493.0000	  0.1785
492.5000	  0.1777
492.0000	  0.1774
491.5000	  0.1773
491.0000	  0.1765
490.5000	  0.1758
490.0000	  0.1753
489.5000	  0.1745
489.0000	  0.1741
488.5000	  0.1735
488.0000	  0.1726
487.5000	  0.1720
487.0000	  0.1718
486.5000	  0.1707
486.0000	  0.1699
485.5000	  0.1699
485.0000	  0.1684
484.5000	  0.1679
484.0000	  0.1668
483.5000	  0.1661
483.0000	  0.1654
482.5000	  0.1648
482.0000	  0.1638
481.5000	  0.1627
481.0000	  0.1627
480.5000	  0.1618
480.0000	  0.1605
479.5000	  0.1596
479.0000	  0.1590
478.5000	  0.1581
478.0000	  0.1577
477.5000	  0.1567
477.0000	  0.1560
476.5000	  0.1552
476.0000	  0.1548
475.5000	  0.1534
475.0000	  0.1528
474.5000	  0.1522
474.0000	  0.1515
473.5000	  0.1507
473.0000	  0.1499
472.5000	  0.1490
472.0000	  0.1483
471.5000	  0.1478
471.0000	  0.1470
470.5000	  0.1464
470.0000	  0.1456
469.5000	  0.1452
469.0000	  0.1446
468.5000	  0.1440
468.0000	  0.1434
467.5000	  0.1429
467.0000	  0.1418
466.5000	  0.1415
466.0000	  0.1402
465.5000	  0.1408
465.0000	  0.1402
464.5000	  0.1395
464.0000	  0.1387
463.5000	  0.1380
463.0000	  0.1373
462.5000	  0.1371
462.0000	  0.1368
461.5000	  0.1362
461.0000	  0.1354
460.5000	  0.1350
460.0000	  0.1355
459.5000	  0.1340
459.0000	  0.1334
458.5000	  0.1332
458.0000	  0.1322
457.5000	  0.1321
457.0000	  0.1316
456.5000	  0.1310
456.0000	  0.1304
455.5000	  0.1301
455.0000	  0.1294
454.5000	  0.1284
454.0000	  0.1280
453.5000	  0.1269
453.0000	  0.1263
452.5000	  0.1254
452.0000	  0.1246
451.5000	  0.1241
451.0000	  0.1228
450.5000	  0.1219
450.0000	  0.1216
449.5000	  0.1205
449.0000	  0.1204
448.5000	  0.1187
448.0000	  0.1186
447.5000	  0.1174
447.0000	  0.1172
446.5000	  0.1161
446.0000	  0.1156
445.5000	  0.1150
445.0000	  0.1147
444.5000	  0.1138
444.0000	  0.1136
443.5000	  0.1125
443.0000	  0.1116
442.5000	  0.1111
442.0000	  0.1108
441.5000	  0.1102
441.0000	  0.1095
440.5000	  0.1097
440.0000	  0.1087
439.5000	  0.1084
439.0000	  0.1079
438.5000	  0.1075
438.0000	  0.1067
437.5000	  0.1062
437.0000	  0.1056
436.5000	  0.1058
436.0000	  0.1050
435.5000	  0.1046
435.0000	  0.1046
434.5000	  0.1041
434.0000	  0.1039
433.5000	  0.1031
433.0000	  0.1025
432.5000	  0.1021
432.0000	  0.1018
431.5000	  0.1018
431.0000	  0.1014
430.5000	  0.1013
430.0000	  0.1009
429.5000	  0.0996
429.0000	  0.1001
428.5000	  0.0998
428.0000	  0.0986
427.5000	  0.0989
427.0000	  0.0996
426.5000	  0.0982
426.0000	  0.0981
425.5000	  0.0980
425.0000	  0.0975
424.5000	  0.0974
424.0000	  0.0968
423.5000	  0.0967
423.0000	  0.0962
422.5000	  0.0960
422.0000	  0.0959
421.5000	  0.0946
421.0000	  0.0953
420.5000	  0.0946
420.0000	  0.0943
419.5000	  0.0940
419.0000	  0.0937
418.5000	  0.0938
418.0000	  0.0932
417.5000	  0.0927
417.0000	  0.0920
416.5000	  0.0925
416.0000	  0.0925
415.5000	  0.0916
415.0000	  0.0921
414.5000	  0.0915
414.0000	  0.0904
413.5000	  0.0904
413.0000	  0.0903
412.5000	  0.0906
412.0000	  0.0905
411.5000	  0.0900
411.0000	  0.0897
410.5000	  0.0892
410.0000	  0.0893
409.5000	  0.0888
409.0000	  0.0887
408.5000	  0.0879
408.0000	  0.0882
407.5000	  0.0880
407.0000	  0.0873
406.5000	  0.0877
406.0000	  0.0875
405.5000	  0.0873
405.0000	  0.0866
404.5000	  0.0866
404.0000	  0.0865
403.5000	  0.0855
403.0000	  0.0848
402.5000	  0.0852
402.0000	  0.0858
401.5000	  0.0855
401.0000	  0.0846
400.5000	  0.0839
400.0000	  0.0839
399.5000	  0.0849
399.0000	  0.0838
398.5000	  0.0830
398.0000	  0.0840
397.5000	  0.0841
397.0000	  0.0836
396.5000	  0.0834
396.0000	  0.0826
395.5000	  0.0822
395.0000	  0.0822
394.5000	  0.0824
394.0000	  0.0819
393.5000	  0.0828
393.0000	  0.0817
392.5000	  0.0807
392.0000	  0.0814
391.5000	  0.0811
391.0000	  0.0801
390.5000	  0.0807
390.0000	  0.0810
389.5000	  0.0800
389.0000	  0.0805
388.5000	  0.0788
388.0000	  0.0797
387.5000	  0.0809
387.0000	  0.0807
386.5000	  0.0800
386.0000	  0.0790
385.5000	  0.0789
385.0000	  0.0814
384.5000	  0.0800
384.0000	  0.0801
383.5000	  0.0794
383.0000	  0.0794
382.5000	  0.0783
382.0000	  0.0788
381.5000	  0.0782
381.0000	  0.0799
380.5000	  0.0795
380.0000	  0.0782
379.5000	  0.0767
379.0000	  0.0789
378.5000	  0.0777
378.0000	  0.0798
377.5000	  0.0790
377.0000	  0.0790
376.5000	  0.0787
376.0000	  0.0790
375.5000	  0.0777
375.0000	  0.0790
374.5000	  0.0784
374.0000	  0.0778
373.5000	  0.0786
373.0000	  0.0769
372.5000	  0.0776
372.0000	  0.0769
371.5000	  0.0764
371.0000	  0.0776
370.5000	  0.0753
370.0000	  0.0765
369.5000	  0.0768
369.0000	  0.0772
368.5000	  0.0780
368.0000	  0.0766
367.5000	  0.0766
367.0000	  0.0753
366.5000	  0.0772
366.0000	  0.0758
365.5000	  0.0752
365.0000	  0.0756
364.5000	  0.0753
364.0000	  0.0769
363.5000	  0.0751
363.0000	  0.0757
362.5000	  0.0778
362.0000	  0.0766
361.5000	  0.0771
361.0000	  0.0756
360.5000	  0.0761
360.0000	  0.0729
359.5000	  0.0766
359.0000	  0.0784
358.5000	  0.0751
358.0000	  0.0737
357.5000	  0.0744
357.0000	  0.0735
356.5000	  0.0756
356.0000	  0.0776
355.5000	  0.0731
355.0000	  0.0754
354.5000	  0.0753
354.0000	  0.0749
353.5000	  0.0758
353.0000	  0.0748
352.5000	  0.0722
352.0000	  0.0752
351.5000	  0.0736
351.0000	  0.0772
350.5000	  0.0730
350.0000	  0.0723
