02/05/2023 16.23.07
02/05/2023 16.30.27

900.0000	 88.1500

900.0000	 88.1500

900.0000	-29.4100



  1.0000
900.0000
  3.0000
340.0000
  1.0000
1101.0000
  5.0000
  6.0000
  1.0000
  1.0000
  0.0000
  0.0000
100.0000
  0.0000
  1.0000
  0.0000
500.0000
900.0000
350.0000
  4.0000
  1.0000
 18.0000
  2.0000
  1.0000
  0.0000
  0.0000
  1.0000
 30.0000
  4.0000
500.0000
  0.0000
  0.0000
  4.0000
900.0000
350.0000
  0.0000
100.0000
  0.0000
  1.0000
  0.0000
500.0000
  1.0000
  1.0000
  1.0000
  1.0000
  4.0000
  0.0000
  1.0000
  1.0000
  1.0000
  1.0000
  1.0000
  2.0000
  1.0000
  1.0000
  1.0000
  3.0000
  1.0000
  1.0000
  1.0000
  4.0000
  5.0000
440.348
0.000
900.0000	  0.3125
899.5000	  0.3852
899.0000	  0.6667
898.5000	 -0.6335
898.0000	  1.4000
897.5000	  0.4118
897.0000	  1.8375
896.5000	  1.2418
896.0000	  0.0952
895.5000	  0.1212
895.0000	  0.0992
894.5000	  1.9478
894.0000	  0.6468
893.5000	 -0.5353
893.0000	 -0.4902
892.5000	 -3.8335
892.0000	  0.0619
891.5000	 -0.0743
891.0000	 -1.3954
890.5000	  0.7606
890.0000	  0.7339
889.5000	 -0.1364
889.0000	  0.7214
888.5000	  1.0577
888.0000	 -0.1474
887.5000	  0.1152
887.0000	 -5.4288
886.5000	 -0.0693
886.0000	 -0.2164
885.5000	 -0.2836
885.0000	 -1.1259
884.5000	 -0.3443
884.0000	 -0.2555
883.5000	 -0.4045
883.0000	 -0.8343
882.5000	  0.2241
882.0000	  0.2102
881.5000	  0.3102
881.0000	  0.2028
880.5000	  0.3051
880.0000	 -0.1321
879.5000	 -0.2411
879.0000	  0.1892
878.5000	  0.2087
878.0000	  0.0100
877.5000	  0.1985
877.0000	  0.0961
876.5000	 -0.1509
876.0000	  0.1479
875.5000	 -0.1041
875.0000	  0.0846
874.5000	 -0.2893
874.0000	 -0.0383
873.5000	  0.0907
873.0000	 -0.1947
872.5000	 -0.0171
872.0000	  0.0557
871.5000	  0.0443
871.0000	  0.0850
870.5000	  0.0345
870.0000	  0.0000
869.5000	  0.0514
869.0000	  0.0798
868.5000	 -0.0114
868.0000	 -0.0550
867.5000	  0.0589
867.0000	  0.0528
866.5000	 -0.0779
866.0000	 -0.1188
865.5000	  0.0948
865.0000	  0.0657
864.5000	 -0.0537
864.0000	  0.0652
863.5000	  0.0329
863.0000	 -0.0210
862.5000	 -0.0403
862.0000	 -0.0057
861.5000	  0.0672
861.0000	  0.0554
860.5000	  0.0037
860.0000	 -0.0084
859.5000	  0.0242
859.0000	  0.0046
858.5000	 -0.0344
858.0000	 -0.0108
857.5000	  0.0424
857.0000	  0.0006
856.5000	 -0.0046
856.0000	  0.0228
855.5000	  0.0106
855.0000	  0.0077
854.5000	  0.0181
854.0000	  0.0173
853.5000	  0.0140
853.0000	  0.0332
852.5000	  0.0082
852.0000	  0.0200
851.5000	  0.0050
851.0000	  0.0138
850.5000	  0.0119
850.0000	  0.0175
849.5000	  0.0019
849.0000	  0.0142
848.5000	  0.0010
848.0000	  0.0022
847.5000	  0.0100
847.0000	  0.0036
846.5000	  0.0079
846.0000	 -0.0015
845.5000	  0.0131
845.0000	  0.0071
844.5000	  0.0147
844.0000	  0.0079
843.5000	  0.0029
843.0000	  0.0038
842.5000	  0.0139
842.0000	 -0.0010
841.5000	 -0.0016
841.0000	  0.0055
840.5000	  0.0199
840.0000	  0.0008
839.5000	  0.0071
839.0000	  0.0078
838.5000	  0.0168
838.0000	  0.0045
837.5000	  0.0050
837.0000	  0.0113
836.5000	  0.0075
836.0000	  0.0043
835.5000	  0.0117
835.0000	  0.0078
834.5000	  0.0097
834.0000	  0.0109
833.5000	  0.0096
833.0000	  0.0159
832.5000	  0.0127
832.0000	  0.0144
831.5000	  0.0104
831.0000	  0.0096
830.5000	  0.0142
830.0000	  0.0098
829.5000	  0.0148
829.0000	  0.0145
828.5000	  0.0141
828.0000	  0.0142
827.5000	  0.0121
827.0000	  0.0134
826.5000	  0.0125
826.0000	  0.0101
825.5000	  0.0122
825.0000	  0.0123
824.5000	  0.0127
824.0000	  0.0157
823.5000	  0.0114
823.0000	  0.0128
822.5000	  0.0149
822.0000	  0.0111
821.5000	  0.0088
821.0000	  0.0112
820.5000	  0.0125
820.0000	  0.0119
819.5000	  0.0125
819.0000	  0.0106
818.5000	  0.0142
818.0000	  0.0135
817.5000	  0.0122
817.0000	  0.0122
816.5000	  0.0166
816.0000	  0.0122
815.5000	  0.0121
815.0000	  0.0126
814.5000	  0.0157
814.0000	  0.0147
813.5000	  0.0136
813.0000	  0.0137
812.5000	  0.0151
812.0000	  0.0139
811.5000	  0.0105
811.0000	  0.0134
810.5000	  0.0125
810.0000	  0.0161
809.5000	  0.0144
809.0000	  0.0141
808.5000	  0.0154
808.0000	  0.0119
807.5000	  0.0129
807.0000	  0.0137
806.5000	  0.0139
806.0000	  0.0127
805.5000	  0.0146
805.0000	  0.0113
804.5000	  0.0145
804.0000	  0.0121
803.5000	  0.0148
803.0000	  0.0119
802.5000	  0.0138
802.0000	  0.0126
801.5000	  0.0151
801.0000	  0.0143
800.5000	  0.0133
800.0000	  0.0162
799.5000	  0.0139
799.0000	  0.0123
798.5000	  0.0142
798.0000	  0.0146
797.5000	  0.0132
797.0000	  0.0134
796.5000	  0.0125
796.0000	  0.0128
795.5000	  0.0137
795.0000	  0.0142
794.5000	  0.0130
794.0000	  0.0154
793.5000	  0.0157
793.0000	  0.0120
792.5000	  0.0148
792.0000	  0.0152
791.5000	  0.0154
791.0000	  0.0130
790.5000	  0.0146
790.0000	  0.0166
789.5000	  0.0154
789.0000	  0.0143
788.5000	  0.0144
788.0000	  0.0142
787.5000	  0.0145
787.0000	  0.0127
786.5000	  0.0152
786.0000	  0.0145
785.5000	  0.0148
785.0000	  0.0127
784.5000	  0.0141
784.0000	  0.0158
783.5000	  0.0136
783.0000	  0.0146
782.5000	  0.0156
782.0000	  0.0155
781.5000	  0.0148
781.0000	  0.0134
780.5000	  0.0152
780.0000	  0.0148
779.5000	  0.0158
779.0000	  0.0134
778.5000	  0.0127
778.0000	  0.0160
777.5000	  0.0164
777.0000	  0.0147
776.5000	  0.0158
776.0000	  0.0162
775.5000	  0.0163
775.0000	  0.0138
774.5000	  0.0140
774.0000	  0.0148
773.5000	  0.0156
773.0000	  0.0156
772.5000	  0.0151
772.0000	  0.0144
771.5000	  0.0136
771.0000	  0.0140
770.5000	  0.0163
770.0000	  0.0161
769.5000	  0.0178
769.0000	  0.0157
768.5000	  0.0165
768.0000	  0.0151
767.5000	  0.0172
767.0000	  0.0147
766.5000	  0.0137
766.0000	  0.0160
765.5000	  0.0172
765.0000	  0.0150
764.5000	  0.0153
764.0000	  0.0147
763.5000	  0.0166
763.0000	  0.0161
762.5000	  0.0170
762.0000	  0.0154
761.5000	  0.0174
761.0000	  0.0158
760.5000	  0.0168
760.0000	  0.0155
759.5000	  0.0162
759.0000	  0.0166
758.5000	  0.0164
758.0000	  0.0154
757.5000	  0.0160
757.0000	  0.0158
756.5000	  0.0159
756.0000	  0.0156
755.5000	  0.0164
755.0000	  0.0175
754.5000	  0.0148
754.0000	  0.0164
753.5000	  0.0168
753.0000	  0.0154
752.5000	  0.0167
752.0000	  0.0168
751.5000	  0.0167
751.0000	  0.0174
750.5000	  0.0147
750.0000	  0.0168
749.5000	  0.0172
749.0000	  0.0166
748.5000	  0.0160
748.0000	  0.0159
747.5000	  0.0167
747.0000	  0.0182
746.5000	  0.0162
746.0000	  0.0174
745.5000	  0.0174
745.0000	  0.0163
744.5000	  0.0184
744.0000	  0.0156
743.5000	  0.0174
743.0000	  0.0182
742.5000	  0.0178
742.0000	  0.0164
741.5000	  0.0179
741.0000	  0.0183
740.5000	  0.0175
740.0000	  0.0177
739.5000	  0.0191
739.0000	  0.0192
738.5000	  0.0200
738.0000	  0.0169
737.5000	  0.0188
737.0000	  0.0186
736.5000	  0.0181
736.0000	  0.0194
735.5000	  0.0164
735.0000	  0.0191
734.5000	  0.0184
734.0000	  0.0179
733.5000	  0.0177
733.0000	  0.0194
732.5000	  0.0195
732.0000	  0.0177
731.5000	  0.0167
731.0000	  0.0202
730.5000	  0.0199
730.0000	  0.0197
729.5000	  0.0207
729.0000	  0.0195
728.5000	  0.0217
728.0000	  0.0194
727.5000	  0.0199
727.0000	  0.0192
726.5000	  0.0218
726.0000	  0.0189
725.5000	  0.0202
725.0000	  0.0216
724.5000	  0.0217
724.0000	  0.0214
723.5000	  0.0223
723.0000	  0.0226
722.5000	  0.0224
722.0000	  0.0205
721.5000	  0.0216
721.0000	  0.0235
720.5000	  0.0220
720.0000	  0.0217
719.5000	  0.0222
719.0000	  0.0232
718.5000	  0.0234
718.0000	  0.0228
717.5000	  0.0186
717.0000	  0.0227
716.5000	  0.0223
716.0000	  0.0194
715.5000	  0.0179
715.0000	  0.0184
714.5000	  0.0188
714.0000	  0.0201
713.5000	  0.0185
713.0000	  0.0180
712.5000	  0.0185
712.0000	  0.0190
711.5000	  0.0196
711.0000	  0.0194
710.5000	  0.0198
710.0000	  0.0193
709.5000	  0.0188
709.0000	  0.0178
708.5000	  0.0204
708.0000	  0.0203
707.5000	  0.0186
707.0000	  0.0199
706.5000	  0.0205
706.0000	  0.0221
705.5000	  0.0211
705.0000	  0.0201
704.5000	  0.0208
704.0000	  0.0218
703.5000	  0.0210
703.0000	  0.0208
702.5000	  0.0224
702.0000	  0.0220
701.5000	  0.0209
701.0000	  0.0214
700.5000	  0.0219
700.0000	  0.0219
699.5000	  0.0212
699.0000	  0.0208
698.5000	  0.0218
698.0000	  0.0229
697.5000	  0.0215
697.0000	  0.0232
696.5000	  0.0223
696.0000	  0.0221
695.5000	  0.0222
695.0000	  0.0235
694.5000	  0.0233
694.0000	  0.0233
693.5000	  0.0210
693.0000	  0.0227
692.5000	  0.0238
692.0000	  0.0243
691.5000	  0.0225
691.0000	  0.0232
690.5000	  0.0249
690.0000	  0.0233
689.5000	  0.0234
689.0000	  0.0231
688.5000	  0.0245
688.0000	  0.0240
687.5000	  0.0234
687.0000	  0.0245
686.5000	  0.0243
686.0000	  0.0247
685.5000	  0.0236
685.0000	  0.0244
684.5000	  0.0245
684.0000	  0.0242
683.5000	  0.0249
683.0000	  0.0250
682.5000	  0.0248
682.0000	  0.0251
681.5000	  0.0251
681.0000	  0.0262
680.5000	  0.0249
680.0000	  0.0258
679.5000	  0.0258
679.0000	  0.0253
678.5000	  0.0255
678.0000	  0.0247
677.5000	  0.0259
677.0000	  0.0260
676.5000	  0.0252
676.0000	  0.0262
675.5000	  0.0260
675.0000	  0.0256
674.5000	  0.0261
674.0000	  0.0268
673.5000	  0.0267
673.0000	  0.0267
672.5000	  0.0262
672.0000	  0.0269
671.5000	  0.0265
671.0000	  0.0269
670.5000	  0.0272
670.0000	  0.0276
669.5000	  0.0272
669.0000	  0.0272
668.5000	  0.0270
668.0000	  0.0283
667.5000	  0.0284
667.0000	  0.0282
666.5000	  0.0267
666.0000	  0.0282
665.5000	  0.0284
665.0000	  0.0281
664.5000	  0.0283
664.0000	  0.0290
663.5000	  0.0286
663.0000	  0.0282
662.5000	  0.0277
662.0000	  0.0284
661.5000	  0.0287
661.0000	  0.0281
660.5000	  0.0294
660.0000	  0.0293
659.5000	  0.0305
659.0000	  0.0291
658.5000	  0.0298
658.0000	  0.0300
657.5000	  0.0298
657.0000	  0.0297
656.5000	  0.0297
656.0000	  0.0305
655.5000	  0.0304
655.0000	  0.0308
654.5000	  0.0310
654.0000	  0.0313
653.5000	  0.0319
653.0000	  0.0303
652.5000	  0.0306
652.0000	  0.0314
651.5000	  0.0316
651.0000	  0.0311
650.5000	  0.0310
650.0000	  0.0318
649.5000	  0.0324
649.0000	  0.0323
648.5000	  0.0318
648.0000	  0.0323
647.5000	  0.0318
647.0000	  0.0327
646.5000	  0.0326
646.0000	  0.0324
645.5000	  0.0331
645.0000	  0.0329
644.5000	  0.0330
644.0000	  0.0333
643.5000	  0.0332
643.0000	  0.0337
642.5000	  0.0335
642.0000	  0.0341
641.5000	  0.0342
641.0000	  0.0344
640.5000	  0.0345
640.0000	  0.0344
639.5000	  0.0349
639.0000	  0.0351
638.5000	  0.0351
638.0000	  0.0351
637.5000	  0.0353
637.0000	  0.0354
636.5000	  0.0357
636.0000	  0.0357
635.5000	  0.0357
635.0000	  0.0365
634.5000	  0.0362
634.0000	  0.0364
633.5000	  0.0372
633.0000	  0.0368
632.5000	  0.0370
632.0000	  0.0376
631.5000	  0.0385
631.0000	  0.0392
630.5000	  0.0384
630.0000	  0.0382
629.5000	  0.0395
629.0000	  0.0397
628.5000	  0.0402
628.0000	  0.0403
627.5000	  0.0411
627.0000	  0.0405
626.5000	  0.0411
626.0000	  0.0409
625.5000	  0.0422
625.0000	  0.0422
624.5000	  0.0410
624.0000	  0.0423
623.5000	  0.0428
623.0000	  0.0429
622.5000	  0.0428
622.0000	  0.0414
621.5000	  0.0433
621.0000	  0.0431
620.5000	  0.0426
620.0000	  0.0440
619.5000	  0.0440
619.0000	  0.0433
618.5000	  0.0428
618.0000	  0.0443
617.5000	  0.0444
617.0000	  0.0435
616.5000	  0.0438
616.0000	  0.0445
615.5000	  0.0446
615.0000	  0.0454
614.5000	  0.0449
614.0000	  0.0459
613.5000	  0.0456
613.0000	  0.0469
612.5000	  0.0468
612.0000	  0.0464
611.5000	  0.0465
611.0000	  0.0465
610.5000	  0.0469
610.0000	  0.0469
609.5000	  0.0465
609.0000	  0.0475
608.5000	  0.0487
608.0000	  0.0479
607.5000	  0.0478
607.0000	  0.0490
606.5000	  0.0491
606.0000	  0.0491
605.5000	  0.0496
605.0000	  0.0504
604.5000	  0.0503
604.0000	  0.0499
603.5000	  0.0507
603.0000	  0.0510
602.5000	  0.0523
602.0000	  0.0511
601.5000	  0.0522
601.0000	  0.0524
600.5000	  0.0525
600.0000	  0.0518
599.5000	  0.0523
599.0000	  0.0530
598.5000	  0.0536
598.0000	  0.0537
597.5000	  0.0537
597.0000	  0.0540
596.5000	  0.0550
596.0000	  0.0557
595.5000	  0.0553
595.0000	  0.0559
594.5000	  0.0559
594.0000	  0.0568
593.5000	  0.0563
593.0000	  0.0560
592.5000	  0.0567
592.0000	  0.0581
591.5000	  0.0580
591.0000	  0.0579
590.5000	  0.0581
590.0000	  0.0594
589.5000	  0.0591
589.0000	  0.0592
588.5000	  0.0600
588.0000	  0.0604
587.5000	  0.0594
587.0000	  0.0613
586.5000	  0.0614
586.0000	  0.0617
585.5000	  0.0610
585.0000	  0.0614
584.5000	  0.0630
584.0000	  0.0629
583.5000	  0.0631
583.0000	  0.0631
582.5000	  0.0635
582.0000	  0.0641
581.5000	  0.0643
581.0000	  0.0644
580.5000	  0.0655
580.0000	  0.0657
579.5000	  0.0659
579.0000	  0.0661
578.5000	  0.0658
578.0000	  0.0670
577.5000	  0.0678
577.0000	  0.0680
576.5000	  0.0678
576.0000	  0.0688
575.5000	  0.0692
575.0000	  0.0694
574.5000	  0.0693
574.0000	  0.0701
573.5000	  0.0704
573.0000	  0.0703
572.5000	  0.0714
572.0000	  0.0722
571.5000	  0.0724
571.0000	  0.0716
570.5000	  0.0719
570.0000	  0.0736
569.5000	  0.0738
569.0000	  0.0738
568.5000	  0.0745
568.0000	  0.0746
567.5000	  0.0756
567.0000	  0.0752
566.5000	  0.0762
566.0000	  0.0771
565.5000	  0.0771
565.0000	  0.0775
564.5000	  0.0776
564.0000	  0.0783
563.5000	  0.0784
563.0000	  0.0792
562.5000	  0.0793
562.0000	  0.0807
561.5000	  0.0809
561.0000	  0.0807
560.5000	  0.0811
560.0000	  0.0820
559.5000	  0.0820
559.0000	  0.0830
558.5000	  0.0830
558.0000	  0.0838
557.5000	  0.0838
557.0000	  0.0847
556.5000	  0.0847
556.0000	  0.0857
555.5000	  0.0861
555.0000	  0.0863
554.5000	  0.0870
554.0000	  0.0873
553.5000	  0.0881
553.0000	  0.0887
552.5000	  0.0892
552.0000	  0.0896
551.5000	  0.0900
551.0000	  0.0903
550.5000	  0.0907
550.0000	  0.0916
549.5000	  0.0918
549.0000	  0.0927
548.5000	  0.0934
548.0000	  0.0939
547.5000	  0.0944
547.0000	  0.0948
546.5000	  0.0953
546.0000	  0.0966
545.5000	  0.0970
545.0000	  0.0973
544.5000	  0.0975
544.0000	  0.0986
543.5000	  0.0992
543.0000	  0.0995
542.5000	  0.0999
542.0000	  0.1008
541.5000	  0.1013
541.0000	  0.1020
540.5000	  0.1021
540.0000	  0.1030
539.5000	  0.1038
539.0000	  0.1041
538.5000	  0.1044
538.0000	  0.1044
537.5000	  0.1060
537.0000	  0.1066
536.5000	  0.1070
536.0000	  0.1076
535.5000	  0.1080
535.0000	  0.1084
534.5000	  0.1090
534.0000	  0.1097
533.5000	  0.1105
533.0000	  0.1117
532.5000	  0.1107
532.0000	  0.1127
531.5000	  0.1127
531.0000	  0.1135
530.5000	  0.1134
530.0000	  0.1149
529.5000	  0.1151
529.0000	  0.1157
528.5000	  0.1169
528.0000	  0.1176
527.5000	  0.1183
527.0000	  0.1183
526.5000	  0.1191
526.0000	  0.1201
525.5000	  0.1212
525.0000	  0.1204
524.5000	  0.1218
524.0000	  0.1226
523.5000	  0.1237
523.0000	  0.1239
522.5000	  0.1243
522.0000	  0.1253
521.5000	  0.1261
521.0000	  0.1265
520.5000	  0.1264
520.0000	  0.1280
519.5000	  0.1288
519.0000	  0.1279
518.5000	  0.1291
518.0000	  0.1304
517.5000	  0.1308
517.0000	  0.1308
516.5000	  0.1313
516.0000	  0.1326
515.5000	  0.1327
515.0000	  0.1335
514.5000	  0.1335
514.0000	  0.1344
513.5000	  0.1355
513.0000	  0.1356
512.5000	  0.1361
512.0000	  0.1368
511.5000	  0.1375
511.0000	  0.1381
510.5000	  0.1381
510.0000	  0.1415
509.5000	  0.1395
509.0000	  0.1394
508.5000	  0.1405
508.0000	  0.1418
507.5000	  0.1420
507.0000	  0.1416
506.5000	  0.1422
506.0000	  0.1437
505.5000	  0.1437
505.0000	  0.1436
504.5000	  0.1442
504.0000	  0.1453
503.5000	  0.1456
503.0000	  0.1451
502.5000	  0.1461
502.0000	  0.1468
501.5000	  0.1467
501.0000	  0.1466
500.5000	  0.1463
500.0000	  0.1477
499.5000	  0.1475
499.0000	  0.1463
498.5000	  0.1440
498.0000	  0.1393
497.5000	  0.1569
497.0000	  0.1480
496.5000	  0.1487
496.0000	  0.1473
495.5000	  0.1474
495.0000	  0.1465
494.5000	  0.1469
494.0000	  0.1465
493.5000	  0.1455
493.0000	  0.1458
492.5000	  0.1443
492.0000	  0.1452
491.5000	  0.1449
491.0000	  0.1442
490.5000	  0.1435
490.0000	  0.1430
489.5000	  0.1430
489.0000	  0.1421
488.5000	  0.1404
488.0000	  0.1406
487.5000	  0.1409
487.0000	  0.1397
486.5000	  0.1380
486.0000	  0.1387
485.5000	  0.1389
485.0000	  0.1376
484.5000	  0.1354
484.0000	  0.1358
483.5000	  0.1359
483.0000	  0.1354
482.5000	  0.1339
482.0000	  0.1335
481.5000	  0.1332
481.0000	  0.1319
480.5000	  0.1320
480.0000	  0.1321
479.5000	  0.1310
479.0000	  0.1300
478.5000	  0.1295
478.0000	  0.1293
477.5000	  0.1275
477.0000	  0.1272
476.5000	  0.1258
476.0000	  0.1263
475.5000	  0.1230
475.0000	  0.1240
474.5000	  0.1239
474.0000	  0.1225
473.5000	  0.1222
473.0000	  0.1212
472.5000	  0.1210
472.0000	  0.1197
471.5000	  0.1193
471.0000	  0.1191
470.5000	  0.1178
470.0000	  0.1175
469.5000	  0.1172
469.0000	  0.1180
468.5000	  0.1169
468.0000	  0.1157
467.5000	  0.1153
467.0000	  0.1135
466.5000	  0.1153
466.0000	  0.1140
465.5000	  0.1122
465.0000	  0.1117
464.5000	  0.1135
464.0000	  0.1131
463.5000	  0.1115
463.0000	  0.1110
462.5000	  0.1110
462.0000	  0.1131
461.5000	  0.1075
461.0000	  0.1087
460.5000	  0.1104
460.0000	  0.1093
459.5000	  0.1074
459.0000	  0.1065
458.5000	  0.1057
458.0000	  0.1074
457.5000	  0.1046
457.0000	  0.1054
456.5000	  0.1026
456.0000	  0.1028
455.5000	  0.1042
455.0000	  0.1007
454.5000	  0.0997
454.0000	  0.1014
453.5000	  0.0995
453.0000	  0.0976
452.5000	  0.0983
452.0000	  0.0976
451.5000	  0.0984
451.0000	  0.0958
450.5000	  0.0962
450.0000	  0.0962
449.5000	  0.0959
449.0000	  0.0933
448.5000	  0.0931
448.0000	  0.0935
447.5000	  0.0923
447.0000	  0.0926
446.5000	  0.0896
446.0000	  0.0896
445.5000	  0.0924
445.0000	  0.0906
444.5000	  0.0887
444.0000	  0.0894
443.5000	  0.0882
443.0000	  0.0881
442.5000	  0.0875
442.0000	  0.0856
441.5000	  0.0882
441.0000	  0.0860
440.5000	  0.0841
440.0000	  0.0846
439.5000	  0.0835
439.0000	  0.0852
438.5000	  0.0835
438.0000	  0.0828
437.5000	  0.0830
437.0000	  0.0814
436.5000	  0.0833
436.0000	  0.0810
435.5000	  0.0805
435.0000	  0.0820
434.5000	  0.0823
434.0000	  0.0817
433.5000	  0.0806
433.0000	  0.0814
432.5000	  0.0793
432.0000	  0.0786
431.5000	  0.0788
431.0000	  0.0792
430.5000	  0.0787
430.0000	  0.0783
429.5000	  0.0772
429.0000	  0.0775
428.5000	  0.0778
428.0000	  0.0780
427.5000	  0.0760
427.0000	  0.0763
426.5000	  0.0763
426.0000	  0.0764
425.5000	  0.0736
425.0000	  0.0742
424.5000	  0.0753
424.0000	  0.0750
423.5000	  0.0735
423.0000	  0.0723
422.5000	  0.0751
422.0000	  0.0746
421.5000	  0.0753
421.0000	  0.0731
420.5000	  0.0736
420.0000	  0.0739
419.5000	  0.0723
419.0000	  0.0721
418.5000	  0.0736
418.0000	  0.0708
417.5000	  0.0738
417.0000	  0.0705
416.5000	  0.0704
416.0000	  0.0722
415.5000	  0.0718
415.0000	  0.0686
414.5000	  0.0683
414.0000	  0.0708
413.5000	  0.0695
413.0000	  0.0673
412.5000	  0.0666
412.0000	  0.0684
411.5000	  0.0691
411.0000	  0.0688
410.5000	  0.0670
410.0000	  0.0697
409.5000	  0.0674
409.0000	  0.0660
408.5000	  0.0664
408.0000	  0.0655
407.5000	  0.0675
407.0000	  0.0674
406.5000	  0.0678
406.0000	  0.0643
405.5000	  0.0645
405.0000	  0.0680
404.5000	  0.0639
404.0000	  0.0663
403.5000	  0.0664
403.0000	  0.0641
402.5000	  0.0642
402.0000	  0.0636
401.5000	  0.0656
401.0000	  0.0649
400.5000	  0.0627
400.0000	  0.0629
399.5000	  0.0634
399.0000	  0.0638
398.5000	  0.0609
398.0000	  0.0618
397.5000	  0.0632
397.0000	  0.0621
396.5000	  0.0670
396.0000	  0.0619
395.5000	  0.0612
395.0000	  0.0648
394.5000	  0.0617
394.0000	  0.0596
393.5000	  0.0589
393.0000	  0.0640
392.5000	  0.0629
392.0000	  0.0613
391.5000	  0.0587
391.0000	  0.0614
390.5000	  0.0617
390.0000	  0.0629
389.5000	  0.0663
389.0000	  0.0610
388.5000	  0.0634
388.0000	  0.0628
387.5000	  0.0616
387.0000	  0.0590
386.5000	  0.0648
386.0000	  0.0616
385.5000	  0.0618
385.0000	  0.0648
384.5000	  0.0608
384.0000	  0.0630
383.5000	  0.0598
383.0000	  0.0579
382.5000	  0.0655
382.0000	  0.0535
381.5000	  0.0530
381.0000	  0.0575
380.5000	  0.0586
380.0000	  0.0557
379.5000	  0.0598
379.0000	  0.0536
378.5000	  0.0538
378.0000	  0.0537
377.5000	  0.0618
377.0000	  0.0515
376.5000	  0.0550
376.0000	  0.0688
375.5000	  0.0592
375.0000	  0.0570
374.5000	  0.0555
374.0000	  0.0581
373.5000	  0.0602
373.0000	  0.0527
372.5000	  0.0525
372.0000	  0.0641
371.5000	  0.0673
371.0000	  0.0551
370.5000	  0.0620
370.0000	  0.0631
369.5000	  0.0620
369.0000	  0.0614
368.5000	  0.0553
368.0000	  0.0604
367.5000	  0.0572
367.0000	  0.0608
366.5000	  0.0560
366.0000	  0.0537
365.5000	  0.0580
365.0000	  0.0593
364.5000	  0.0608
364.0000	  0.0487
363.5000	  0.0574
363.0000	  0.0609
362.5000	  0.0515
362.0000	  0.0573
361.5000	  0.0595
361.0000	  0.0597
360.5000	  0.0429
360.0000	  0.0492
359.5000	  0.0607
359.0000	  0.0740
358.5000	  0.0513
358.0000	  0.0616
357.5000	  0.0646
357.0000	  0.0666
356.5000	  0.0655
356.0000	  0.0454
355.5000	  0.0547
355.0000	  0.0673
354.5000	  0.0500
354.0000	  0.0368
353.5000	  0.0469
353.0000	  0.0516
352.5000	  0.0291
352.0000	  0.0466
351.5000	  0.0547
351.0000	  0.0471
350.5000	  0.0516
350.0000	  0.0453
