02/05/2023 16.32.15
02/05/2023 16.39.35

900.0000	  8.0200

900.0000	  8.0200

900.0000	-28.1000



  1.0000
900.0000
  3.0000
340.0000
  1.0000
1101.0000
  5.0000
  6.0000
  1.0000
  1.0000
  0.0000
  0.0000
100.0000
  0.0000
  1.0000
  0.0000
500.0000
900.0000
350.0000
  4.0000
  1.0000
 18.0000
  2.0000
  1.0000
  0.0000
  0.0000
  1.0000
 30.0000
  4.0000
500.0000
  0.0000
  0.0000
  4.0000
900.0000
350.0000
  0.0000
100.0000
  0.0000
  1.0000
  0.0000
500.0000
  1.0000
  1.0000
  1.0000
  1.0000
  4.0000
  0.0000
  1.0000
  1.0000
  1.0000
  1.0000
  1.0000
  2.0000
  1.0000
  1.0000
  1.0000
  3.0000
  1.0000
  1.0000
  1.0000
  4.0000
  5.0000
440.344
0.000
900.0000	 -0.4263
899.5000	  0.0720
899.0000	 -0.2395
898.5000	 -0.1310
898.0000	 -0.1382
897.5000	  0.1690
897.0000	 -0.0259
896.5000	 -0.1020
896.0000	 -0.0780
895.5000	 -0.0547
895.0000	  0.1544
894.5000	  0.0555
894.0000	 -0.0365
893.5000	 -0.0195
893.0000	  0.0378
892.5000	  0.1300
892.0000	  0.1874
891.5000	  0.0729
891.0000	  0.0958
890.5000	  0.1271
890.0000	  0.1458
889.5000	 -0.0098
889.0000	 -0.0257
888.5000	  0.0760
888.0000	 -0.0624
887.5000	  0.0070
887.0000	 -0.0171
886.5000	 -0.1955
886.0000	  0.0740
885.5000	  0.0521
885.0000	  0.0020
884.5000	  0.0593
884.0000	  0.0979
883.5000	 -0.0077
883.0000	 -0.0081
882.5000	  0.0370
882.0000	  0.0442
881.5000	  0.0242
881.0000	 -0.0721
880.5000	 -0.0640
880.0000	 -0.0436
879.5000	  0.0254
879.0000	  0.0395
878.5000	 -0.0023
878.0000	 -0.0123
877.5000	  0.0589
877.0000	 -0.0093
876.5000	  0.0058
876.0000	  0.0120
875.5000	  0.0116
875.0000	  0.0037
874.5000	  0.0101
874.0000	  0.0682
873.5000	  0.0228
873.0000	 -0.0187
872.5000	 -0.0014
872.0000	  0.0349
871.5000	  0.0265
871.0000	 -0.0064
870.5000	 -0.0358
870.0000	  0.0315
869.5000	 -0.0049
869.0000	  0.0118
868.5000	  0.0178
868.0000	  0.0030
867.5000	 -0.0063
867.0000	 -0.0043
866.5000	 -0.0007
866.0000	  0.0034
865.5000	  0.0025
865.0000	  0.0105
864.5000	 -0.0068
864.0000	  0.0046
863.5000	 -0.0018
863.0000	 -0.0057
862.5000	  0.0129
862.0000	  0.0025
861.5000	  0.0095
861.0000	  0.0076
860.5000	 -0.0007
860.0000	  0.0083
859.5000	  0.0059
859.0000	  0.0120
858.5000	  0.0085
858.0000	 -0.0092
857.5000	  0.0064
857.0000	 -0.0032
856.5000	 -0.0004
856.0000	  0.0017
855.5000	  0.0067
855.0000	 -0.0034
854.5000	  0.0070
854.0000	  0.0012
853.5000	  0.0025
853.0000	  0.0073
852.5000	  0.0051
852.0000	  0.0003
851.5000	  0.0071
851.0000	  0.0023
850.5000	  0.0056
850.0000	  0.0025
849.5000	  0.0064
849.0000	  0.0043
848.5000	  0.0022
848.0000	  0.0049
847.5000	  0.0048
847.0000	  0.0059
846.5000	  0.0078
846.0000	  0.0049
845.5000	  0.0046
845.0000	  0.0056
844.5000	  0.0056
844.0000	  0.0046
843.5000	  0.0040
843.0000	  0.0048
842.5000	  0.0061
842.0000	  0.0051
841.5000	  0.0056
841.0000	  0.0048
840.5000	  0.0057
840.0000	  0.0054
839.5000	  0.0063
839.0000	  0.0063
838.5000	  0.0047
838.0000	  0.0048
837.5000	  0.0053
837.0000	  0.0055
836.5000	  0.0039
836.0000	  0.0049
835.5000	  0.0050
835.0000	  0.0053
834.5000	  0.0062
834.0000	  0.0054
833.5000	  0.0067
833.0000	  0.0059
832.5000	  0.0054
832.0000	  0.0042
831.5000	  0.0054
831.0000	  0.0060
830.5000	  0.0059
830.0000	  0.0062
829.5000	  0.0061
829.0000	  0.0059
828.5000	  0.0063
828.0000	  0.0060
827.5000	  0.0066
827.0000	  0.0072
826.5000	  0.0062
826.0000	  0.0059
825.5000	  0.0060
825.0000	  0.0066
824.5000	  0.0054
824.0000	  0.0060
823.5000	  0.0060
823.0000	  0.0060
822.5000	  0.0063
822.0000	  0.0065
821.5000	  0.0061
821.0000	  0.0063
820.5000	  0.0062
820.0000	  0.0064
819.5000	  0.0062
819.0000	  0.0067
818.5000	  0.0056
818.0000	  0.0060
817.5000	  0.0061
817.0000	  0.0064
816.5000	  0.0063
816.0000	  0.0064
815.5000	  0.0062
815.0000	  0.0065
814.5000	  0.0064
814.0000	  0.0064
813.5000	  0.0062
813.0000	  0.0061
812.5000	  0.0065
812.0000	  0.0059
811.5000	  0.0063
811.0000	  0.0068
810.5000	  0.0066
810.0000	  0.0066
809.5000	  0.0063
809.0000	  0.0062
808.5000	  0.0065
808.0000	  0.0067
807.5000	  0.0068
807.0000	  0.0065
806.5000	  0.0063
806.0000	  0.0068
805.5000	  0.0066
805.0000	  0.0057
804.5000	  0.0067
804.0000	  0.0064
803.5000	  0.0060
803.0000	  0.0063
802.5000	  0.0065
802.0000	  0.0065
801.5000	  0.0063
801.0000	  0.0066
800.5000	  0.0062
800.0000	  0.0066
799.5000	  0.0063
799.0000	  0.0068
798.5000	  0.0068
798.0000	  0.0064
797.5000	  0.0063
797.0000	  0.0070
796.5000	  0.0064
796.0000	  0.0069
795.5000	  0.0067
795.0000	  0.0068
794.5000	  0.0067
794.0000	  0.0062
793.5000	  0.0068
793.0000	  0.0070
792.5000	  0.0067
792.0000	  0.0065
791.5000	  0.0068
791.0000	  0.0060
790.5000	  0.0067
790.0000	  0.0064
789.5000	  0.0070
789.0000	  0.0068
788.5000	  0.0066
788.0000	  0.0065
787.5000	  0.0070
787.0000	  0.0068
786.5000	  0.0067
786.0000	  0.0065
785.5000	  0.0068
785.0000	  0.0075
784.5000	  0.0065
784.0000	  0.0070
783.5000	  0.0068
783.0000	  0.0065
782.5000	  0.0069
782.0000	  0.0069
781.5000	  0.0068
781.0000	  0.0072
780.5000	  0.0069
780.0000	  0.0070
779.5000	  0.0072
779.0000	  0.0074
778.5000	  0.0070
778.0000	  0.0067
777.5000	  0.0070
777.0000	  0.0066
776.5000	  0.0071
776.0000	  0.0071
775.5000	  0.0071
775.0000	  0.0072
774.5000	  0.0067
774.0000	  0.0071
773.5000	  0.0072
773.0000	  0.0076
772.5000	  0.0072
772.0000	  0.0069
771.5000	  0.0070
771.0000	  0.0073
770.5000	  0.0073
770.0000	  0.0072
769.5000	  0.0069
769.0000	  0.0069
768.5000	  0.0072
768.0000	  0.0072
767.5000	  0.0073
767.0000	  0.0072
766.5000	  0.0069
766.0000	  0.0066
765.5000	  0.0074
765.0000	  0.0071
764.5000	  0.0073
764.0000	  0.0070
763.5000	  0.0069
763.0000	  0.0069
762.5000	  0.0075
762.0000	  0.0073
761.5000	  0.0073
761.0000	  0.0074
760.5000	  0.0074
760.0000	  0.0073
759.5000	  0.0073
759.0000	  0.0074
758.5000	  0.0071
758.0000	  0.0075
757.5000	  0.0073
757.0000	  0.0075
756.5000	  0.0078
756.0000	  0.0075
755.5000	  0.0075
755.0000	  0.0072
754.5000	  0.0075
754.0000	  0.0075
753.5000	  0.0076
753.0000	  0.0073
752.5000	  0.0078
752.0000	  0.0075
751.5000	  0.0078
751.0000	  0.0076
750.5000	  0.0076
750.0000	  0.0077
749.5000	  0.0076
749.0000	  0.0077
748.5000	  0.0075
748.0000	  0.0076
747.5000	  0.0079
747.0000	  0.0075
746.5000	  0.0080
746.0000	  0.0078
745.5000	  0.0077
745.0000	  0.0077
744.5000	  0.0075
744.0000	  0.0078
743.5000	  0.0080
743.0000	  0.0082
742.5000	  0.0081
742.0000	  0.0081
741.5000	  0.0081
741.0000	  0.0078
740.5000	  0.0081
740.0000	  0.0083
739.5000	  0.0081
739.0000	  0.0083
738.5000	  0.0079
738.0000	  0.0084
737.5000	  0.0080
737.0000	  0.0079
736.5000	  0.0083
736.0000	  0.0082
735.5000	  0.0083
735.0000	  0.0081
734.5000	  0.0083
734.0000	  0.0083
733.5000	  0.0084
733.0000	  0.0084
732.5000	  0.0082
732.0000	  0.0082
731.5000	  0.0079
731.0000	  0.0083
730.5000	  0.0086
730.0000	  0.0085
729.5000	  0.0084
729.0000	  0.0084
728.5000	  0.0087
728.0000	  0.0086
727.5000	  0.0087
727.0000	  0.0086
726.5000	  0.0093
726.0000	  0.0090
725.5000	  0.0086
725.0000	  0.0094
724.5000	  0.0090
724.0000	  0.0094
723.5000	  0.0087
723.0000	  0.0088
722.5000	  0.0093
722.0000	  0.0093
721.5000	  0.0094
721.0000	  0.0094
720.5000	  0.0097
720.0000	  0.0093
719.5000	  0.0098
719.0000	  0.0103
718.5000	  0.0097
718.0000	  0.0096
717.5000	  0.0091
717.0000	  0.0097
716.5000	  0.0097
716.0000	  0.0097
715.5000	  0.0092
715.0000	  0.0096
714.5000	  0.0092
714.0000	  0.0094
713.5000	  0.0097
713.0000	  0.0087
712.5000	  0.0093
712.0000	  0.0091
711.5000	  0.0091
711.0000	  0.0089
710.5000	  0.0096
710.0000	  0.0092
709.5000	  0.0091
709.0000	  0.0091
708.5000	  0.0096
708.0000	  0.0094
707.5000	  0.0096
707.0000	  0.0096
706.5000	  0.0097
706.0000	  0.0095
705.5000	  0.0095
705.0000	  0.0096
704.5000	  0.0098
704.0000	  0.0099
703.5000	  0.0097
703.0000	  0.0099
702.5000	  0.0098
702.0000	  0.0095
701.5000	  0.0098
701.0000	  0.0097
700.5000	  0.0102
700.0000	  0.0100
699.5000	  0.0099
699.0000	  0.0101
698.5000	  0.0103
698.0000	  0.0102
697.5000	  0.0099
697.0000	  0.0101
696.5000	  0.0103
696.0000	  0.0103
695.5000	  0.0102
695.0000	  0.0103
694.5000	  0.0102
694.0000	  0.0103
693.5000	  0.0106
693.0000	  0.0104
692.5000	  0.0105
692.0000	  0.0107
691.5000	  0.0106
691.0000	  0.0105
690.5000	  0.0108
690.0000	  0.0106
689.5000	  0.0108
689.0000	  0.0110
688.5000	  0.0112
688.0000	  0.0108
687.5000	  0.0110
687.0000	  0.0109
686.5000	  0.0110
686.0000	  0.0109
685.5000	  0.0110
685.0000	  0.0111
684.5000	  0.0112
684.0000	  0.0115
683.5000	  0.0113
683.0000	  0.0116
682.5000	  0.0114
682.0000	  0.0115
681.5000	  0.0115
681.0000	  0.0116
680.5000	  0.0116
680.0000	  0.0114
679.5000	  0.0120
679.0000	  0.0117
678.5000	  0.0117
678.0000	  0.0120
677.5000	  0.0119
677.0000	  0.0119
676.5000	  0.0120
676.0000	  0.0122
675.5000	  0.0120
675.0000	  0.0121
674.5000	  0.0123
674.0000	  0.0124
673.5000	  0.0122
673.0000	  0.0124
672.5000	  0.0124
672.0000	  0.0126
671.5000	  0.0125
671.0000	  0.0127
670.5000	  0.0126
670.0000	  0.0129
669.5000	  0.0128
669.0000	  0.0129
668.5000	  0.0129
668.0000	  0.0130
667.5000	  0.0130
667.0000	  0.0131
666.5000	  0.0132
666.0000	  0.0133
665.5000	  0.0132
665.0000	  0.0134
664.5000	  0.0132
664.0000	  0.0135
663.5000	  0.0135
663.0000	  0.0136
662.5000	  0.0136
662.0000	  0.0138
661.5000	  0.0137
661.0000	  0.0139
660.5000	  0.0138
660.0000	  0.0140
659.5000	  0.0140
659.0000	  0.0141
658.5000	  0.0142
658.0000	  0.0143
657.5000	  0.0142
657.0000	  0.0143
656.5000	  0.0144
656.0000	  0.0146
655.5000	  0.0145
655.0000	  0.0148
654.5000	  0.0146
654.0000	  0.0149
653.5000	  0.0150
653.0000	  0.0149
652.5000	  0.0148
652.0000	  0.0153
651.5000	  0.0153
651.0000	  0.0153
650.5000	  0.0152
650.0000	  0.0154
649.5000	  0.0155
649.0000	  0.0155
648.5000	  0.0156
648.0000	  0.0157
647.5000	  0.0158
647.0000	  0.0160
646.5000	  0.0158
646.0000	  0.0161
645.5000	  0.0161
645.0000	  0.0162
644.5000	  0.0164
644.0000	  0.0164
643.5000	  0.0167
643.0000	  0.0166
642.5000	  0.0168
642.0000	  0.0167
641.5000	  0.0169
641.0000	  0.0170
640.5000	  0.0171
640.0000	  0.0172
639.5000	  0.0172
639.0000	  0.0174
638.5000	  0.0173
638.0000	  0.0176
637.5000	  0.0176
637.0000	  0.0176
636.5000	  0.0178
636.0000	  0.0180
635.5000	  0.0180
635.0000	  0.0180
634.5000	  0.0183
634.0000	  0.0183
633.5000	  0.0183
633.0000	  0.0185
632.5000	  0.0185
632.0000	  0.0188
631.5000	  0.0188
631.0000	  0.0190
630.5000	  0.0191
630.0000	  0.0193
629.5000	  0.0193
629.0000	  0.0195
628.5000	  0.0196
628.0000	  0.0197
627.5000	  0.0199
627.0000	  0.0202
626.5000	  0.0201
626.0000	  0.0203
625.5000	  0.0206
625.0000	  0.0209
624.5000	  0.0207
624.0000	  0.0208
623.5000	  0.0211
623.0000	  0.0212
622.5000	  0.0214
622.0000	  0.0216
621.5000	  0.0217
621.0000	  0.0218
620.5000	  0.0219
620.0000	  0.0221
619.5000	  0.0220
619.0000	  0.0223
618.5000	  0.0224
618.0000	  0.0222
617.5000	  0.0228
617.0000	  0.0226
616.5000	  0.0230
616.0000	  0.0226
615.5000	  0.0230
615.0000	  0.0233
614.5000	  0.0232
614.0000	  0.0235
613.5000	  0.0238
613.0000	  0.0238
612.5000	  0.0239
612.0000	  0.0239
611.5000	  0.0241
611.0000	  0.0243
610.5000	  0.0244
610.0000	  0.0245
609.5000	  0.0248
609.0000	  0.0250
608.5000	  0.0251
608.0000	  0.0251
607.5000	  0.0254
607.0000	  0.0257
606.5000	  0.0258
606.0000	  0.0258
605.5000	  0.0260
605.0000	  0.0261
604.5000	  0.0262
604.0000	  0.0265
603.5000	  0.0267
603.0000	  0.0269
602.5000	  0.0270
602.0000	  0.0273
601.5000	  0.0273
601.0000	  0.0276
600.5000	  0.0277
600.0000	  0.0278
599.5000	  0.0280
599.0000	  0.0281
598.5000	  0.0284
598.0000	  0.0285
597.5000	  0.0287
597.0000	  0.0290
596.5000	  0.0293
596.0000	  0.0293
595.5000	  0.0297
595.0000	  0.0298
594.5000	  0.0299
594.0000	  0.0303
593.5000	  0.0304
593.0000	  0.0303
592.5000	  0.0306
592.0000	  0.0310
591.5000	  0.0309
591.0000	  0.0314
590.5000	  0.0316
590.0000	  0.0318
589.5000	  0.0318
589.0000	  0.0321
588.5000	  0.0323
588.0000	  0.0323
587.5000	  0.0327
587.0000	  0.0328
586.5000	  0.0329
586.0000	  0.0334
585.5000	  0.0334
585.0000	  0.0335
584.5000	  0.0339
584.0000	  0.0340
583.5000	  0.0343
583.0000	  0.0346
582.5000	  0.0349
582.0000	  0.0352
581.5000	  0.0353
581.0000	  0.0352
580.5000	  0.0355
580.0000	  0.0359
579.5000	  0.0361
579.0000	  0.0364
578.5000	  0.0367
578.0000	  0.0368
577.5000	  0.0369
577.0000	  0.0373
576.5000	  0.0376
576.0000	  0.0377
575.5000	  0.0380
575.0000	  0.0381
574.5000	  0.0385
574.0000	  0.0388
573.5000	  0.0389
573.0000	  0.0393
572.5000	  0.0395
572.0000	  0.0400
571.5000	  0.0402
571.0000	  0.0403
570.5000	  0.0408
570.0000	  0.0411
569.5000	  0.0410
569.0000	  0.0415
568.5000	  0.0416
568.0000	  0.0423
567.5000	  0.0424
567.0000	  0.0426
566.5000	  0.0431
566.0000	  0.0431
565.5000	  0.0436
565.0000	  0.0436
564.5000	  0.0439
564.0000	  0.0446
563.5000	  0.0447
563.0000	  0.0453
562.5000	  0.0453
562.0000	  0.0458
561.5000	  0.0459
561.0000	  0.0463
560.5000	  0.0466
560.0000	  0.0468
559.5000	  0.0472
559.0000	  0.0474
558.5000	  0.0478
558.0000	  0.0481
557.5000	  0.0486
557.0000	  0.0487
556.5000	  0.0492
556.0000	  0.0494
555.5000	  0.0498
555.0000	  0.0500
554.5000	  0.0506
554.0000	  0.0510
553.5000	  0.0510
553.0000	  0.0517
552.5000	  0.0521
552.0000	  0.0522
551.5000	  0.0526
551.0000	  0.0531
550.5000	  0.0534
550.0000	  0.0538
549.5000	  0.0542
549.0000	  0.0546
548.5000	  0.0549
548.0000	  0.0553
547.5000	  0.0556
547.0000	  0.0560
546.5000	  0.0564
546.0000	  0.0570
545.5000	  0.0574
545.0000	  0.0575
544.5000	  0.0580
544.0000	  0.0586
543.5000	  0.0590
543.0000	  0.0593
542.5000	  0.0596
542.0000	  0.0601
541.5000	  0.0605
541.0000	  0.0608
540.5000	  0.0613
540.0000	  0.0618
539.5000	  0.0623
539.0000	  0.0627
538.5000	  0.0631
538.0000	  0.0636
537.5000	  0.0642
537.0000	  0.0644
536.5000	  0.0648
536.0000	  0.0653
535.5000	  0.0658
535.0000	  0.0662
534.5000	  0.0667
534.0000	  0.0672
533.5000	  0.0677
533.0000	  0.0681
532.5000	  0.0685
532.0000	  0.0691
531.5000	  0.0695
531.0000	  0.0699
530.5000	  0.0704
530.0000	  0.0710
529.5000	  0.0714
529.0000	  0.0721
528.5000	  0.0726
528.0000	  0.0730
527.5000	  0.0734
527.0000	  0.0739
526.5000	  0.0744
526.0000	  0.0750
525.5000	  0.0756
525.0000	  0.0760
524.5000	  0.0764
524.0000	  0.0770
523.5000	  0.0775
523.0000	  0.0781
522.5000	  0.0787
522.0000	  0.0791
521.5000	  0.0796
521.0000	  0.0801
520.5000	  0.0807
520.0000	  0.0811
519.5000	  0.0817
519.0000	  0.0821
518.5000	  0.0828
518.0000	  0.0831
517.5000	  0.0837
517.0000	  0.0842
516.5000	  0.0848
516.0000	  0.0852
515.5000	  0.0858
515.0000	  0.0863
514.5000	  0.0866
514.0000	  0.0871
513.5000	  0.0877
513.0000	  0.0883
512.5000	  0.0886
512.0000	  0.0891
511.5000	  0.0896
511.0000	  0.0901
510.5000	  0.0903
510.0000	  0.0909
509.5000	  0.0913
509.0000	  0.0919
508.5000	  0.0922
508.0000	  0.0926
507.5000	  0.0933
507.0000	  0.0938
506.5000	  0.0940
506.0000	  0.0944
505.5000	  0.0949
505.0000	  0.0952
504.5000	  0.0957
504.0000	  0.0960
503.5000	  0.0964
503.0000	  0.0966
502.5000	  0.0968
502.0000	  0.0973
501.5000	  0.0976
501.0000	  0.0977
500.5000	  0.0979
500.0000	  0.0979
499.5000	  0.0982
499.0000	  0.0986
498.5000	  0.0984
498.0000	  0.0985
497.5000	  0.0990
497.0000	  0.0988
496.5000	  0.0987
496.0000	  0.0989
495.5000	  0.0987
495.0000	  0.0987
494.5000	  0.0984
494.0000	  0.0982
493.5000	  0.0982
493.0000	  0.0982
492.5000	  0.0978
492.0000	  0.0976
491.5000	  0.0976
491.0000	  0.0973
490.5000	  0.0969
490.0000	  0.0965
489.5000	  0.0963
489.0000	  0.0958
488.5000	  0.0957
488.0000	  0.0948
487.5000	  0.0948
487.0000	  0.0944
486.5000	  0.0937
486.0000	  0.0933
485.5000	  0.0928
485.0000	  0.0925
484.5000	  0.0921
484.0000	  0.0914
483.5000	  0.0910
483.0000	  0.0905
482.5000	  0.0901
482.0000	  0.0896
481.5000	  0.0892
481.0000	  0.0887
480.5000	  0.0882
480.0000	  0.0877
479.5000	  0.0870
479.0000	  0.0866
478.5000	  0.0862
478.0000	  0.0854
477.5000	  0.0850
477.0000	  0.0845
476.5000	  0.0840
476.0000	  0.0830
475.5000	  0.0829
475.0000	  0.0823
474.5000	  0.0823
474.0000	  0.0813
473.5000	  0.0808
473.0000	  0.0805
472.5000	  0.0800
472.0000	  0.0794
471.5000	  0.0789
471.0000	  0.0785
470.5000	  0.0780
470.0000	  0.0773
469.5000	  0.0768
469.0000	  0.0763
468.5000	  0.0763
468.0000	  0.0758
467.5000	  0.0755
467.0000	  0.0749
466.5000	  0.0744
466.0000	  0.0741
465.5000	  0.0738
465.0000	  0.0734
464.5000	  0.0729
464.0000	  0.0724
463.5000	  0.0721
463.0000	  0.0720
462.5000	  0.0712
462.0000	  0.0710
461.5000	  0.0710
461.0000	  0.0702
460.5000	  0.0699
460.0000	  0.0700
459.5000	  0.0698
459.0000	  0.0694
458.5000	  0.0686
458.0000	  0.0687
457.5000	  0.0679
457.0000	  0.0674
456.5000	  0.0670
456.0000	  0.0661
455.5000	  0.0667
455.0000	  0.0662
454.5000	  0.0651
454.0000	  0.0649
453.5000	  0.0644
453.0000	  0.0641
452.5000	  0.0637
452.0000	  0.0636
451.5000	  0.0625
451.0000	  0.0623
450.5000	  0.0616
450.0000	  0.0616
449.5000	  0.0607
449.0000	  0.0600
448.5000	  0.0596
448.0000	  0.0592
447.5000	  0.0590
447.0000	  0.0580
446.5000	  0.0580
446.0000	  0.0579
445.5000	  0.0569
445.0000	  0.0568
444.5000	  0.0565
444.0000	  0.0559
443.5000	  0.0562
443.0000	  0.0559
442.5000	  0.0552
442.0000	  0.0548
441.5000	  0.0546
441.0000	  0.0539
440.5000	  0.0538
440.0000	  0.0535
439.5000	  0.0531
439.0000	  0.0526
438.5000	  0.0528
438.0000	  0.0520
437.5000	  0.0520
437.0000	  0.0517
436.5000	  0.0514
436.0000	  0.0509
435.5000	  0.0507
435.0000	  0.0510
434.5000	  0.0504
434.0000	  0.0501
433.5000	  0.0497
433.0000	  0.0496
432.5000	  0.0491
432.0000	  0.0490
431.5000	  0.0490
431.0000	  0.0488
430.5000	  0.0484
430.0000	  0.0481
429.5000	  0.0481
429.0000	  0.0477
428.5000	  0.0479
428.0000	  0.0472
427.5000	  0.0472
427.0000	  0.0466
426.5000	  0.0463
426.0000	  0.0467
425.5000	  0.0464
425.0000	  0.0462
424.5000	  0.0459
424.0000	  0.0456
423.5000	  0.0453
423.0000	  0.0456
422.5000	  0.0450
422.0000	  0.0446
421.5000	  0.0449
421.0000	  0.0450
420.5000	  0.0447
420.0000	  0.0441
419.5000	  0.0441
419.0000	  0.0439
418.5000	  0.0442
418.0000	  0.0433
417.5000	  0.0436
417.0000	  0.0431
416.5000	  0.0429
416.0000	  0.0428
415.5000	  0.0425
415.0000	  0.0420
414.5000	  0.0427
414.0000	  0.0425
413.5000	  0.0417
413.0000	  0.0421
412.5000	  0.0414
412.0000	  0.0419
411.5000	  0.0415
411.0000	  0.0405
410.5000	  0.0410
410.0000	  0.0404
409.5000	  0.0405
409.0000	  0.0404
408.5000	  0.0402
408.0000	  0.0404
407.5000	  0.0403
407.0000	  0.0400
406.5000	  0.0398
406.0000	  0.0394
405.5000	  0.0398
405.0000	  0.0391
404.5000	  0.0391
404.0000	  0.0391
403.5000	  0.0382
403.0000	  0.0385
402.5000	  0.0387
402.0000	  0.0385
401.5000	  0.0381
401.0000	  0.0379
400.5000	  0.0376
400.0000	  0.0380
399.5000	  0.0379
399.0000	  0.0376
398.5000	  0.0376
398.0000	  0.0370
397.5000	  0.0371
397.0000	  0.0371
396.5000	  0.0369
396.0000	  0.0363
395.5000	  0.0362
395.0000	  0.0366
394.5000	  0.0357
394.0000	  0.0368
393.5000	  0.0355
393.0000	  0.0364
392.5000	  0.0363
392.0000	  0.0358
391.5000	  0.0355
391.0000	  0.0364
390.5000	  0.0353
390.0000	  0.0354
389.5000	  0.0357
389.0000	  0.0360
388.5000	  0.0347
388.0000	  0.0350
387.5000	  0.0354
387.0000	  0.0350
386.5000	  0.0348
386.0000	  0.0344
385.5000	  0.0349
385.0000	  0.0358
384.5000	  0.0349
384.0000	  0.0346
383.5000	  0.0350
383.0000	  0.0343
382.5000	  0.0337
382.0000	  0.0335
381.5000	  0.0350
381.0000	  0.0337
380.5000	  0.0340
380.0000	  0.0339
379.5000	  0.0348
379.0000	  0.0344
378.5000	  0.0334
378.0000	  0.0337
377.5000	  0.0326
377.0000	  0.0344
376.5000	  0.0325
376.0000	  0.0333
375.5000	  0.0337
375.0000	  0.0334
374.5000	  0.0325
374.0000	  0.0333
373.5000	  0.0338
373.0000	  0.0334
372.5000	  0.0330
372.0000	  0.0331
371.5000	  0.0333
371.0000	  0.0345
370.5000	  0.0328
370.0000	  0.0333
369.5000	  0.0326
369.0000	  0.0327
368.5000	  0.0323
368.0000	  0.0346
367.5000	  0.0331
367.0000	  0.0319
366.5000	  0.0316
366.0000	  0.0339
365.5000	  0.0335
365.0000	  0.0326
364.5000	  0.0305
364.0000	  0.0315
363.5000	  0.0335
363.0000	  0.0320
362.5000	  0.0324
362.0000	  0.0331
361.5000	  0.0331
361.0000	  0.0302
360.5000	  0.0311
360.0000	  0.0333
359.5000	  0.0324
359.0000	  0.0337
358.5000	  0.0325
358.0000	  0.0331
357.5000	  0.0299
357.0000	  0.0316
356.5000	  0.0319
356.0000	  0.0319
355.5000	  0.0321
355.0000	  0.0310
354.5000	  0.0289
354.0000	  0.0312
353.5000	  0.0318
353.0000	  0.0347
352.5000	  0.0313
352.0000	  0.0310
351.5000	  0.0318
351.0000	  0.0323
350.5000	  0.0292
350.0000	  0.0303
