05/05/2023 17.08.48
05/05/2023 17.16.09

900.0000	 60.0500

900.0000	 60.0500

900.0000	 54.5400



  1.0000
900.0000
  3.0000
340.0000
  1.0000
1101.0000
  5.0000
  6.0000
  1.0000
  1.0000
  0.0000
  0.0000
100.0000
  0.0000
  1.0000
  0.0000
500.0000
900.0000
350.0000
  4.0000
  1.0000
 18.0000
  2.0000
  1.0000
255.0000
  0.9061
  1.0000
 30.0000
  4.0000
500.0000
  0.0000
  0.0000
  4.0000
900.0000
350.0000
  0.0000
100.0000
  0.0000
  1.0000
  0.0000
500.0000
  1.0000
  1.0000
  1.0000
  1.0000
  4.0000
  0.0000
  1.0000
  1.0000
  1.0000
  1.0000
  1.0000
  2.0000
  1.0000
  1.0000
  1.0000
  3.0000
  1.0000
  1.0000
  1.0000
  4.0000
  5.0000
440.643
0.000
900.0000	  3.0657
899.5000	  0.2382
899.0000	  1.0742
898.5000	  4.4147
898.0000	 -0.7322
897.5000	 -0.3744
897.0000	  0.7608
896.5000	  1.1506
896.0000	 -1.1625
895.5000	  0.9466
895.0000	  0.1903
894.5000	  2.1178
894.0000	  0.6200
893.5000	 -0.4569
893.0000	  0.3593
892.5000	 -1.5453
892.0000	 -2.1310
891.5000	 -8.3101
891.0000	  1.6683
890.5000	  0.0591
890.0000	  1.1611
889.5000	-19.0384
889.0000	  0.8054
888.5000	  1.2348
888.0000	 -6.8061
887.5000	 -0.8134
887.0000	  4.1694
886.5000	  0.0300
886.0000	  3.0225
885.5000	  1.8011
885.0000	  0.1577
884.5000	  0.0121
884.0000	  0.0615
883.5000	 -0.2480
883.0000	  1.6130
882.5000	-10.1338
882.0000	 -0.0757
881.5000	  0.5670
881.0000	 -0.2901
880.5000	  0.6466
880.0000	 22.0733
879.5000	 -2.8207
879.0000	  0.3679
878.5000	  0.1220
878.0000	 -1.5187
877.5000	 -2.3157
877.0000	  0.4574
876.5000	  0.9073
876.0000	 -0.3609
875.5000	  0.1209
875.0000	 -4.3578
874.5000	  0.5081
874.0000	 -0.1567
873.5000	  0.3539
873.0000	  0.0857
872.5000	 -0.1961
872.0000	  0.0372
871.5000	  0.2553
871.0000	  0.8541
870.5000	  0.7794
870.0000	 -0.1726
869.5000	 -1.0269
869.0000	 -0.3646
868.5000	 -0.6214
868.0000	  0.0152
867.5000	  0.2826
867.0000	 -0.3379
866.5000	 -0.2807
866.0000	 -0.0044
865.5000	  0.1847
865.0000	  0.4081
864.5000	  0.1803
864.0000	 -0.3363
863.5000	 -0.1973
863.0000	  0.4477
862.5000	 -0.0351
862.0000	  0.2303
861.5000	  0.1992
861.0000	  0.2077
860.5000	 -0.1014
860.0000	 -0.0929
859.5000	  0.0554
859.0000	  0.0477
858.5000	  0.1907
858.0000	  0.0468
857.5000	  0.0431
857.0000	  0.3088
856.5000	  0.2473
856.0000	  0.1709
855.5000	  0.0073
855.0000	  0.1116
854.5000	  0.0492
854.0000	  0.0852
853.5000	  0.0380
853.0000	  0.0481
852.5000	  0.2166
852.0000	  0.1509
851.5000	  0.1118
851.0000	  0.0594
850.5000	  0.0139
850.0000	  0.1552
849.5000	  0.0474
849.0000	  0.1042
848.5000	  0.1135
848.0000	  0.1499
847.5000	  0.1392
847.0000	  0.0715
846.5000	  0.0657
846.0000	  0.0924
845.5000	  0.1580
845.0000	  0.0944
844.5000	  0.1443
844.0000	  0.0703
843.5000	  0.1239
843.0000	  0.0759
842.5000	  0.0970
842.0000	  0.1235
841.5000	  0.1375
841.0000	  0.1221
840.5000	  0.1146
840.0000	  0.0636
839.5000	  0.1371
839.0000	  0.1454
838.5000	  0.0928
838.0000	  0.0287
837.5000	  0.1064
837.0000	  0.1131
836.5000	  0.1111
836.0000	  0.1115
835.5000	  0.0670
835.0000	  0.1131
834.5000	  0.1179
834.0000	  0.1377
833.5000	  0.0832
833.0000	  0.1113
832.5000	  0.1028
832.0000	  0.0971
831.5000	  0.1007
831.0000	  0.1261
830.5000	  0.1073
830.0000	  0.1174
829.5000	  0.1073
829.0000	  0.0911
828.5000	  0.1135
828.0000	  0.1247
827.5000	  0.1096
827.0000	  0.1076
826.5000	  0.1318
826.0000	  0.0895
825.5000	  0.1093
825.0000	  0.1112
824.5000	  0.1060
824.0000	  0.1180
823.5000	  0.0980
823.0000	  0.1223
822.5000	  0.1046
822.0000	  0.1232
821.5000	  0.1243
821.0000	  0.0961
820.5000	  0.1244
820.0000	  0.1224
819.5000	  0.1014
819.0000	  0.1199
818.5000	  0.1055
818.0000	  0.1069
817.5000	  0.1187
817.0000	  0.1321
816.5000	  0.1208
816.0000	  0.0924
815.5000	  0.1036
815.0000	  0.1157
814.5000	  0.1071
814.0000	  0.1034
813.5000	  0.1248
813.0000	  0.1216
812.5000	  0.1306
812.0000	  0.1397
811.5000	  0.1117
811.0000	  0.1060
810.5000	  0.1196
810.0000	  0.1198
809.5000	  0.1200
809.0000	  0.1254
808.5000	  0.1154
808.0000	  0.0996
807.5000	  0.1159
807.0000	  0.1135
806.5000	  0.1275
806.0000	  0.1271
805.5000	  0.1156
805.0000	  0.1017
804.5000	  0.1089
804.0000	  0.1258
803.5000	  0.1238
803.0000	  0.1270
802.5000	  0.1191
802.0000	  0.1289
801.5000	  0.1243
801.0000	  0.1072
800.5000	  0.1253
800.0000	  0.1318
799.5000	  0.1353
799.0000	  0.1146
798.5000	  0.1068
798.0000	  0.1096
797.5000	  0.1207
797.0000	  0.1116
796.5000	  0.1144
796.0000	  0.1227
795.5000	  0.1130
795.0000	  0.1091
794.5000	  0.1286
794.0000	  0.1283
793.5000	  0.1273
793.0000	  0.1196
792.5000	  0.1201
792.0000	  0.1000
791.5000	  0.1343
791.0000	  0.1273
790.5000	  0.1164
790.0000	  0.1064
789.5000	  0.1307
789.0000	  0.1455
788.5000	  0.1340
788.0000	  0.1246
787.5000	  0.1261
787.0000	  0.1167
786.5000	  0.1259
786.0000	  0.1139
785.5000	  0.1300
785.0000	  0.1281
784.5000	  0.1175
784.0000	  0.1162
783.5000	  0.1317
783.0000	  0.1209
782.5000	  0.1296
782.0000	  0.1295
781.5000	  0.1275
781.0000	  0.1283
780.5000	  0.1402
780.0000	  0.1297
779.5000	  0.1223
779.0000	  0.1241
778.5000	  0.1442
778.0000	  0.1467
777.5000	  0.1343
777.0000	  0.1167
776.5000	  0.1264
776.0000	  0.1351
775.5000	  0.1349
775.0000	  0.1316
774.5000	  0.1284
774.0000	  0.1361
773.5000	  0.1340
773.0000	  0.1283
772.5000	  0.1347
772.0000	  0.1329
771.5000	  0.1434
771.0000	  0.1340
770.5000	  0.1283
770.0000	  0.1378
769.5000	  0.1331
769.0000	  0.1409
768.5000	  0.1300
768.0000	  0.1414
767.5000	  0.1457
767.0000	  0.1399
766.5000	  0.1380
766.0000	  0.1386
765.5000	  0.1442
765.0000	  0.1360
764.5000	  0.1400
764.0000	  0.1328
763.5000	  0.1427
763.0000	  0.1446
762.5000	  0.1394
762.0000	  0.1418
761.5000	  0.1401
761.0000	  0.1357
760.5000	  0.1341
760.0000	  0.1353
759.5000	  0.1542
759.0000	  0.1338
758.5000	  0.1447
758.0000	  0.1391
757.5000	  0.1501
757.0000	  0.1538
756.5000	  0.1554
756.0000	  0.1415
755.5000	  0.1456
755.0000	  0.1621
754.5000	  0.1499
754.0000	  0.1437
753.5000	  0.1413
753.0000	  0.1482
752.5000	  0.1489
752.0000	  0.1409
751.5000	  0.1496
751.0000	  0.1446
750.5000	  0.1499
750.0000	  0.1544
749.5000	  0.1537
749.0000	  0.1373
748.5000	  0.1579
748.0000	  0.1573
747.5000	  0.1575
747.0000	  0.1459
746.5000	  0.1624
746.0000	  0.1674
745.5000	  0.1475
745.0000	  0.1464
744.5000	  0.1507
744.0000	  0.1581
743.5000	  0.1473
743.0000	  0.1508
742.5000	  0.1472
742.0000	  0.1635
741.5000	  0.1616
741.0000	  0.1573
740.5000	  0.1630
740.0000	  0.1537
739.5000	  0.1633
739.0000	  0.1434
738.5000	  0.1603
738.0000	  0.1565
737.5000	  0.1623
737.0000	  0.1601
736.5000	  0.1535
736.0000	  0.1622
735.5000	  0.1657
735.0000	  0.1760
734.5000	  0.1546
734.0000	  0.1560
733.5000	  0.1653
733.0000	  0.1773
732.5000	  0.1741
732.0000	  0.1646
731.5000	  0.1526
731.0000	  0.1668
730.5000	  0.1731
730.0000	  0.1773
729.5000	  0.1666
729.0000	  0.1807
728.5000	  0.1778
728.0000	  0.1644
727.5000	  0.1686
727.0000	  0.1844
726.5000	  0.1765
726.0000	  0.1779
725.5000	  0.1779
725.0000	  0.1805
724.5000	  0.1880
724.0000	  0.1900
723.5000	  0.1729
723.0000	  0.1760
722.5000	  0.1898
722.0000	  0.2007
721.5000	  0.1862
721.0000	  0.1852
720.5000	  0.1829
720.0000	  0.1992
719.5000	  0.2028
719.0000	  0.1950
718.5000	  0.1954
718.0000	  0.1920
717.5000	  0.1916
717.0000	  0.1762
716.5000	  0.1784
716.0000	  0.1901
715.5000	  0.1855
715.0000	  0.1688
714.5000	  0.1681
714.0000	  0.1882
713.5000	  0.1648
713.0000	  0.1753
712.5000	  0.1626
712.0000	  0.1836
711.5000	  0.1807
711.0000	  0.1805
710.5000	  0.1711
710.0000	  0.1666
709.5000	  0.1780
709.0000	  0.1892
708.5000	  0.1783
708.0000	  0.1828
707.5000	  0.1904
707.0000	  0.1804
706.5000	  0.1822
706.0000	  0.1960
705.5000	  0.1998
705.0000	  0.1915
704.5000	  0.1872
704.0000	  0.1843
703.5000	  0.1818
703.0000	  0.1907
702.5000	  0.1929
702.0000	  0.1893
701.5000	  0.1955
701.0000	  0.1974
700.5000	  0.2016
700.0000	  0.1931
699.5000	  0.1858
699.0000	  0.2004
698.5000	  0.1940
698.0000	  0.1986
697.5000	  0.2086
697.0000	  0.1958
696.5000	  0.2017
696.0000	  0.2029
695.5000	  0.1992
695.0000	  0.2017
694.5000	  0.2026
694.0000	  0.2146
693.5000	  0.2045
693.0000	  0.2055
692.5000	  0.2095
692.0000	  0.2119
691.5000	  0.2058
691.0000	  0.2059
690.5000	  0.2060
690.0000	  0.2108
689.5000	  0.2041
689.0000	  0.2153
688.5000	  0.2090
688.0000	  0.2120
687.5000	  0.2081
687.0000	  0.2180
686.5000	  0.2125
686.0000	  0.2213
685.5000	  0.2176
685.0000	  0.2173
684.5000	  0.2179
684.0000	  0.2202
683.5000	  0.2216
683.0000	  0.2174
682.5000	  0.2187
682.0000	  0.2215
681.5000	  0.2264
681.0000	  0.2185
680.5000	  0.2243
680.0000	  0.2272
679.5000	  0.2255
679.0000	  0.2245
678.5000	  0.2272
678.0000	  0.2320
677.5000	  0.2313
677.0000	  0.2325
676.5000	  0.2289
676.0000	  0.2313
675.5000	  0.2334
675.0000	  0.2348
674.5000	  0.2299
674.0000	  0.2408
673.5000	  0.2422
673.0000	  0.2349
672.5000	  0.2340
672.0000	  0.2381
671.5000	  0.2365
671.0000	  0.2379
670.5000	  0.2401
670.0000	  0.2407
669.5000	  0.2413
669.0000	  0.2423
668.5000	  0.2430
668.0000	  0.2468
667.5000	  0.2429
667.0000	  0.2523
666.5000	  0.2468
666.0000	  0.2451
665.5000	  0.2520
665.0000	  0.2531
664.5000	  0.2536
664.0000	  0.2494
663.5000	  0.2488
663.0000	  0.2510
662.5000	  0.2513
662.0000	  0.2575
661.5000	  0.2549
661.0000	  0.2554
660.5000	  0.2628
660.0000	  0.2583
659.5000	  0.2549
659.0000	  0.2608
658.5000	  0.2620
658.0000	  0.2594
657.5000	  0.2604
657.0000	  0.2638
656.5000	  0.2600
656.0000	  0.2612
655.5000	  0.2696
655.0000	  0.2655
654.5000	  0.2706
654.0000	  0.2722
653.5000	  0.2714
653.0000	  0.2717
652.5000	  0.2699
652.0000	  0.2746
651.5000	  0.2740
651.0000	  0.2734
650.5000	  0.2741
650.0000	  0.2780
649.5000	  0.2809
649.0000	  0.2766
648.5000	  0.2798
648.0000	  0.2778
647.5000	  0.2829
647.0000	  0.2870
646.5000	  0.2860
646.0000	  0.2861
645.5000	  0.2872
645.0000	  0.2911
644.5000	  0.2896
644.0000	  0.2901
643.5000	  0.2913
643.0000	  0.2979
642.5000	  0.2951
642.0000	  0.2959
641.5000	  0.2965
641.0000	  0.3008
640.5000	  0.3000
640.0000	  0.3016
639.5000	  0.3052
639.0000	  0.3099
638.5000	  0.3141
638.0000	  0.3071
637.5000	  0.3115
637.0000	  0.3171
636.5000	  0.3186
636.0000	  0.3206
635.5000	  0.3216
635.0000	  0.3235
634.5000	  0.3359
634.0000	  0.3320
633.5000	  0.3322
633.0000	  0.3332
632.5000	  0.3464
632.0000	  0.3456
631.5000	  0.3435
631.0000	  0.3494
630.5000	  0.3528
630.0000	  0.3536
629.5000	  0.3564
629.0000	  0.3555
628.5000	  0.3637
628.0000	  0.3619
627.5000	  0.3600
627.0000	  0.3607
626.5000	  0.3630
626.0000	  0.3586
625.5000	  0.3634
625.0000	  0.3603
624.5000	  0.3562
624.0000	  0.3607
623.5000	  0.3605
623.0000	  0.3570
622.5000	  0.3571
622.0000	  0.3607
621.5000	  0.3688
621.0000	  0.3585
620.5000	  0.3659
620.0000	  0.3566
619.5000	  0.3659
619.0000	  0.3616
618.5000	  0.3536
618.0000	  0.3559
617.5000	  0.3640
617.0000	  0.3654
616.5000	  0.3735
616.0000	  0.3709
615.5000	  0.3756
615.0000	  0.3760
614.5000	  0.3782
614.0000	  0.3776
613.5000	  0.3780
613.0000	  0.3793
612.5000	  0.3822
612.0000	  0.3849
611.5000	  0.3844
611.0000	  0.3821
610.5000	  0.3895
610.0000	  0.3916
609.5000	  0.3914
609.0000	  0.3966
608.5000	  0.3963
608.0000	  0.4044
607.5000	  0.4043
607.0000	  0.4003
606.5000	  0.3962
606.0000	  0.4079
605.5000	  0.4088
605.0000	  0.4076
604.5000	  0.4064
604.0000	  0.4122
603.5000	  0.4144
603.0000	  0.4148
602.5000	  0.4183
602.0000	  0.4164
601.5000	  0.4268
601.0000	  0.4266
600.5000	  0.4207
600.0000	  0.4267
599.5000	  0.4286
599.0000	  0.4314
598.5000	  0.4300
598.0000	  0.4331
597.5000	  0.4346
597.0000	  0.4409
596.5000	  0.4417
596.0000	  0.4436
595.5000	  0.4410
595.0000	  0.4474
594.5000	  0.4505
594.0000	  0.4515
593.5000	  0.4486
593.0000	  0.4519
592.5000	  0.4596
592.0000	  0.4623
591.5000	  0.4540
591.0000	  0.4624
590.5000	  0.4714
590.0000	  0.4641
589.5000	  0.4715
589.0000	  0.4692
588.5000	  0.4707
588.0000	  0.4734
587.5000	  0.4815
587.0000	  0.4759
586.5000	  0.4809
586.0000	  0.4793
585.5000	  0.4850
585.0000	  0.4878
584.5000	  0.4918
584.0000	  0.4921
583.5000	  0.4980
583.0000	  0.4933
582.5000	  0.4993
582.0000	  0.4966
581.5000	  0.5056
581.0000	  0.5047
580.5000	  0.5016
580.0000	  0.5043
579.5000	  0.5100
579.0000	  0.5169
578.5000	  0.5201
578.0000	  0.5116
577.5000	  0.5228
577.0000	  0.5263
576.5000	  0.5252
576.0000	  0.5246
575.5000	  0.5307
575.0000	  0.5388
574.5000	  0.5302
574.0000	  0.5326
573.5000	  0.5359
573.0000	  0.5395
572.5000	  0.5474
572.0000	  0.5443
571.5000	  0.5452
571.0000	  0.5510
570.5000	  0.5564
570.0000	  0.5520
569.5000	  0.5569
569.0000	  0.5654
568.5000	  0.5653
568.0000	  0.5673
567.5000	  0.5751
567.0000	  0.5663
566.5000	  0.5694
566.0000	  0.5774
565.5000	  0.5761
565.0000	  0.5777
564.5000	  0.5776
564.0000	  0.5839
563.5000	  0.5903
563.0000	  0.5957
562.5000	  0.5992
562.0000	  0.5952
561.5000	  0.6030
561.0000	  0.6018
560.5000	  0.6019
560.0000	  0.5953
559.5000	  0.5995
559.0000	  0.5997
558.5000	  0.6017
558.0000	  0.6028
557.5000	  0.6066
557.0000	  0.6090
556.5000	  0.6164
556.0000	  0.6185
555.5000	  0.6203
555.0000	  0.6229
554.5000	  0.6264
554.0000	  0.6249
553.5000	  0.6268
553.0000	  0.6335
552.5000	  0.6379
552.0000	  0.6410
551.5000	  0.6418
551.0000	  0.6437
550.5000	  0.6481
550.0000	  0.6521
549.5000	  0.6534
549.0000	  0.6547
548.5000	  0.6618
548.0000	  0.6660
547.5000	  0.6704
547.0000	  0.6662
546.5000	  0.6691
546.0000	  0.6772
545.5000	  0.6783
545.0000	  0.6809
544.5000	  0.6804
544.0000	  0.6902
543.5000	  0.6863
543.0000	  0.6900
542.5000	  0.6907
542.0000	  0.6960
541.5000	  0.6974
541.0000	  0.7039
540.5000	  0.7024
540.0000	  0.7046
539.5000	  0.7092
539.0000	  0.7122
538.5000	  0.7128
538.0000	  0.7178
537.5000	  0.7248
537.0000	  0.7278
536.5000	  0.7340
536.0000	  0.7303
535.5000	  0.7346
535.0000	  0.7387
534.5000	  0.7455
534.0000	  0.7376
533.5000	  0.7472
533.0000	  0.7511
532.5000	  0.7515
532.0000	  0.7580
531.5000	  0.7585
531.0000	  0.7655
530.5000	  0.7639
530.0000	  0.7697
529.5000	  0.7728
529.0000	  0.7774
528.5000	  0.7832
528.0000	  0.7818
527.5000	  0.7850
527.0000	  0.7943
526.5000	  0.7925
526.0000	  0.7975
525.5000	  0.8036
525.0000	  0.7991
524.5000	  0.8049
524.0000	  0.8087
523.5000	  0.8168
523.0000	  0.8151
522.5000	  0.8174
522.0000	  0.8230
521.5000	  0.8213
521.0000	  0.8333
520.5000	  0.8332
520.0000	  0.8379
519.5000	  0.8403
519.0000	  0.8446
518.5000	  0.8452
518.0000	  0.8499
517.5000	  0.8560
517.0000	  0.8604
516.5000	  0.8610
516.0000	  0.8673
515.5000	  0.8703
515.0000	  0.8705
514.5000	  0.8745
514.0000	  0.8805
513.5000	  0.8869
513.0000	  0.8884
512.5000	  0.8910
512.0000	  0.8948
511.5000	  0.9011
511.0000	  0.9011
510.5000	  0.9067
510.0000	  0.9109
509.5000	  0.9145
509.0000	  0.9205
508.5000	  0.9160
508.0000	  0.9197
507.5000	  0.9137
507.0000	  0.9305
506.5000	  0.9234
506.0000	  0.9224
505.5000	  0.9215
505.0000	  0.9246
504.5000	  0.9316
504.0000	  0.9217
503.5000	  0.9209
503.0000	  0.9183
502.5000	  0.9223
502.0000	  0.9217
501.5000	  0.9232
501.0000	  0.9151
500.5000	  0.9109
500.0000	  0.9063
499.5000	  0.9185
499.0000	  0.9108
498.5000	  0.9041
498.0000	  0.9079
497.5000	  0.9110
497.0000	  0.8978
496.5000	  0.8899
496.0000	  0.9016
495.5000	  0.9017
495.0000	  0.8981
494.5000	  0.8902
494.0000	  0.8896
493.5000	  0.8859
493.0000	  0.8855
492.5000	  0.8753
492.0000	  0.8717
491.5000	  0.8743
491.0000	  0.8742
490.5000	  0.8689
490.0000	  0.8622
489.5000	  0.8679
489.0000	  0.8618
488.5000	  0.8519
488.0000	  0.8478
487.5000	  0.8510
487.0000	  0.8453
486.5000	  0.8428
486.0000	  0.8372
485.5000	  0.8386
485.0000	  0.8327
484.5000	  0.8351
484.0000	  0.8238
483.5000	  0.8219
483.0000	  0.8297
482.5000	  0.8233
482.0000	  0.8087
481.5000	  0.8053
481.0000	  0.8121
480.5000	  0.8089
480.0000	  0.7977
479.5000	  0.7934
479.0000	  0.7891
478.5000	  0.7932
478.0000	  0.7808
477.5000	  0.7831
477.0000	  0.7823
476.5000	  0.7762
476.0000	  0.7703
475.5000	  0.7707
475.0000	  0.7661
474.5000	  0.7704
474.0000	  0.7710
473.5000	  0.7641
473.0000	  0.7564
472.5000	  0.7633
472.0000	  0.7537
471.5000	  0.7536
471.0000	  0.7505
470.5000	  0.7573
470.0000	  0.7562
469.5000	  0.7613
469.0000	  0.7491
468.5000	  0.7499
468.0000	  0.7465
467.5000	  0.7394
467.0000	  0.7538
466.5000	  0.7464
466.0000	  0.7393
465.5000	  0.7411
465.0000	  0.7453
464.5000	  0.7497
464.0000	  0.7624
463.5000	  0.7528
463.0000	  0.7392
462.5000	  0.7451
462.0000	  0.7442
461.5000	  0.7426
461.0000	  0.7341
460.5000	  0.7311
460.0000	  0.7331
459.5000	  0.7243
459.0000	  0.7114
458.5000	  0.6937
458.0000	  0.6985
457.5000	  0.6832
457.0000	  0.6396
456.5000	  0.6549
456.0000	  0.6498
455.5000	  0.6388
455.0000	  0.6196
454.5000	  0.6053
454.0000	  0.5997
453.5000	  0.5670
453.0000	  0.5792
452.5000	  0.5618
452.0000	  0.5434
451.5000	  0.5300
451.0000	  0.5466
450.5000	  0.5275
450.0000	  0.5326
449.5000	  0.5208
449.0000	  0.5317
448.5000	  0.5184
448.0000	  0.4966
447.5000	  0.5105
447.0000	  0.4987
446.5000	  0.5063
446.0000	  0.5141
445.5000	  0.5005
445.0000	  0.4963
444.5000	  0.5077
444.0000	  0.5043
443.5000	  0.4896
443.0000	  0.4963
442.5000	  0.4978
442.0000	  0.4968
441.5000	  0.5020
441.0000	  0.4884
440.5000	  0.5010
440.0000	  0.5011
439.5000	  0.5064
439.0000	  0.5034
438.5000	  0.4987
438.0000	  0.5046
437.5000	  0.5046
437.0000	  0.4977
436.5000	  0.5043
436.0000	  0.4897
435.5000	  0.4931
435.0000	  0.4883
434.5000	  0.4906
434.0000	  0.4946
433.5000	  0.4959
433.0000	  0.4922
432.5000	  0.4918
432.0000	  0.4951
431.5000	  0.5098
431.0000	  0.5032
430.5000	  0.4907
430.0000	  0.4986
429.5000	  0.4985
429.0000	  0.5025
428.5000	  0.5066
428.0000	  0.5079
427.5000	  0.4904
427.0000	  0.4978
426.5000	  0.4921
426.0000	  0.4941
425.5000	  0.4880
425.0000	  0.4964
424.5000	  0.5008
424.0000	  0.4861
423.5000	  0.4847
423.0000	  0.4946
422.5000	  0.4884
422.0000	  0.4825
421.5000	  0.4733
421.0000	  0.4776
420.5000	  0.4859
420.0000	  0.4727
419.5000	  0.4852
419.0000	  0.4624
418.5000	  0.4527
418.0000	  0.4586
417.5000	  0.4765
417.0000	  0.4617
416.5000	  0.4480
416.0000	  0.4689
415.5000	  0.4623
415.0000	  0.4609
414.5000	  0.4649
414.0000	  0.4518
413.5000	  0.4597
413.0000	  0.4489
412.5000	  0.4506
412.0000	  0.4369
411.5000	  0.4467
411.0000	  0.4567
410.5000	  0.4437
410.0000	  0.4477
409.5000	  0.4590
409.0000	  0.4508
408.5000	  0.4450
408.0000	  0.4502
407.5000	  0.4330
407.0000	  0.4509
406.5000	  0.4496
406.0000	  0.4277
405.5000	  0.4381
405.0000	  0.4534
404.5000	  0.4335
404.0000	  0.4185
403.5000	  0.4214
403.0000	  0.4344
402.5000	  0.4527
402.0000	  0.4298
401.5000	  0.4256
401.0000	  0.4431
400.5000	  0.4524
400.0000	  0.4246
399.5000	  0.4228
399.0000	  0.4330
398.5000	  0.4327
398.0000	  0.4218
397.5000	  0.4228
397.0000	  0.4194
396.5000	  0.4177
396.0000	  0.4421
395.5000	  0.4312
395.0000	  0.4014
394.5000	  0.4175
394.0000	  0.4203
393.5000	  0.4306
393.0000	  0.4281
392.5000	  0.3890
392.0000	  0.4294
391.5000	  0.4315
391.0000	  0.4407
390.5000	  0.4300
390.0000	  0.4290
389.5000	  0.4378
389.0000	  0.4256
388.5000	  0.4288
388.0000	  0.4287
387.5000	  0.4141
387.0000	  0.4162
386.5000	  0.4268
386.0000	  0.3963
385.5000	  0.3843
385.0000	  0.4184
384.5000	  0.4084
384.0000	  0.4025
383.5000	  0.3922
383.0000	  0.4062
382.5000	  0.4056
382.0000	  0.4058
381.5000	  0.4176
381.0000	  0.3858
380.5000	  0.4303
380.0000	  0.4085
379.5000	  0.4258
379.0000	  0.4163
378.5000	  0.3680
378.0000	  0.4202
377.5000	  0.3870
377.0000	  0.3891
376.5000	  0.3631
376.0000	  0.4181
375.5000	  0.3843
375.0000	  0.3486
374.5000	  0.3663
374.0000	  0.4118
373.5000	  0.4052
373.0000	  0.3721
372.5000	  0.3935
372.0000	  0.4074
371.5000	  0.4067
371.0000	  0.4069
370.5000	  0.3910
370.0000	  0.4141
369.5000	  0.3708
369.0000	  0.3957
368.5000	  0.4201
368.0000	  0.3903
367.5000	  0.3684
367.0000	  0.3734
366.5000	  0.3785
366.0000	  0.3457
365.5000	  0.4092
365.0000	  0.3875
364.5000	  0.4323
364.0000	  0.4011
363.5000	  0.3502
363.0000	  0.3629
362.5000	  0.4958
362.0000	  0.3851
361.5000	  0.4394
361.0000	  0.3292
360.5000	  0.3809
360.0000	  0.4161
359.5000	  0.4157
359.0000	  0.2443
358.5000	  0.3647
358.0000	  0.4196
357.5000	  0.4068
357.0000	  0.3514
356.5000	  0.3617
356.0000	  0.3885
355.5000	  0.3376
355.0000	  0.3920
354.5000	  0.3642
354.0000	  0.3576
353.5000	  0.3420
353.0000	  0.4049
352.5000	  0.3883
352.0000	  0.4185
351.5000	  0.3241
351.0000	  0.4802
350.5000	  0.3336
350.0000	  0.3063
