30/05/2023 15.28.18
30/05/2023 15.35.42

500.0000	148.6700

500.0000	148.6700

900.0000	127.4000



  1.0000
900.0000
  3.0000
340.0000
  1.0000
1101.0000
  5.0000
  6.0000
  1.0000
  1.0000
  0.0000
  0.0000
100.0000
  0.0000
  1.0000
  0.0000
500.0000
900.0000
350.0000
  4.0000
  1.0000
 18.0000
  2.0000
  1.0000
255.0000
  0.6248
  1.0000
 30.0000
  4.0000
500.0000
  0.0000
  0.0000
  4.0000
900.0000
350.0000
  0.0000
100.0000
  0.0000
  1.0000
  0.0000
500.0000
  1.0000
  1.0000
  1.0000
  1.0000
  4.0000
  0.0000
  1.0000
  1.0000
  1.0000
  1.0000
  1.0000
  2.0000
  1.0000
  1.0000
  1.0000
  3.0000
  1.0000
  1.0000
  1.0000
  4.0000
  5.0000
444.064
0.000
900.0000	  1.3057
899.5000	  1.4795
899.0000	  1.2769
898.5000	  1.4400
898.0000	  1.2531
897.5000	  1.4185
897.0000	  1.2690
896.5000	  1.3880
896.0000	  1.3526
895.5000	  1.3326
895.0000	  1.2954
894.5000	  1.3275
894.0000	  1.2758
893.5000	  1.3433
893.0000	  1.4183
892.5000	  1.3117
892.0000	  1.3401
891.5000	  1.3588
891.0000	  1.3528
890.5000	  1.3332
890.0000	  1.3805
889.5000	  1.3311
889.0000	  1.3512
888.5000	  1.3355
888.0000	  1.3416
887.5000	  1.3491
887.0000	  1.3152
886.5000	  1.3371
886.0000	  1.3522
885.5000	  1.3295
885.0000	  1.3448
884.5000	  1.3357
884.0000	  1.3446
883.5000	  1.3111
883.0000	  1.3297
882.5000	  1.3441
882.0000	  1.3395
881.5000	  1.3499
881.0000	  1.3266
880.5000	  1.3645
880.0000	  1.3307
879.5000	  1.3224
879.0000	  1.3500
878.5000	  1.3540
878.0000	  1.3482
877.5000	  1.3445
877.0000	  1.3416
876.5000	  1.3452
876.0000	  1.3242
875.5000	  1.3425
875.0000	  1.3392
874.5000	  1.3614
874.0000	  1.3191
873.5000	  1.3612
873.0000	  1.3371
872.5000	  1.3311
872.0000	  1.3546
871.5000	  1.3573
871.0000	  1.3342
870.5000	  1.3520
870.0000	  1.3476
869.5000	  1.3352
869.0000	  1.3469
868.5000	  1.3502
868.0000	  1.3492
867.5000	  1.3418
867.0000	  1.3476
866.5000	  1.3447
866.0000	  1.3433
865.5000	  1.3408
865.0000	  1.3470
864.5000	  1.3530
864.0000	  1.3600
863.5000	  1.3508
863.0000	  1.3462
862.5000	  1.3507
862.0000	  1.3531
861.5000	  1.3550
861.0000	  1.3593
860.5000	  1.3569
860.0000	  1.3581
859.5000	  1.3554
859.0000	  1.3469
858.5000	  1.3567
858.0000	  1.3565
857.5000	  1.3570
857.0000	  1.3645
856.5000	  1.3656
856.0000	  1.3573
855.5000	  1.3657
855.0000	  1.3654
854.5000	  1.3653
854.0000	  1.3653
853.5000	  1.3658
853.0000	  1.3616
852.5000	  1.3645
852.0000	  1.3617
851.5000	  1.3654
851.0000	  1.3711
850.5000	  1.3659
850.0000	  1.3686
849.5000	  1.3654
849.0000	  1.3730
848.5000	  1.3688
848.0000	  1.3738
847.5000	  1.3674
847.0000	  1.3644
846.5000	  1.3662
846.0000	  1.3717
845.5000	  1.3711
845.0000	  1.3662
844.5000	  1.3692
844.0000	  1.3716
843.5000	  1.3701
843.0000	  1.3684
842.5000	  1.3730
842.0000	  1.3683
841.5000	  1.3679
841.0000	  1.3695
840.5000	  1.3685
840.0000	  1.3667
839.5000	  1.3681
839.0000	  1.3691
838.5000	  1.3692
838.0000	  1.3684
837.5000	  1.3713
837.0000	  1.3657
836.5000	  1.3690
836.0000	  1.3703
835.5000	  1.3697
835.0000	  1.3676
834.5000	  1.3694
834.0000	  1.3678
833.5000	  1.3688
833.0000	  1.3694
832.5000	  1.3641
832.0000	  1.3677
831.5000	  1.3676
831.0000	  1.3676
830.5000	  1.3660
830.0000	  1.3656
829.5000	  1.3669
829.0000	  1.3649
828.5000	  1.3639
828.0000	  1.3658
827.5000	  1.3639
827.0000	  1.3629
826.5000	  1.3664
826.0000	  1.3643
825.5000	  1.3665
825.0000	  1.3615
824.5000	  1.3648
824.0000	  1.3624
823.5000	  1.3626
823.0000	  1.3598
822.5000	  1.3644
822.0000	  1.3641
821.5000	  1.3637
821.0000	  1.3609
820.5000	  1.3618
820.0000	  1.3635
819.5000	  1.3628
819.0000	  1.3636
818.5000	  1.3611
818.0000	  1.3644
817.5000	  1.3645
817.0000	  1.3640
816.5000	  1.3612
816.0000	  1.3622
815.5000	  1.3635
815.0000	  1.3641
814.5000	  1.3635
814.0000	  1.3614
813.5000	  1.3630
813.0000	  1.3652
812.5000	  1.3630
812.0000	  1.3631
811.5000	  1.3642
811.0000	  1.3621
810.5000	  1.3648
810.0000	  1.3613
809.5000	  1.3614
809.0000	  1.3655
808.5000	  1.3637
808.0000	  1.3618
807.5000	  1.3645
807.0000	  1.3670
806.5000	  1.3618
806.0000	  1.3646
805.5000	  1.3629
805.0000	  1.3633
804.5000	  1.3632
804.0000	  1.3647
803.5000	  1.3614
803.0000	  1.3642
802.5000	  1.3645
802.0000	  1.3661
801.5000	  1.3645
801.0000	  1.3655
800.5000	  1.3645
800.0000	  1.3637
799.5000	  1.3681
799.0000	  1.3665
798.5000	  1.3655
798.0000	  1.3645
797.5000	  1.3675
797.0000	  1.3635
796.5000	  1.3673
796.0000	  1.3678
795.5000	  1.3694
795.0000	  1.3663
794.5000	  1.3666
794.0000	  1.3675
793.5000	  1.3689
793.0000	  1.3689
792.5000	  1.3651
792.0000	  1.3672
791.5000	  1.3684
791.0000	  1.3667
790.5000	  1.3666
790.0000	  1.3686
789.5000	  1.3681
789.0000	  1.3701
788.5000	  1.3673
788.0000	  1.3678
787.5000	  1.3688
787.0000	  1.3710
786.5000	  1.3714
786.0000	  1.3677
785.5000	  1.3682
785.0000	  1.3681
784.5000	  1.3695
784.0000	  1.3692
783.5000	  1.3709
783.0000	  1.3698
782.5000	  1.3685
782.0000	  1.3722
781.5000	  1.3721
781.0000	  1.3730
780.5000	  1.3708
780.0000	  1.3746
779.5000	  1.3694
779.0000	  1.3706
778.5000	  1.3701
778.0000	  1.3703
777.5000	  1.3713
777.0000	  1.3738
776.5000	  1.3722
776.0000	  1.3725
775.5000	  1.3727
775.0000	  1.3740
774.5000	  1.3741
774.0000	  1.3725
773.5000	  1.3748
773.0000	  1.3707
772.5000	  1.3733
772.0000	  1.3753
771.5000	  1.3730
771.0000	  1.3729
770.5000	  1.3735
770.0000	  1.3736
769.5000	  1.3731
769.0000	  1.3744
768.5000	  1.3748
768.0000	  1.3741
767.5000	  1.3739
767.0000	  1.3760
766.5000	  1.3733
766.0000	  1.3742
765.5000	  1.3763
765.0000	  1.3738
764.5000	  1.3744
764.0000	  1.3742
763.5000	  1.3739
763.0000	  1.3755
762.5000	  1.3762
762.0000	  1.3751
761.5000	  1.3773
761.0000	  1.3760
760.5000	  1.3772
760.0000	  1.3764
759.5000	  1.3764
759.0000	  1.3784
758.5000	  1.3755
758.0000	  1.3779
757.5000	  1.3756
757.0000	  1.3756
756.5000	  1.3773
756.0000	  1.3791
755.5000	  1.3767
755.0000	  1.3776
754.5000	  1.3779
754.0000	  1.3795
753.5000	  1.3767
753.0000	  1.3781
752.5000	  1.3781
752.0000	  1.3783
751.5000	  1.3812
751.0000	  1.3790
750.5000	  1.3797
750.0000	  1.3790
749.5000	  1.3815
749.0000	  1.3796
748.5000	  1.3798
748.0000	  1.3784
747.5000	  1.3796
747.0000	  1.3800
746.5000	  1.3812
746.0000	  1.3818
745.5000	  1.3801
745.0000	  1.3817
744.5000	  1.3806
744.0000	  1.3827
743.5000	  1.3832
743.0000	  1.3838
742.5000	  1.3802
742.0000	  1.3837
741.5000	  1.3830
741.0000	  1.3851
740.5000	  1.3817
740.0000	  1.3842
739.5000	  1.3848
739.0000	  1.3841
738.5000	  1.3864
738.0000	  1.3852
737.5000	  1.3853
737.0000	  1.3853
736.5000	  1.3864
736.0000	  1.3866
735.5000	  1.3885
735.0000	  1.3887
734.5000	  1.3893
734.0000	  1.3891
733.5000	  1.3897
733.0000	  1.3915
732.5000	  1.3897
732.0000	  1.3928
731.5000	  1.3911
731.0000	  1.3944
730.5000	  1.3946
730.0000	  1.3984
729.5000	  1.3976
729.0000	  1.4001
728.5000	  1.3993
728.0000	  1.4009
727.5000	  1.4068
727.0000	  1.4052
726.5000	  1.4074
726.0000	  1.4074
725.5000	  1.4115
725.0000	  1.4127
724.5000	  1.4170
724.0000	  1.4204
723.5000	  1.4214
723.0000	  1.4245
722.5000	  1.4293
722.0000	  1.4325
721.5000	  1.4353
721.0000	  1.4416
720.5000	  1.4442
720.0000	  1.4465
719.5000	  1.4498
719.0000	  1.4548
718.5000	  1.4562
718.0000	  1.4588
717.5000	  1.4602
717.0000	  1.4577
716.5000	  1.4615
716.0000	  1.4575
715.5000	  1.4515
715.0000	  1.4481
714.5000	  1.4455
714.0000	  1.4389
713.5000	  1.4337
713.0000	  1.4307
712.5000	  1.4240
712.0000	  1.4212
711.5000	  1.4146
711.0000	  1.4147
710.5000	  1.4115
710.0000	  1.4058
709.5000	  1.4039
709.0000	  1.4006
708.5000	  1.3983
708.0000	  1.3982
707.5000	  1.3966
707.0000	  1.3919
706.5000	  1.3936
706.0000	  1.3948
705.5000	  1.3934
705.0000	  1.3932
704.5000	  1.3941
704.0000	  1.3936
703.5000	  1.3928
703.0000	  1.3956
702.5000	  1.3950
702.0000	  1.3935
701.5000	  1.3942
701.0000	  1.3931
700.5000	  1.3944
700.0000	  1.3917
699.5000	  1.3933
699.0000	  1.3948
698.5000	  1.3948
698.0000	  1.3939
697.5000	  1.3936
697.0000	  1.3933
696.5000	  1.3941
696.0000	  1.3937
695.5000	  1.3927
695.0000	  1.3947
694.5000	  1.3932
694.0000	  1.3939
693.5000	  1.3927
693.0000	  1.3947
692.5000	  1.3914
692.0000	  1.3930
691.5000	  1.3935
691.0000	  1.3922
690.5000	  1.3946
690.0000	  1.3919
689.5000	  1.3951
689.0000	  1.3925
688.5000	  1.3921
688.0000	  1.3919
687.5000	  1.3920
687.0000	  1.3939
686.5000	  1.3912
686.0000	  1.3922
685.5000	  1.3909
685.0000	  1.3939
684.5000	  1.3905
684.0000	  1.3917
683.5000	  1.3922
683.0000	  1.3915
682.5000	  1.3927
682.0000	  1.3906
681.5000	  1.3940
681.0000	  1.3910
680.5000	  1.3937
680.0000	  1.3906
679.5000	  1.3929
679.0000	  1.3930
678.5000	  1.3934
678.0000	  1.3940
677.5000	  1.3905
677.0000	  1.3929
676.5000	  1.3915
676.0000	  1.3937
675.5000	  1.3918
675.0000	  1.3908
674.5000	  1.3920
674.0000	  1.3926
673.5000	  1.3941
673.0000	  1.3906
672.5000	  1.3914
672.0000	  1.3917
671.5000	  1.3931
671.0000	  1.3940
670.5000	  1.3919
670.0000	  1.3902
669.5000	  1.3922
669.0000	  1.3917
668.5000	  1.3902
668.0000	  1.3932
667.5000	  1.3932
667.0000	  1.3927
666.5000	  1.3928
666.0000	  1.3916
665.5000	  1.3931
665.0000	  1.3928
664.5000	  1.3931
664.0000	  1.3909
663.5000	  1.3917
663.0000	  1.3914
662.5000	  1.3914
662.0000	  1.3932
661.5000	  1.3911
661.0000	  1.3912
660.5000	  1.3916
660.0000	  1.3914
659.5000	  1.3888
659.0000	  1.3915
658.5000	  1.3910
658.0000	  1.3925
657.5000	  1.3912
657.0000	  1.3891
656.5000	  1.3902
656.0000	  1.3905
655.5000	  1.3920
655.0000	  1.3880
654.5000	  1.3898
654.0000	  1.3883
653.5000	  1.3897
653.0000	  1.3911
652.5000	  1.3894
652.0000	  1.3897
651.5000	  1.3887
651.0000	  1.3891
650.5000	  1.3879
650.0000	  1.3878
649.5000	  1.3886
649.0000	  1.3885
648.5000	  1.3881
648.0000	  1.3863
647.5000	  1.3901
647.0000	  1.3863
646.5000	  1.3880
646.0000	  1.3860
645.5000	  1.3875
645.0000	  1.3866
644.5000	  1.3874
644.0000	  1.3846
643.5000	  1.3852
643.0000	  1.3848
642.5000	  1.3842
642.0000	  1.3851
641.5000	  1.3824
641.0000	  1.3856
640.5000	  1.3831
640.0000	  1.3833
639.5000	  1.3819
639.0000	  1.3817
638.5000	  1.3827
638.0000	  1.3816
637.5000	  1.3809
637.0000	  1.3803
636.5000	  1.3810
636.0000	  1.3791
635.5000	  1.3793
635.0000	  1.3764
634.5000	  1.3779
634.0000	  1.3773
633.5000	  1.3790
633.0000	  1.3765
632.5000	  1.3773
632.0000	  1.3781
631.5000	  1.3772
631.0000	  1.3795
630.5000	  1.3771
630.0000	  1.3801
629.5000	  1.3816
629.0000	  1.3847
628.5000	  1.3835
628.0000	  1.3879
627.5000	  1.3893
627.0000	  1.3914
626.5000	  1.3930
626.0000	  1.3959
625.5000	  1.3983
625.0000	  1.4009
624.5000	  1.4048
624.0000	  1.4038
623.5000	  1.4089
623.0000	  1.4105
622.5000	  1.4133
622.0000	  1.4142
621.5000	  1.4161
621.0000	  1.4174
620.5000	  1.4204
620.0000	  1.4217
619.5000	  1.4219
619.0000	  1.4216
618.5000	  1.4226
618.0000	  1.4247
617.5000	  1.4209
617.0000	  1.4226
616.5000	  1.4203
616.0000	  1.4215
615.5000	  1.4201
615.0000	  1.4211
614.5000	  1.4194
614.0000	  1.4205
613.5000	  1.4211
613.0000	  1.4200
612.5000	  1.4197
612.0000	  1.4195
611.5000	  1.4204
611.0000	  1.4200
610.5000	  1.4186
610.0000	  1.4215
609.5000	  1.4198
609.0000	  1.4210
608.5000	  1.4191
608.0000	  1.4215
607.5000	  1.4210
607.0000	  1.4228
606.5000	  1.4205
606.0000	  1.4221
605.5000	  1.4226
605.0000	  1.4217
604.5000	  1.4217
604.0000	  1.4208
603.5000	  1.4224
603.0000	  1.4216
602.5000	  1.4245
602.0000	  1.4217
601.5000	  1.4228
601.0000	  1.4236
600.5000	  1.4239
600.0000	  1.4226
599.5000	  1.4237
599.0000	  1.4236
598.5000	  1.4246
598.0000	  1.4264
597.5000	  1.4231
597.0000	  1.4259
596.5000	  1.4249
596.0000	  1.4263
595.5000	  1.4260
595.0000	  1.4263
594.5000	  1.4270
594.0000	  1.4252
593.5000	  1.4282
593.0000	  1.4256
592.5000	  1.4290
592.0000	  1.4273
591.5000	  1.4288
591.0000	  1.4260
590.5000	  1.4281
590.0000	  1.4277
589.5000	  1.4283
589.0000	  1.4285
588.5000	  1.4279
588.0000	  1.4297
587.5000	  1.4285
587.0000	  1.4312
586.5000	  1.4285
586.0000	  1.4302
585.5000	  1.4307
585.0000	  1.4298
584.5000	  1.4322
584.0000	  1.4314
583.5000	  1.4324
583.0000	  1.4331
582.5000	  1.4339
582.0000	  1.4321
581.5000	  1.4326
581.0000	  1.4328
580.5000	  1.4327
580.0000	  1.4326
579.5000	  1.4316
579.0000	  1.4344
578.5000	  1.4326
578.0000	  1.4349
577.5000	  1.4325
577.0000	  1.4343
576.5000	  1.4358
576.0000	  1.4348
575.5000	  1.4341
575.0000	  1.4349
574.5000	  1.4353
574.0000	  1.4362
573.5000	  1.4377
573.0000	  1.4360
572.5000	  1.4364
572.0000	  1.4373
571.5000	  1.4376
571.0000	  1.4365
570.5000	  1.4379
570.0000	  1.4401
569.5000	  1.4360
569.0000	  1.4391
568.5000	  1.4372
568.0000	  1.4396
567.5000	  1.4392
567.0000	  1.4406
566.5000	  1.4400
566.0000	  1.4399
565.5000	  1.4399
565.0000	  1.4397
564.5000	  1.4409
564.0000	  1.4402
563.5000	  1.4422
563.0000	  1.4404
562.5000	  1.4447
562.0000	  1.4413
561.5000	  1.4432
561.0000	  1.4433
560.5000	  1.4427
560.0000	  1.4433
559.5000	  1.4396
559.0000	  1.4425
558.5000	  1.4405
558.0000	  1.4431
557.5000	  1.4417
557.0000	  1.4413
556.5000	  1.4418
556.0000	  1.4426
555.5000	  1.4439
555.0000	  1.4421
554.5000	  1.4449
554.0000	  1.4444
553.5000	  1.4456
553.0000	  1.4435
552.5000	  1.4456
552.0000	  1.4462
551.5000	  1.4454
551.0000	  1.4461
550.5000	  1.4446
550.0000	  1.4463
549.5000	  1.4448
549.0000	  1.4471
548.5000	  1.4459
548.0000	  1.4465
547.5000	  1.4472
547.0000	  1.4482
546.5000	  1.4470
546.0000	  1.4471
545.5000	  1.4470
545.0000	  1.4467
544.5000	  1.4492
544.0000	  1.4485
543.5000	  1.4503
543.0000	  1.4496
542.5000	  1.4515
542.0000	  1.4494
541.5000	  1.4495
541.0000	  1.4521
540.5000	  1.4510
540.0000	  1.4512
539.5000	  1.4502
539.0000	  1.4525
538.5000	  1.4509
538.0000	  1.4529
537.5000	  1.4508
537.0000	  1.4518
536.5000	  1.4526
536.0000	  1.4541
535.5000	  1.4517
535.0000	  1.4533
534.5000	  1.4531
534.0000	  1.4539
533.5000	  1.4536
533.0000	  1.4530
532.5000	  1.4536
532.0000	  1.4537
531.5000	  1.4546
531.0000	  1.4533
530.5000	  1.4541
530.0000	  1.4535
529.5000	  1.4556
529.0000	  1.4533
528.5000	  1.4546
528.0000	  1.4558
527.5000	  1.4550
527.0000	  1.4574
526.5000	  1.4549
526.0000	  1.4573
525.5000	  1.4552
525.0000	  1.4576
524.5000	  1.4551
524.0000	  1.4558
523.5000	  1.4561
523.0000	  1.4567
522.5000	  1.4560
522.0000	  1.4565
521.5000	  1.4573
521.0000	  1.4577
520.5000	  1.4581
520.0000	  1.4557
519.5000	  1.4593
519.0000	  1.4566
518.5000	  1.4594
518.0000	  1.4557
517.5000	  1.4572
517.0000	  1.4577
516.5000	  1.4576
516.0000	  1.4574
515.5000	  1.4556
515.0000	  1.4581
514.5000	  1.4565
514.0000	  1.4593
513.5000	  1.4570
513.0000	  1.4584
512.5000	  1.4580
512.0000	  1.4587
511.5000	  1.4585
511.0000	  1.4590
510.5000	  1.4601
510.0000	  1.4592
509.5000	  1.4623
509.0000	  1.4596
508.5000	  1.4623
508.0000	  1.4629
507.5000	  1.4653
507.0000	  1.4642
506.5000	  1.4656
506.0000	  1.4685
505.5000	  1.4690
505.0000	  1.4718
504.5000	  1.4707
504.0000	  1.4746
503.5000	  1.4752
503.0000	  1.4795
502.5000	  1.4785
502.0000	  1.4814
501.5000	  1.4839
501.0000	  1.4863
500.5000	  1.4866
500.0000	  1.4881
499.5000	  1.4914
499.0000	  1.4920
498.5000	  1.4942
498.0000	  1.4949
497.5000	  1.4960
497.0000	  1.4975
496.5000	  1.5004
496.0000	  1.4978
495.5000	  1.5023
495.0000	  1.5026
494.5000	  1.5065
494.0000	  1.5029
493.5000	  1.5056
493.0000	  1.5086
492.5000	  1.5087
492.0000	  1.5097
491.5000	  1.5096
491.0000	  1.5110
490.5000	  1.5093
490.0000	  1.5135
489.5000	  1.5098
489.0000	  1.5103
488.5000	  1.5120
488.0000	  1.5124
487.5000	  1.5124
487.0000	  1.5126
486.5000	  1.5156
486.0000	  1.5140
485.5000	  1.5169
485.0000	  1.5142
484.5000	  1.5158
484.0000	  1.5158
483.5000	  1.5206
483.0000	  1.5160
482.5000	  1.5197
482.0000	  1.5208
481.5000	  1.5211
481.0000	  1.5225
480.5000	  1.5236
480.0000	  1.5257
479.5000	  1.5241
479.0000	  1.5257
478.5000	  1.5242
478.0000	  1.5280
477.5000	  1.5265
477.0000	  1.5323
476.5000	  1.5293
476.0000	  1.5344
475.5000	  1.5326
475.0000	  1.5340
474.5000	  1.5368
474.0000	  1.5369
473.5000	  1.5381
473.0000	  1.5395
472.5000	  1.5448
472.0000	  1.5429
471.5000	  1.5472
471.0000	  1.5482
470.5000	  1.5488
470.0000	  1.5516
469.5000	  1.5516
469.0000	  1.5546
468.5000	  1.5550
468.0000	  1.5590
467.5000	  1.5588
467.0000	  1.5631
466.5000	  1.5647
466.0000	  1.5685
465.5000	  1.5681
465.0000	  1.5731
464.5000	  1.5729
464.0000	  1.5748
463.5000	  1.5778
463.0000	  1.5792
462.5000	  1.5816
462.0000	  1.5856
461.5000	  1.5882
461.0000	  1.5869
460.5000	  1.5907
460.0000	  1.5942
459.5000	  1.5970
459.0000	  1.5962
458.5000	  1.6001
458.0000	  1.6005
457.5000	  1.6018
457.0000	  1.6037
456.5000	  1.6018
456.0000	  1.6047
455.5000	  1.6035
455.0000	  1.6059
454.5000	  1.6010
454.0000	  1.6052
453.5000	  1.6002
453.0000	  1.5995
452.5000	  1.5964
452.0000	  1.6006
451.5000	  1.5939
451.0000	  1.5909
450.5000	  1.5891
450.0000	  1.5860
449.5000	  1.5868
449.0000	  1.5844
448.5000	  1.5840
448.0000	  1.5767
447.5000	  1.5781
447.0000	  1.5740
446.5000	  1.5742
446.0000	  1.5708
445.5000	  1.5705
445.0000	  1.5695
444.5000	  1.5676
444.0000	  1.5666
443.5000	  1.5638
443.0000	  1.5652
442.5000	  1.5642
442.0000	  1.5649
441.5000	  1.5612
441.0000	  1.5642
440.5000	  1.5605
440.0000	  1.5649
439.5000	  1.5585
439.0000	  1.5603
438.5000	  1.5614
438.0000	  1.5617
437.5000	  1.5604
437.0000	  1.5583
436.5000	  1.5610
436.0000	  1.5590
435.5000	  1.5610
435.0000	  1.5588
434.5000	  1.5615
434.0000	  1.5623
433.5000	  1.5640
433.0000	  1.5594
432.5000	  1.5622
432.0000	  1.5617
431.5000	  1.5633
431.0000	  1.5609
430.5000	  1.5631
430.0000	  1.5614
429.5000	  1.5628
429.0000	  1.5637
428.5000	  1.5645
428.0000	  1.5660
427.5000	  1.5621
427.0000	  1.5688
426.5000	  1.5685
426.0000	  1.5676
425.5000	  1.5693
425.0000	  1.5696
424.5000	  1.5694
424.0000	  1.5713
423.5000	  1.5734
423.0000	  1.5719
422.5000	  1.5753
422.0000	  1.5731
421.5000	  1.5776
421.0000	  1.5764
420.5000	  1.5814
420.0000	  1.5763
419.5000	  1.5775
419.0000	  1.5785
418.5000	  1.5809
418.0000	  1.5804
417.5000	  1.5838
417.0000	  1.5800
416.5000	  1.5809
416.0000	  1.5835
415.5000	  1.5846
415.0000	  1.5855
414.5000	  1.5873
414.0000	  1.5881
413.5000	  1.5878
413.0000	  1.5903
412.5000	  1.5860
412.0000	  1.5911
411.5000	  1.5900
411.0000	  1.5911
410.5000	  1.5923
410.0000	  1.5915
409.5000	  1.5920
409.0000	  1.5907
408.5000	  1.5959
408.0000	  1.5946
407.5000	  1.5973
407.0000	  1.5936
406.5000	  1.5952
406.0000	  1.5965
405.5000	  1.5978
405.0000	  1.5988
404.5000	  1.5977
404.0000	  1.6032
403.5000	  1.5990
403.0000	  1.6027
402.5000	  1.5999
402.0000	  1.6061
401.5000	  1.6018
401.0000	  1.6053
400.5000	  1.6040
400.0000	  1.6069
399.5000	  1.6048
399.0000	  1.6056
398.5000	  1.6073
398.0000	  1.6067
397.5000	  1.6095
397.0000	  1.6101
396.5000	  1.6108
396.0000	  1.6119
395.5000	  1.6132
395.0000	  1.6153
394.5000	  1.6169
394.0000	  1.6123
393.5000	  1.6163
393.0000	  1.6161
392.5000	  1.6188
392.0000	  1.6198
391.5000	  1.6151
391.0000	  1.6238
390.5000	  1.6224
390.0000	  1.6251
389.5000	  1.6240
389.0000	  1.6299
388.5000	  1.6318
388.0000	  1.6349
387.5000	  1.6325
387.0000	  1.6340
386.5000	  1.6367
386.0000	  1.6417
385.5000	  1.6404
385.0000	  1.6450
384.5000	  1.6427
384.0000	  1.6457
383.5000	  1.6527
383.0000	  1.6501
382.5000	  1.6509
382.0000	  1.6506
381.5000	  1.6557
381.0000	  1.6515
380.5000	  1.6556
380.0000	  1.6598
379.5000	  1.6618
379.0000	  1.6563
378.5000	  1.6610
378.0000	  1.6639
377.5000	  1.6581
377.0000	  1.6662
376.5000	  1.6583
376.0000	  1.6641
375.5000	  1.6646
375.0000	  1.6747
374.5000	  1.6688
374.0000	  1.6694
373.5000	  1.6744
373.0000	  1.6749
372.5000	  1.6713
372.0000	  1.6735
371.5000	  1.6761
371.0000	  1.6804
370.5000	  1.6732
370.0000	  1.6818
369.5000	  1.6772
369.0000	  1.6859
368.5000	  1.6838
368.0000	  1.6819
367.5000	  1.6835
367.0000	  1.6844
366.5000	  1.6814
366.0000	  1.6879
365.5000	  1.6867
365.0000	  1.6886
364.5000	  1.6930
364.0000	  1.6897
363.5000	  1.6988
363.0000	  1.6945
362.5000	  1.6912
362.0000	  1.6919
361.5000	  1.6940
361.0000	  1.6965
360.5000	  1.6995
360.0000	  1.6996
359.5000	  1.7010
359.0000	  1.7083
358.5000	  1.7092
358.0000	  1.7088
357.5000	  1.7070
357.0000	  1.7086
356.5000	  1.7093
356.0000	  1.7101
355.5000	  1.7110
355.0000	  1.7171
354.5000	  1.7180
354.0000	  1.7129
353.5000	  1.7122
353.0000	  1.7200
352.5000	  1.7199
352.0000	  1.7226
351.5000	  1.7282
351.0000	  1.7193
350.5000	  1.7235
350.0000	  1.7237
