30/05/2023 17.19.18
30/05/2023 17.26.39

900.0000	157.1700

900.0000	157.1700

900.0000	143.5500



  1.0000
900.0000
  3.0000
340.0000
  1.0000
1101.0000
  5.0000
  6.0000
  1.0000
  1.0000
  0.0000
  0.0000
100.0000
  0.0000
  1.0000
  0.0000
500.0000
900.0000
350.0000
  4.0000
  1.0000
 18.0000
  2.0000
  1.0000
255.0000
  0.6248
  1.0000
 30.0000
  4.0000
500.0000
  0.0000
  0.0000
  4.0000
900.0000
350.0000
  0.0000
100.0000
  0.0000
  1.0000
  0.0000
500.0000
  1.0000
  1.0000
  1.0000
  1.0000
  4.0000
  0.0000
  1.0000
  1.0000
  1.0000
  1.0000
  1.0000
  2.0000
  1.0000
  1.0000
  1.0000
  3.0000
  1.0000
  1.0000
  1.0000
  4.0000
  5.0000
440.573
0.000
900.0000	  1.5368
899.5000	  1.6022
899.0000	  1.5925
898.5000	  1.5816
898.0000	  1.5129
897.5000	  1.5287
897.0000	  1.5111
896.5000	  1.5076
896.0000	  1.4842
895.5000	  1.5492
895.0000	  1.5216
894.5000	  1.5726
894.0000	  1.5078
893.5000	  1.5987
893.0000	  1.5386
892.5000	  1.4890
892.0000	  1.5550
891.5000	  1.5928
891.0000	  1.6014
890.5000	  1.5441
890.0000	  1.5321
889.5000	  1.5679
889.0000	  1.5227
888.5000	  1.5510
888.0000	  1.5297
887.5000	  1.4987
887.0000	  1.5250
886.5000	  1.5167
886.0000	  1.5168
885.5000	  1.5183
885.0000	  1.5313
884.5000	  1.5349
884.0000	  1.5435
883.5000	  1.5189
883.0000	  1.5418
882.5000	  1.5253
882.0000	  1.5451
881.5000	  1.5463
881.0000	  1.5265
880.5000	  1.5631
880.0000	  1.5560
879.5000	  1.5214
879.0000	  1.5594
878.5000	  1.5332
878.0000	  1.5355
877.5000	  1.5067
877.0000	  1.5435
876.5000	  1.5285
876.0000	  1.5391
875.5000	  1.5456
875.0000	  1.5330
874.5000	  1.5467
874.0000	  1.5308
873.5000	  1.5426
873.0000	  1.5398
872.5000	  1.5461
872.0000	  1.5430
871.5000	  1.5239
871.0000	  1.5470
870.5000	  1.5490
870.0000	  1.5391
869.5000	  1.5381
869.0000	  1.5450
868.5000	  1.5377
868.0000	  1.5223
867.5000	  1.5286
867.0000	  1.5318
866.5000	  1.5498
866.0000	  1.5333
865.5000	  1.5412
865.0000	  1.5452
864.5000	  1.5460
864.0000	  1.5387
863.5000	  1.5393
863.0000	  1.5418
862.5000	  1.5365
862.0000	  1.5374
861.5000	  1.5520
861.0000	  1.5466
860.5000	  1.5502
860.0000	  1.5511
859.5000	  1.5597
859.0000	  1.5504
858.5000	  1.5495
858.0000	  1.5493
857.5000	  1.5535
857.0000	  1.5463
856.5000	  1.5519
856.0000	  1.5497
855.5000	  1.5495
855.0000	  1.5512
854.5000	  1.5532
854.0000	  1.5574
853.5000	  1.5497
853.0000	  1.5536
852.5000	  1.5551
852.0000	  1.5582
851.5000	  1.5598
851.0000	  1.5581
850.5000	  1.5547
850.0000	  1.5574
849.5000	  1.5530
849.0000	  1.5584
848.5000	  1.5611
848.0000	  1.5617
847.5000	  1.5567
847.0000	  1.5581
846.5000	  1.5643
846.0000	  1.5619
845.5000	  1.5669
845.0000	  1.5573
844.5000	  1.5616
844.0000	  1.5633
843.5000	  1.5648
843.0000	  1.5621
842.5000	  1.5628
842.0000	  1.5625
841.5000	  1.5616
841.0000	  1.5601
840.5000	  1.5655
840.0000	  1.5622
839.5000	  1.5640
839.0000	  1.5662
838.5000	  1.5656
838.0000	  1.5647
837.5000	  1.5667
837.0000	  1.5666
836.5000	  1.5658
836.0000	  1.5634
835.5000	  1.5640
835.0000	  1.5651
834.5000	  1.5645
834.0000	  1.5643
833.5000	  1.5637
833.0000	  1.5677
832.5000	  1.5667
832.0000	  1.5644
831.5000	  1.5665
831.0000	  1.5651
830.5000	  1.5674
830.0000	  1.5648
829.5000	  1.5667
829.0000	  1.5648
828.5000	  1.5682
828.0000	  1.5653
827.5000	  1.5673
827.0000	  1.5681
826.5000	  1.5690
826.0000	  1.5611
825.5000	  1.5674
825.0000	  1.5646
824.5000	  1.5679
824.0000	  1.5651
823.5000	  1.5685
823.0000	  1.5674
822.5000	  1.5668
822.0000	  1.5691
821.5000	  1.5676
821.0000	  1.5668
820.5000	  1.5663
820.0000	  1.5678
819.5000	  1.5660
819.0000	  1.5655
818.5000	  1.5680
818.0000	  1.5676
817.5000	  1.5678
817.0000	  1.5698
816.5000	  1.5693
816.0000	  1.5730
815.5000	  1.5683
815.0000	  1.5704
814.5000	  1.5712
814.0000	  1.5730
813.5000	  1.5698
813.0000	  1.5719
812.5000	  1.5681
812.0000	  1.5703
811.5000	  1.5702
811.0000	  1.5705
810.5000	  1.5696
810.0000	  1.5696
809.5000	  1.5739
809.0000	  1.5713
808.5000	  1.5708
808.0000	  1.5744
807.5000	  1.5749
807.0000	  1.5726
806.5000	  1.5744
806.0000	  1.5756
805.5000	  1.5747
805.0000	  1.5726
804.5000	  1.5753
804.0000	  1.5743
803.5000	  1.5763
803.0000	  1.5745
802.5000	  1.5748
802.0000	  1.5744
801.5000	  1.5772
801.0000	  1.5795
800.5000	  1.5735
800.0000	  1.5764
799.5000	  1.5776
799.0000	  1.5805
798.5000	  1.5745
798.0000	  1.5783
797.5000	  1.5814
797.0000	  1.5778
796.5000	  1.5783
796.0000	  1.5770
795.5000	  1.5788
795.0000	  1.5796
794.5000	  1.5812
794.0000	  1.5782
793.5000	  1.5792
793.0000	  1.5806
792.5000	  1.5798
792.0000	  1.5778
791.5000	  1.5823
791.0000	  1.5819
790.5000	  1.5836
790.0000	  1.5819
789.5000	  1.5834
789.0000	  1.5827
788.5000	  1.5835
788.0000	  1.5823
787.5000	  1.5853
787.0000	  1.5824
786.5000	  1.5842
786.0000	  1.5875
785.5000	  1.5811
785.0000	  1.5852
784.5000	  1.5866
784.0000	  1.5879
783.5000	  1.5841
783.0000	  1.5883
782.5000	  1.5876
782.0000	  1.5843
781.5000	  1.5852
781.0000	  1.5857
780.5000	  1.5871
780.0000	  1.5891
779.5000	  1.5895
779.0000	  1.5885
778.5000	  1.5870
778.0000	  1.5900
777.5000	  1.5878
777.0000	  1.5873
776.5000	  1.5876
776.0000	  1.5903
775.5000	  1.5895
775.0000	  1.5905
774.5000	  1.5886
774.0000	  1.5899
773.5000	  1.5886
773.0000	  1.5926
772.5000	  1.5912
772.0000	  1.5902
771.5000	  1.5911
771.0000	  1.5919
770.5000	  1.5900
770.0000	  1.5932
769.5000	  1.5924
769.0000	  1.5944
768.5000	  1.5925
768.0000	  1.5922
767.5000	  1.5913
767.0000	  1.5936
766.5000	  1.5941
766.0000	  1.5940
765.5000	  1.5919
765.0000	  1.5943
764.5000	  1.5949
764.0000	  1.5960
763.5000	  1.5950
763.0000	  1.5930
762.5000	  1.5990
762.0000	  1.5965
761.5000	  1.5975
761.0000	  1.5962
760.5000	  1.5962
760.0000	  1.5983
759.5000	  1.5957
759.0000	  1.5982
758.5000	  1.5964
758.0000	  1.6003
757.5000	  1.5967
757.0000	  1.5986
756.5000	  1.5984
756.0000	  1.5978
755.5000	  1.5995
755.0000	  1.5991
754.5000	  1.5987
754.0000	  1.5984
753.5000	  1.6013
753.0000	  1.5991
752.5000	  1.6015
752.0000	  1.6004
751.5000	  1.6011
751.0000	  1.5987
750.5000	  1.6009
750.0000	  1.6008
749.5000	  1.6015
749.0000	  1.6030
748.5000	  1.6022
748.0000	  1.6020
747.5000	  1.6018
747.0000	  1.6043
746.5000	  1.6023
746.0000	  1.6019
745.5000	  1.6024
745.0000	  1.6065
744.5000	  1.6046
744.0000	  1.6035
743.5000	  1.6029
743.0000	  1.6048
742.5000	  1.6038
742.0000	  1.6031
741.5000	  1.6059
741.0000	  1.6066
740.5000	  1.6071
740.0000	  1.6059
739.5000	  1.6082
739.0000	  1.6088
738.5000	  1.6097
738.0000	  1.6087
737.5000	  1.6104
737.0000	  1.6109
736.5000	  1.6103
736.0000	  1.6099
735.5000	  1.6107
735.0000	  1.6108
734.5000	  1.6124
734.0000	  1.6150
733.5000	  1.6082
733.0000	  1.6149
732.5000	  1.6137
732.0000	  1.6158
731.5000	  1.6143
731.0000	  1.6190
730.5000	  1.6153
730.0000	  1.6198
729.5000	  1.6190
729.0000	  1.6183
728.5000	  1.6197
728.0000	  1.6238
727.5000	  1.6239
727.0000	  1.6222
726.5000	  1.6265
726.0000	  1.6281
725.5000	  1.6325
725.0000	  1.6295
724.5000	  1.6351
724.0000	  1.6352
723.5000	  1.6385
723.0000	  1.6403
722.5000	  1.6441
722.0000	  1.6446
721.5000	  1.6485
721.0000	  1.6562
720.5000	  1.6584
720.0000	  1.6618
719.5000	  1.6658
719.0000	  1.6721
718.5000	  1.6726
718.0000	  1.6809
717.5000	  1.6809
717.0000	  1.6820
716.5000	  1.6786
716.0000	  1.6836
715.5000	  1.6774
715.0000	  1.6758
714.5000	  1.6687
714.0000	  1.6647
713.5000	  1.6616
713.0000	  1.6559
712.5000	  1.6565
712.0000	  1.6458
711.5000	  1.6435
711.0000	  1.6401
710.5000	  1.6381
710.0000	  1.6323
709.5000	  1.6313
709.0000	  1.6319
708.5000	  1.6273
708.0000	  1.6294
707.5000	  1.6237
707.0000	  1.6247
706.5000	  1.6250
706.0000	  1.6244
705.5000	  1.6231
705.0000	  1.6235
704.5000	  1.6238
704.0000	  1.6238
703.5000	  1.6235
703.0000	  1.6225
702.5000	  1.6257
702.0000	  1.6223
701.5000	  1.6253
701.0000	  1.6242
700.5000	  1.6245
700.0000	  1.6268
699.5000	  1.6247
699.0000	  1.6251
698.5000	  1.6252
698.0000	  1.6239
697.5000	  1.6258
697.0000	  1.6266
696.5000	  1.6233
696.0000	  1.6270
695.5000	  1.6241
695.0000	  1.6288
694.5000	  1.6258
694.0000	  1.6275
693.5000	  1.6262
693.0000	  1.6265
692.5000	  1.6261
692.0000	  1.6264
691.5000	  1.6272
691.0000	  1.6277
690.5000	  1.6268
690.0000	  1.6253
689.5000	  1.6268
689.0000	  1.6287
688.5000	  1.6284
688.0000	  1.6258
687.5000	  1.6261
687.0000	  1.6271
686.5000	  1.6256
686.0000	  1.6274
685.5000	  1.6271
685.0000	  1.6275
684.5000	  1.6274
684.0000	  1.6301
683.5000	  1.6283
683.0000	  1.6277
682.5000	  1.6266
682.0000	  1.6291
681.5000	  1.6252
681.0000	  1.6285
680.5000	  1.6280
680.0000	  1.6293
679.5000	  1.6290
679.0000	  1.6279
678.5000	  1.6279
678.0000	  1.6285
677.5000	  1.6302
677.0000	  1.6285
676.5000	  1.6277
676.0000	  1.6310
675.5000	  1.6296
675.0000	  1.6282
674.5000	  1.6299
674.0000	  1.6266
673.5000	  1.6289
673.0000	  1.6301
672.5000	  1.6284
672.0000	  1.6301
671.5000	  1.6294
671.0000	  1.6306
670.5000	  1.6287
670.0000	  1.6316
669.5000	  1.6315
669.0000	  1.6323
668.5000	  1.6287
668.0000	  1.6313
667.5000	  1.6298
667.0000	  1.6319
666.5000	  1.6317
666.0000	  1.6291
665.5000	  1.6311
665.0000	  1.6320
664.5000	  1.6330
664.0000	  1.6279
663.5000	  1.6310
663.0000	  1.6317
662.5000	  1.6341
662.0000	  1.6303
661.5000	  1.6319
661.0000	  1.6305
660.5000	  1.6315
660.0000	  1.6312
659.5000	  1.6313
659.0000	  1.6306
658.5000	  1.6316
658.0000	  1.6311
657.5000	  1.6294
657.0000	  1.6314
656.5000	  1.6292
656.0000	  1.6319
655.5000	  1.6306
655.0000	  1.6338
654.5000	  1.6306
654.0000	  1.6327
653.5000	  1.6312
653.0000	  1.6324
652.5000	  1.6311
652.0000	  1.6316
651.5000	  1.6316
651.0000	  1.6291
650.5000	  1.6314
650.0000	  1.6334
649.5000	  1.6312
649.0000	  1.6292
648.5000	  1.6327
648.0000	  1.6312
647.5000	  1.6315
647.0000	  1.6304
646.5000	  1.6312
646.0000	  1.6315
645.5000	  1.6313
645.0000	  1.6321
644.5000	  1.6280
644.0000	  1.6305
643.5000	  1.6289
643.0000	  1.6300
642.5000	  1.6276
642.0000	  1.6290
641.5000	  1.6289
641.0000	  1.6289
640.5000	  1.6300
640.0000	  1.6289
639.5000	  1.6292
639.0000	  1.6287
638.5000	  1.6305
638.0000	  1.6262
637.5000	  1.6292
637.0000	  1.6275
636.5000	  1.6302
636.0000	  1.6264
635.5000	  1.6298
635.0000	  1.6281
634.5000	  1.6292
634.0000	  1.6289
633.5000	  1.6284
633.0000	  1.6284
632.5000	  1.6298
632.0000	  1.6329
631.5000	  1.6297
631.0000	  1.6322
630.5000	  1.6333
630.0000	  1.6363
629.5000	  1.6338
629.0000	  1.6368
628.5000	  1.6379
628.0000	  1.6402
627.5000	  1.6419
627.0000	  1.6424
626.5000	  1.6449
626.0000	  1.6470
625.5000	  1.6494
625.0000	  1.6492
624.5000	  1.6544
624.0000	  1.6562
623.5000	  1.6590
623.0000	  1.6576
622.5000	  1.6626
622.0000	  1.6613
621.5000	  1.6642
621.0000	  1.6649
620.5000	  1.6661
620.0000	  1.6671
619.5000	  1.6686
619.0000	  1.6713
618.5000	  1.6676
618.0000	  1.6725
617.5000	  1.6679
617.0000	  1.6710
616.5000	  1.6679
616.0000	  1.6686
615.5000	  1.6688
615.0000	  1.6696
614.5000	  1.6682
614.0000	  1.6665
613.5000	  1.6697
613.0000	  1.6679
612.5000	  1.6685
612.0000	  1.6661
611.5000	  1.6689
611.0000	  1.6678
610.5000	  1.6701
610.0000	  1.6699
609.5000	  1.6668
609.0000	  1.6692
608.5000	  1.6688
608.0000	  1.6711
607.5000	  1.6679
607.0000	  1.6702
606.5000	  1.6712
606.0000	  1.6719
605.5000	  1.6700
605.0000	  1.6712
604.5000	  1.6699
604.0000	  1.6733
603.5000	  1.6740
603.0000	  1.6692
602.5000	  1.6729
602.0000	  1.6723
601.5000	  1.6754
601.0000	  1.6712
600.5000	  1.6748
600.0000	  1.6742
599.5000	  1.6745
599.0000	  1.6727
598.5000	  1.6746
598.0000	  1.6745
597.5000	  1.6762
597.0000	  1.6752
596.5000	  1.6752
596.0000	  1.6755
595.5000	  1.6761
595.0000	  1.6783
594.5000	  1.6733
594.0000	  1.6769
593.5000	  1.6754
593.0000	  1.6789
592.5000	  1.6770
592.0000	  1.6781
591.5000	  1.6773
591.0000	  1.6788
590.5000	  1.6806
590.0000	  1.6774
589.5000	  1.6798
589.0000	  1.6788
588.5000	  1.6811
588.0000	  1.6787
587.5000	  1.6829
587.0000	  1.6801
586.5000	  1.6828
586.0000	  1.6800
585.5000	  1.6816
585.0000	  1.6828
584.5000	  1.6846
584.0000	  1.6833
583.5000	  1.6815
583.0000	  1.6825
582.5000	  1.6837
582.0000	  1.6858
581.5000	  1.6831
581.0000	  1.6841
580.5000	  1.6846
580.0000	  1.6860
579.5000	  1.6840
579.0000	  1.6873
578.5000	  1.6859
578.0000	  1.6867
577.5000	  1.6874
577.0000	  1.6859
576.5000	  1.6859
576.0000	  1.6857
575.5000	  1.6882
575.0000	  1.6861
574.5000	  1.6884
574.0000	  1.6877
573.5000	  1.6885
573.0000	  1.6859
572.5000	  1.6904
572.0000	  1.6888
571.5000	  1.6902
571.0000	  1.6900
570.5000	  1.6907
570.0000	  1.6898
569.5000	  1.6926
569.0000	  1.6933
568.5000	  1.6901
568.0000	  1.6910
567.5000	  1.6923
567.0000	  1.6933
566.5000	  1.6912
566.0000	  1.6942
565.5000	  1.6944
565.0000	  1.6936
564.5000	  1.6926
564.0000	  1.6940
563.5000	  1.6950
563.0000	  1.6966
562.5000	  1.6957
562.0000	  1.6958
561.5000	  1.6962
561.0000	  1.6971
560.5000	  1.6982
560.0000	  1.6943
559.5000	  1.6957
559.0000	  1.6964
558.5000	  1.6964
558.0000	  1.6936
557.5000	  1.6964
557.0000	  1.6958
556.5000	  1.6989
556.0000	  1.6949
555.5000	  1.6979
555.0000	  1.6981
554.5000	  1.6994
554.0000	  1.6954
553.5000	  1.6982
553.0000	  1.6981
552.5000	  1.6997
552.0000	  1.6977
551.5000	  1.6999
551.0000	  1.6992
550.5000	  1.6999
550.0000	  1.7016
549.5000	  1.6997
549.0000	  1.7016
548.5000	  1.7000
548.0000	  1.7025
547.5000	  1.6997
547.0000	  1.7048
546.5000	  1.7018
546.0000	  1.7019
545.5000	  1.7025
545.0000	  1.7039
544.5000	  1.7038
544.0000	  1.7045
543.5000	  1.7054
543.0000	  1.7037
542.5000	  1.7050
542.0000	  1.7044
541.5000	  1.7071
541.0000	  1.7037
540.5000	  1.7073
540.0000	  1.7074
539.5000	  1.7076
539.0000	  1.7043
538.5000	  1.7083
538.0000	  1.7069
537.5000	  1.7069
537.0000	  1.7073
536.5000	  1.7077
536.0000	  1.7093
535.5000	  1.7084
535.0000	  1.7096
534.5000	  1.7071
534.0000	  1.7094
533.5000	  1.7093
533.0000	  1.7091
532.5000	  1.7087
532.0000	  1.7117
531.5000	  1.7104
531.0000	  1.7119
530.5000	  1.7118
530.0000	  1.7101
529.5000	  1.7097
529.0000	  1.7119
528.5000	  1.7132
528.0000	  1.7100
527.5000	  1.7129
527.0000	  1.7114
526.5000	  1.7136
526.0000	  1.7126
525.5000	  1.7136
525.0000	  1.7142
524.5000	  1.7124
524.0000	  1.7154
523.5000	  1.7122
523.0000	  1.7141
522.5000	  1.7147
522.0000	  1.7153
521.5000	  1.7148
521.0000	  1.7163
520.5000	  1.7143
520.0000	  1.7150
519.5000	  1.7165
519.0000	  1.7133
518.5000	  1.7159
518.0000	  1.7158
517.5000	  1.7190
517.0000	  1.7131
516.5000	  1.7159
516.0000	  1.7141
515.5000	  1.7190
515.0000	  1.7177
514.5000	  1.7175
514.0000	  1.7191
513.5000	  1.7181
513.0000	  1.7205
512.5000	  1.7179
512.0000	  1.7204
511.5000	  1.7198
511.0000	  1.7226
510.5000	  1.7201
510.0000	  1.7224
509.5000	  1.7247
509.0000	  1.7247
508.5000	  1.7267
508.0000	  1.7242
507.5000	  1.7282
507.0000	  1.7268
506.5000	  1.7302
506.0000	  1.7290
505.5000	  1.7336
505.0000	  1.7326
504.5000	  1.7357
504.0000	  1.7371
503.5000	  1.7379
503.0000	  1.7399
502.5000	  1.7426
502.0000	  1.7457
501.5000	  1.7442
501.0000	  1.7488
500.5000	  1.7491
500.0000	  1.7504
499.5000	  1.7508
499.0000	  1.7530
498.5000	  1.7536
498.0000	  1.7543
497.5000	  1.7562
497.0000	  1.7567
496.5000	  1.7588
496.0000	  1.7586
495.5000	  1.7631
495.0000	  1.7601
494.5000	  1.7623
494.0000	  1.7636
493.5000	  1.7649
493.0000	  1.7667
492.5000	  1.7666
492.0000	  1.7657
491.5000	  1.7671
491.0000	  1.7710
490.5000	  1.7662
490.0000	  1.7699
489.5000	  1.7697
489.0000	  1.7722
488.5000	  1.7705
488.0000	  1.7714
487.5000	  1.7691
487.0000	  1.7697
486.5000	  1.7707
486.0000	  1.7696
485.5000	  1.7731
485.0000	  1.7729
484.5000	  1.7748
484.0000	  1.7729
483.5000	  1.7757
483.0000	  1.7752
482.5000	  1.7781
482.0000	  1.7778
481.5000	  1.7763
481.0000	  1.7798
480.5000	  1.7811
480.0000	  1.7815
479.5000	  1.7810
479.0000	  1.7829
478.5000	  1.7815
478.0000	  1.7839
477.5000	  1.7840
477.0000	  1.7873
476.5000	  1.7863
476.0000	  1.7886
475.5000	  1.7890
475.0000	  1.7901
474.5000	  1.7904
474.0000	  1.7910
473.5000	  1.7921
473.0000	  1.7926
472.5000	  1.7955
472.0000	  1.7977
471.5000	  1.7979
471.0000	  1.7968
470.5000	  1.8015
470.0000	  1.8028
469.5000	  1.8032
469.0000	  1.8073
468.5000	  1.8082
468.0000	  1.8099
467.5000	  1.8116
467.0000	  1.8143
466.5000	  1.8122
466.0000	  1.8175
465.5000	  1.8194
465.0000	  1.8252
464.5000	  1.8218
464.0000	  1.8285
463.5000	  1.8307
463.0000	  1.8335
462.5000	  1.8350
462.0000	  1.8365
461.5000	  1.8389
461.0000	  1.8409
460.5000	  1.8442
460.0000	  1.8462
459.5000	  1.8490
459.0000	  1.8541
458.5000	  1.8588
458.0000	  1.8564
457.5000	  1.8630
457.0000	  1.8611
456.5000	  1.8638
456.0000	  1.8645
455.5000	  1.8662
455.0000	  1.8665
454.5000	  1.8735
454.0000	  1.8705
453.5000	  1.8691
453.0000	  1.8691
452.5000	  1.8684
452.0000	  1.8688
451.5000	  1.8654
451.0000	  1.8638
450.5000	  1.8616
450.0000	  1.8591
449.5000	  1.8582
449.0000	  1.8553
448.5000	  1.8565
448.0000	  1.8507
447.5000	  1.8512
447.0000	  1.8454
446.5000	  1.8460
446.0000	  1.8412
445.5000	  1.8436
445.0000	  1.8387
444.5000	  1.8379
444.0000	  1.8357
443.5000	  1.8371
443.0000	  1.8338
442.5000	  1.8337
442.0000	  1.8318
441.5000	  1.8294
441.0000	  1.8320
440.5000	  1.8299
440.0000	  1.8308
439.5000	  1.8288
439.0000	  1.8306
438.5000	  1.8269
438.0000	  1.8282
437.5000	  1.8277
437.0000	  1.8286
436.5000	  1.8282
436.0000	  1.8296
435.5000	  1.8291
435.0000	  1.8305
434.5000	  1.8310
434.0000	  1.8290
433.5000	  1.8308
433.0000	  1.8293
432.5000	  1.8294
432.0000	  1.8268
431.5000	  1.8321
431.0000	  1.8309
430.5000	  1.8309
430.0000	  1.8308
429.5000	  1.8301
429.0000	  1.8305
428.5000	  1.8309
428.0000	  1.8310
427.5000	  1.8318
427.0000	  1.8327
426.5000	  1.8373
426.0000	  1.8359
425.5000	  1.8339
425.0000	  1.8397
424.5000	  1.8373
424.0000	  1.8425
423.5000	  1.8401
423.0000	  1.8437
422.5000	  1.8404
422.0000	  1.8441
421.5000	  1.8453
421.0000	  1.8452
420.5000	  1.8442
420.0000	  1.8469
419.5000	  1.8492
419.0000	  1.8468
418.5000	  1.8480
418.0000	  1.8460
417.5000	  1.8525
417.0000	  1.8481
416.5000	  1.8525
416.0000	  1.8508
415.5000	  1.8494
415.0000	  1.8531
414.5000	  1.8533
414.0000	  1.8556
413.5000	  1.8540
413.0000	  1.8585
412.5000	  1.8542
412.0000	  1.8621
411.5000	  1.8569
411.0000	  1.8604
410.5000	  1.8555
410.0000	  1.8620
409.5000	  1.8586
409.0000	  1.8605
408.5000	  1.8564
408.0000	  1.8666
407.5000	  1.8653
407.0000	  1.8667
406.5000	  1.8642
406.0000	  1.8656
405.5000	  1.8651
405.0000	  1.8675
404.5000	  1.8723
404.0000	  1.8671
403.5000	  1.8727
403.0000	  1.8707
402.5000	  1.8740
402.0000	  1.8687
401.5000	  1.8732
401.0000	  1.8727
400.5000	  1.8769
400.0000	  1.8762
399.5000	  1.8776
399.0000	  1.8773
398.5000	  1.8787
398.0000	  1.8821
397.5000	  1.8764
397.0000	  1.8808
396.5000	  1.8810
396.0000	  1.8839
395.5000	  1.8794
395.0000	  1.8829
394.5000	  1.8855
394.0000	  1.8859
393.5000	  1.8906
393.0000	  1.8853
392.5000	  1.8899
392.0000	  1.8893
391.5000	  1.8984
391.0000	  1.8942
390.5000	  1.9004
390.0000	  1.8934
389.5000	  1.8995
389.0000	  1.8948
388.5000	  1.8998
388.0000	  1.9007
387.5000	  1.9028
387.0000	  1.9086
386.5000	  1.9105
386.0000	  1.9094
385.5000	  1.9147
385.0000	  1.9130
384.5000	  1.9133
384.0000	  1.9220
383.5000	  1.9134
383.0000	  1.9176
382.5000	  1.9169
382.0000	  1.9205
381.5000	  1.9229
381.0000	  1.9253
380.5000	  1.9262
380.0000	  1.9274
379.5000	  1.9254
379.0000	  1.9274
378.5000	  1.9316
378.0000	  1.9309
377.5000	  1.9313
377.0000	  1.9314
376.5000	  1.9371
376.0000	  1.9385
375.5000	  1.9309
375.0000	  1.9417
374.5000	  1.9392
374.0000	  1.9394
373.5000	  1.9395
373.0000	  1.9404
372.5000	  1.9453
372.0000	  1.9413
371.5000	  1.9512
371.0000	  1.9457
370.5000	  1.9450
370.0000	  1.9437
369.5000	  1.9538
369.0000	  1.9483
368.5000	  1.9524
368.0000	  1.9532
367.5000	  1.9528
367.0000	  1.9566
366.5000	  1.9533
366.0000	  1.9568
365.5000	  1.9582
365.0000	  1.9648
364.5000	  1.9601
364.0000	  1.9699
363.5000	  1.9614
363.0000	  1.9698
362.5000	  1.9653
362.0000	  1.9681
361.5000	  1.9698
361.0000	  1.9698
360.5000	  1.9704
360.0000	  1.9720
359.5000	  1.9688
359.0000	  1.9796
358.5000	  1.9753
358.0000	  1.9722
357.5000	  1.9762
357.0000	  1.9826
356.5000	  1.9819
356.0000	  1.9811
355.5000	  1.9873
355.0000	  1.9877
354.5000	  1.9836
354.0000	  1.9842
353.5000	  1.9946
353.0000	  1.9870
352.5000	  1.9961
352.0000	  1.9941
351.5000	  1.9978
351.0000	  1.9949
350.5000	  2.0036
350.0000	  1.9976
