30/05/2023 15.42.31
30/05/2023 15.49.52

900.0000	130.4100

900.0000	130.4100

900.0000	138.9400



  1.0000
900.0000
  3.0000
340.0000
  1.0000
1101.0000
  5.0000
  6.0000
  1.0000
  1.0000
  0.0000
  0.0000
100.0000
  0.0000
  1.0000
  0.0000
500.0000
900.0000
350.0000
  4.0000
  1.0000
 18.0000
  2.0000
  1.0000
255.0000
  0.6248
  1.0000
 30.0000
  4.0000
500.0000
  0.0000
  0.0000
  4.0000
900.0000
350.0000
  0.0000
100.0000
  0.0000
  1.0000
  0.0000
500.0000
  1.0000
  1.0000
  1.0000
  1.0000
  4.0000
  0.0000
  1.0000
  1.0000
  1.0000
  1.0000
  1.0000
  2.0000
  1.0000
  1.0000
  1.0000
  3.0000
  1.0000
  1.0000
  1.0000
  4.0000
  5.0000
440.639
0.000
900.0000	  1.2646
899.5000	  1.3958
899.0000	  1.4969
898.5000	  1.4019
898.0000	  1.5282
897.5000	  1.4365
897.0000	  1.4393
896.5000	  1.4539
896.0000	  1.3315
895.5000	  1.3588
895.0000	  1.4000
894.5000	  1.4187
894.0000	  1.5101
893.5000	  1.3283
893.0000	  1.4019
892.5000	  1.3235
892.0000	  1.5098
891.5000	  1.3989
891.0000	  1.3591
890.5000	  1.3986
890.0000	  1.4155
889.5000	  1.3922
889.0000	  1.3359
888.5000	  1.3387
888.0000	  1.4403
887.5000	  1.4227
887.0000	  1.3899
886.5000	  1.3633
886.0000	  1.4094
885.5000	  1.4087
885.0000	  1.4201
884.5000	  1.3858
884.0000	  1.3528
883.5000	  1.3858
883.0000	  1.3529
882.5000	  1.3816
882.0000	  1.3508
881.5000	  1.3830
881.0000	  1.3498
880.5000	  1.3671
880.0000	  1.3872
879.5000	  1.3654
879.0000	  1.3865
878.5000	  1.4095
878.0000	  1.3651
877.5000	  1.3691
877.0000	  1.3773
876.5000	  1.3811
876.0000	  1.3955
875.5000	  1.3457
875.0000	  1.3827
874.5000	  1.3488
874.0000	  1.3761
873.5000	  1.3604
873.0000	  1.3786
872.5000	  1.3626
872.0000	  1.3509
871.5000	  1.3822
871.0000	  1.3536
870.5000	  1.3458
870.0000	  1.3648
869.5000	  1.3604
869.0000	  1.3835
868.5000	  1.3744
868.0000	  1.3510
867.5000	  1.3660
867.0000	  1.3801
866.5000	  1.3641
866.0000	  1.3682
865.5000	  1.3673
865.0000	  1.3583
864.5000	  1.3643
864.0000	  1.3669
863.5000	  1.3598
863.0000	  1.3695
862.5000	  1.3619
862.0000	  1.3587
861.5000	  1.3629
861.0000	  1.3623
860.5000	  1.3669
860.0000	  1.3619
859.5000	  1.3673
859.0000	  1.3681
858.5000	  1.3556
858.0000	  1.3602
857.5000	  1.3685
857.0000	  1.3631
856.5000	  1.3671
856.0000	  1.3569
855.5000	  1.3625
855.0000	  1.3639
854.5000	  1.3627
854.0000	  1.3640
853.5000	  1.3683
853.0000	  1.3639
852.5000	  1.3673
852.0000	  1.3624
851.5000	  1.3637
851.0000	  1.3587
850.5000	  1.3704
850.0000	  1.3624
849.5000	  1.3594
849.0000	  1.3678
848.5000	  1.3676
848.0000	  1.3641
847.5000	  1.3707
847.0000	  1.3734
846.5000	  1.3680
846.0000	  1.3632
845.5000	  1.3636
845.0000	  1.3694
844.5000	  1.3670
844.0000	  1.3642
843.5000	  1.3667
843.0000	  1.3679
842.5000	  1.3650
842.0000	  1.3663
841.5000	  1.3621
841.0000	  1.3648
840.5000	  1.3639
840.0000	  1.3619
839.5000	  1.3659
839.0000	  1.3676
838.5000	  1.3660
838.0000	  1.3630
837.5000	  1.3632
837.0000	  1.3619
836.5000	  1.3631
836.0000	  1.3646
835.5000	  1.3628
835.0000	  1.3617
834.5000	  1.3609
834.0000	  1.3643
833.5000	  1.3616
833.0000	  1.3592
832.5000	  1.3600
832.0000	  1.3625
831.5000	  1.3575
831.0000	  1.3583
830.5000	  1.3609
830.0000	  1.3587
829.5000	  1.3588
829.0000	  1.3567
828.5000	  1.3554
828.0000	  1.3573
827.5000	  1.3570
827.0000	  1.3544
826.5000	  1.3568
826.0000	  1.3546
825.5000	  1.3590
825.0000	  1.3540
824.5000	  1.3526
824.0000	  1.3563
823.5000	  1.3571
823.0000	  1.3513
822.5000	  1.3528
822.0000	  1.3504
821.5000	  1.3508
821.0000	  1.3532
820.5000	  1.3523
820.0000	  1.3506
819.5000	  1.3497
819.0000	  1.3523
818.5000	  1.3493
818.0000	  1.3499
817.5000	  1.3487
817.0000	  1.3505
816.5000	  1.3488
816.0000	  1.3524
815.5000	  1.3493
815.0000	  1.3484
814.5000	  1.3478
814.0000	  1.3504
813.5000	  1.3483
813.0000	  1.3471
812.5000	  1.3482
812.0000	  1.3451
811.5000	  1.3452
811.0000	  1.3481
810.5000	  1.3453
810.0000	  1.3451
809.5000	  1.3450
809.0000	  1.3427
808.5000	  1.3438
808.0000	  1.3438
807.5000	  1.3433
807.0000	  1.3467
806.5000	  1.3412
806.0000	  1.3440
805.5000	  1.3423
805.0000	  1.3427
804.5000	  1.3436
804.0000	  1.3429
803.5000	  1.3412
803.0000	  1.3424
802.5000	  1.3407
802.0000	  1.3419
801.5000	  1.3398
801.0000	  1.3412
800.5000	  1.3368
800.0000	  1.3427
799.5000	  1.3408
799.0000	  1.3378
798.5000	  1.3383
798.0000	  1.3371
797.5000	  1.3403
797.0000	  1.3395
796.5000	  1.3380
796.0000	  1.3385
795.5000	  1.3384
795.0000	  1.3346
794.5000	  1.3352
794.0000	  1.3353
793.5000	  1.3353
793.0000	  1.3380
792.5000	  1.3355
792.0000	  1.3340
791.5000	  1.3352
791.0000	  1.3363
790.5000	  1.3325
790.0000	  1.3348
789.5000	  1.3325
789.0000	  1.3359
788.5000	  1.3307
788.0000	  1.3298
787.5000	  1.3338
787.0000	  1.3341
786.5000	  1.3281
786.0000	  1.3314
785.5000	  1.3320
785.0000	  1.3302
784.5000	  1.3303
784.0000	  1.3311
783.5000	  1.3276
783.0000	  1.3295
782.5000	  1.3314
782.0000	  1.3280
781.5000	  1.3283
781.0000	  1.3260
780.5000	  1.3286
780.0000	  1.3287
779.5000	  1.3271
779.0000	  1.3272
778.5000	  1.3274
778.0000	  1.3249
777.5000	  1.3266
777.0000	  1.3273
776.5000	  1.3228
776.0000	  1.3264
775.5000	  1.3240
775.0000	  1.3253
774.5000	  1.3231
774.0000	  1.3238
773.5000	  1.3205
773.0000	  1.3223
772.5000	  1.3182
772.0000	  1.3220
771.5000	  1.3199
771.0000	  1.3206
770.5000	  1.3225
770.0000	  1.3206
769.5000	  1.3184
769.0000	  1.3209
768.5000	  1.3174
768.0000	  1.3199
767.5000	  1.3203
767.0000	  1.3175
766.5000	  1.3199
766.0000	  1.3157
765.5000	  1.3170
765.0000	  1.3163
764.5000	  1.3164
764.0000	  1.3182
763.5000	  1.3154
763.0000	  1.3136
762.5000	  1.3171
762.0000	  1.3132
761.5000	  1.3149
761.0000	  1.3148
760.5000	  1.3122
760.0000	  1.3118
759.5000	  1.3114
759.0000	  1.3111
758.5000	  1.3111
758.0000	  1.3103
757.5000	  1.3132
757.0000	  1.3099
756.5000	  1.3087
756.0000	  1.3102
755.5000	  1.3095
755.0000	  1.3106
754.5000	  1.3097
754.0000	  1.3076
753.5000	  1.3097
753.0000	  1.3065
752.5000	  1.3066
752.0000	  1.3066
751.5000	  1.3053
751.0000	  1.3078
750.5000	  1.3061
750.0000	  1.3060
749.5000	  1.3048
749.0000	  1.3026
748.5000	  1.3056
748.0000	  1.3038
747.5000	  1.3035
747.0000	  1.3043
746.5000	  1.3012
746.0000	  1.3027
745.5000	  1.3005
745.0000	  1.3014
744.5000	  1.3026
744.0000	  1.3003
743.5000	  1.2987
743.0000	  1.2993
742.5000	  1.2980
742.0000	  1.3033
741.5000	  1.2958
741.0000	  1.2992
740.5000	  1.2997
740.0000	  1.2961
739.5000	  1.2982
739.0000	  1.2958
738.5000	  1.2969
738.0000	  1.2955
737.5000	  1.2957
737.0000	  1.2964
736.5000	  1.2932
736.0000	  1.2959
735.5000	  1.2964
735.0000	  1.2936
734.5000	  1.2953
734.0000	  1.2930
733.5000	  1.2960
733.0000	  1.2928
732.5000	  1.2926
732.0000	  1.2923
731.5000	  1.2924
731.0000	  1.2957
730.5000	  1.2905
730.0000	  1.2921
729.5000	  1.2928
729.0000	  1.2943
728.5000	  1.2921
728.0000	  1.2926
727.5000	  1.2948
727.0000	  1.2928
726.5000	  1.2935
726.0000	  1.2945
725.5000	  1.2939
725.0000	  1.2959
724.5000	  1.2937
724.0000	  1.2956
723.5000	  1.2968
723.0000	  1.2977
722.5000	  1.3009
722.0000	  1.2985
721.5000	  1.3035
721.0000	  1.3029
720.5000	  1.3077
720.0000	  1.3050
719.5000	  1.3091
719.0000	  1.3103
718.5000	  1.3126
718.0000	  1.3139
717.5000	  1.3097
717.0000	  1.3125
716.5000	  1.3104
716.0000	  1.3105
715.5000	  1.3054
715.0000	  1.3051
714.5000	  1.3019
714.0000	  1.2989
713.5000	  1.2918
713.0000	  1.2936
712.5000	  1.2897
712.0000	  1.2864
711.5000	  1.2844
711.0000	  1.2806
710.5000	  1.2766
710.0000	  1.2774
709.5000	  1.2756
709.0000	  1.2718
708.5000	  1.2709
708.0000	  1.2685
707.5000	  1.2698
707.0000	  1.2696
706.5000	  1.2658
706.0000	  1.2667
705.5000	  1.2685
705.0000	  1.2668
704.5000	  1.2642
704.0000	  1.2668
703.5000	  1.2647
703.0000	  1.2663
702.5000	  1.2628
702.0000	  1.2631
701.5000	  1.2605
701.0000	  1.2642
700.5000	  1.2628
700.0000	  1.2591
699.5000	  1.2592
699.0000	  1.2592
698.5000	  1.2621
698.0000	  1.2584
697.5000	  1.2588
697.0000	  1.2573
696.5000	  1.2590
696.0000	  1.2580
695.5000	  1.2537
695.0000	  1.2551
694.5000	  1.2551
694.0000	  1.2565
693.5000	  1.2526
693.0000	  1.2546
692.5000	  1.2523
692.0000	  1.2534
691.5000	  1.2505
691.0000	  1.2529
690.5000	  1.2506
690.0000	  1.2510
689.5000	  1.2493
689.0000	  1.2507
688.5000	  1.2490
688.0000	  1.2501
687.5000	  1.2483
687.0000	  1.2460
686.5000	  1.2477
686.0000	  1.2480
685.5000	  1.2461
685.0000	  1.2453
684.5000	  1.2477
684.0000	  1.2445
683.5000	  1.2432
683.0000	  1.2448
682.5000	  1.2447
682.0000	  1.2433
681.5000	  1.2426
681.0000	  1.2429
680.5000	  1.2425
680.0000	  1.2415
679.5000	  1.2424
679.0000	  1.2404
678.5000	  1.2418
678.0000	  1.2374
677.5000	  1.2385
677.0000	  1.2393
676.5000	  1.2397
676.0000	  1.2379
675.5000	  1.2391
675.0000	  1.2360
674.5000	  1.2381
674.0000	  1.2358
673.5000	  1.2374
673.0000	  1.2359
672.5000	  1.2347
672.0000	  1.2340
671.5000	  1.2338
671.0000	  1.2339
670.5000	  1.2327
670.0000	  1.2341
669.5000	  1.2313
669.0000	  1.2341
668.5000	  1.2310
668.0000	  1.2329
667.5000	  1.2333
667.0000	  1.2307
666.5000	  1.2299
666.0000	  1.2306
665.5000	  1.2321
665.0000	  1.2276
664.5000	  1.2302
664.0000	  1.2290
663.5000	  1.2294
663.0000	  1.2277
662.5000	  1.2274
662.0000	  1.2266
661.5000	  1.2273
661.0000	  1.2269
660.5000	  1.2250
660.0000	  1.2260
659.5000	  1.2251
659.0000	  1.2274
658.5000	  1.2241
658.0000	  1.2253
657.5000	  1.2239
657.0000	  1.2242
656.5000	  1.2231
656.0000	  1.2247
655.5000	  1.2247
655.0000	  1.2240
654.5000	  1.2226
654.0000	  1.2211
653.5000	  1.2211
653.0000	  1.2211
652.5000	  1.2223
652.0000	  1.2203
651.5000	  1.2208
651.0000	  1.2202
650.5000	  1.2203
650.0000	  1.2194
649.5000	  1.2199
649.0000	  1.2190
648.5000	  1.2200
648.0000	  1.2185
647.5000	  1.2163
647.0000	  1.2171
646.5000	  1.2170
646.0000	  1.2179
645.5000	  1.2153
645.0000	  1.2174
644.5000	  1.2167
644.0000	  1.2168
643.5000	  1.2159
643.0000	  1.2156
642.5000	  1.2152
642.0000	  1.2144
641.5000	  1.2155
641.0000	  1.2134
640.5000	  1.2142
640.0000	  1.2142
639.5000	  1.2144
639.0000	  1.2121
638.5000	  1.2147
638.0000	  1.2132
637.5000	  1.2139
637.0000	  1.2132
636.5000	  1.2132
636.0000	  1.2125
635.5000	  1.2133
635.0000	  1.2138
634.5000	  1.2110
634.0000	  1.2131
633.5000	  1.2133
633.0000	  1.2144
632.5000	  1.2120
632.0000	  1.2152
631.5000	  1.2145
631.0000	  1.2145
630.5000	  1.2148
630.0000	  1.2158
629.5000	  1.2166
629.0000	  1.2178
628.5000	  1.2204
628.0000	  1.2192
627.5000	  1.2223
627.0000	  1.2221
626.5000	  1.2241
626.0000	  1.2235
625.5000	  1.2270
625.0000	  1.2267
624.5000	  1.2290
624.0000	  1.2288
623.5000	  1.2284
623.0000	  1.2315
622.5000	  1.2346
622.0000	  1.2355
621.5000	  1.2319
621.0000	  1.2351
620.5000	  1.2354
620.0000	  1.2381
619.5000	  1.2341
619.0000	  1.2384
618.5000	  1.2382
618.0000	  1.2383
617.5000	  1.2375
617.0000	  1.2361
616.5000	  1.2377
616.0000	  1.2377
615.5000	  1.2389
615.0000	  1.2380
614.5000	  1.2383
614.0000	  1.2381
613.5000	  1.2407
613.0000	  1.2355
612.5000	  1.2382
612.0000	  1.2388
611.5000	  1.2386
611.0000	  1.2392
610.5000	  1.2411
610.0000	  1.2411
609.5000	  1.2395
609.0000	  1.2433
608.5000	  1.2412
608.0000	  1.2422
607.5000	  1.2400
607.0000	  1.2437
606.5000	  1.2424
606.0000	  1.2449
605.5000	  1.2442
605.0000	  1.2454
604.5000	  1.2444
604.0000	  1.2460
603.5000	  1.2486
603.0000	  1.2468
602.5000	  1.2481
602.0000	  1.2471
601.5000	  1.2484
601.0000	  1.2498
600.5000	  1.2527
600.0000	  1.2504
599.5000	  1.2532
599.0000	  1.2526
598.5000	  1.2546
598.0000	  1.2518
597.5000	  1.2539
597.0000	  1.2552
596.5000	  1.2549
596.0000	  1.2571
595.5000	  1.2543
595.0000	  1.2583
594.5000	  1.2582
594.0000	  1.2588
593.5000	  1.2571
593.0000	  1.2611
592.5000	  1.2600
592.0000	  1.2635
591.5000	  1.2621
591.0000	  1.2647
590.5000	  1.2642
590.0000	  1.2662
589.5000	  1.2682
589.0000	  1.2654
588.5000	  1.2670
588.0000	  1.2678
587.5000	  1.2696
587.0000	  1.2681
586.5000	  1.2714
586.0000	  1.2715
585.5000	  1.2739
585.0000	  1.2741
584.5000	  1.2740
584.0000	  1.2756
583.5000	  1.2769
583.0000	  1.2785
582.5000	  1.2776
582.0000	  1.2793
581.5000	  1.2790
581.0000	  1.2833
580.5000	  1.2794
580.0000	  1.2825
579.5000	  1.2830
579.0000	  1.2853
578.5000	  1.2846
578.0000	  1.2865
577.5000	  1.2868
577.0000	  1.2882
576.5000	  1.2901
576.0000	  1.2888
575.5000	  1.2923
575.0000	  1.2927
574.5000	  1.2939
574.0000	  1.2933
573.5000	  1.2967
573.0000	  1.2959
572.5000	  1.2975
572.0000	  1.2966
571.5000	  1.3020
571.0000	  1.3003
570.5000	  1.3024
570.0000	  1.3035
569.5000	  1.3024
569.0000	  1.3053
568.5000	  1.3046
568.0000	  1.3090
567.5000	  1.3052
567.0000	  1.3110
566.5000	  1.3096
566.0000	  1.3142
565.5000	  1.3137
565.0000	  1.3138
564.5000	  1.3155
564.0000	  1.3152
563.5000	  1.3195
563.0000	  1.3188
562.5000	  1.3205
562.0000	  1.3203
561.5000	  1.3231
561.0000	  1.3211
560.5000	  1.3247
560.0000	  1.3225
559.5000	  1.3247
559.0000	  1.3259
558.5000	  1.3269
558.0000	  1.3281
557.5000	  1.3284
557.0000	  1.3324
556.5000	  1.3310
556.0000	  1.3332
555.5000	  1.3345
555.0000	  1.3383
554.5000	  1.3360
554.0000	  1.3387
553.5000	  1.3394
553.0000	  1.3404
552.5000	  1.3428
552.0000	  1.3423
551.5000	  1.3446
551.0000	  1.3440
550.5000	  1.3486
550.0000	  1.3461
549.5000	  1.3522
549.0000	  1.3501
548.5000	  1.3535
548.0000	  1.3526
547.5000	  1.3557
547.0000	  1.3563
546.5000	  1.3577
546.0000	  1.3615
545.5000	  1.3582
545.0000	  1.3620
544.5000	  1.3616
544.0000	  1.3646
543.5000	  1.3627
543.0000	  1.3674
542.5000	  1.3660
542.0000	  1.3686
541.5000	  1.3710
541.0000	  1.3698
540.5000	  1.3722
540.0000	  1.3719
539.5000	  1.3780
539.0000	  1.3739
538.5000	  1.3786
538.0000	  1.3771
537.5000	  1.3807
537.0000	  1.3801
536.5000	  1.3816
536.0000	  1.3842
535.5000	  1.3843
535.0000	  1.3872
534.5000	  1.3855
534.0000	  1.3886
533.5000	  1.3892
533.0000	  1.3911
532.5000	  1.3913
532.0000	  1.3946
531.5000	  1.3949
531.0000	  1.3951
530.5000	  1.3966
530.0000	  1.3977
529.5000	  1.3995
529.0000	  1.3989
528.5000	  1.4053
528.0000	  1.4022
527.5000	  1.4050
527.0000	  1.4047
526.5000	  1.4074
526.0000	  1.4067
525.5000	  1.4099
525.0000	  1.4099
524.5000	  1.4113
524.0000	  1.4149
523.5000	  1.4119
523.0000	  1.4155
522.5000	  1.4156
522.0000	  1.4192
521.5000	  1.4179
521.0000	  1.4196
520.5000	  1.4205
520.0000	  1.4213
519.5000	  1.4243
519.0000	  1.4232
518.5000	  1.4253
518.0000	  1.4265
517.5000	  1.4295
517.0000	  1.4263
516.5000	  1.4304
516.0000	  1.4306
515.5000	  1.4326
515.0000	  1.4342
514.5000	  1.4353
514.0000	  1.4362
513.5000	  1.4372
513.0000	  1.4404
512.5000	  1.4374
512.0000	  1.4410
511.5000	  1.4427
511.0000	  1.4459
510.5000	  1.4449
510.0000	  1.4472
509.5000	  1.4472
509.0000	  1.4500
508.5000	  1.4530
508.0000	  1.4531
507.5000	  1.4545
507.0000	  1.4568
506.5000	  1.4618
506.0000	  1.4587
505.5000	  1.4632
505.0000	  1.4641
504.5000	  1.4677
504.0000	  1.4673
503.5000	  1.4700
503.0000	  1.4729
502.5000	  1.4746
502.0000	  1.4781
501.5000	  1.4766
501.0000	  1.4825
500.5000	  1.4818
500.0000	  1.4856
499.5000	  1.4854
499.0000	  1.4897
498.5000	  1.4898
498.0000	  1.4917
497.5000	  1.4934
497.0000	  1.4921
496.5000	  1.4966
496.0000	  1.4962
495.5000	  1.5011
495.0000	  1.4975
494.5000	  1.5020
494.0000	  1.5016
493.5000	  1.5055
493.0000	  1.5059
492.5000	  1.5063
492.0000	  1.5071
491.5000	  1.5075
491.0000	  1.5121
490.5000	  1.5090
490.0000	  1.5131
489.5000	  1.5110
489.0000	  1.5136
488.5000	  1.5134
488.0000	  1.5149
487.5000	  1.5148
487.0000	  1.5144
486.5000	  1.5167
486.0000	  1.5146
485.5000	  1.5183
485.0000	  1.5175
484.5000	  1.5218
484.0000	  1.5180
483.5000	  1.5224
483.0000	  1.5226
482.5000	  1.5222
482.0000	  1.5250
481.5000	  1.5213
481.0000	  1.5271
480.5000	  1.5254
480.0000	  1.5297
479.5000	  1.5279
479.0000	  1.5290
478.5000	  1.5299
478.0000	  1.5292
477.5000	  1.5327
477.0000	  1.5316
476.5000	  1.5336
476.0000	  1.5338
475.5000	  1.5355
475.0000	  1.5356
474.5000	  1.5396
474.0000	  1.5399
473.5000	  1.5416
473.0000	  1.5402
472.5000	  1.5411
472.0000	  1.5445
471.5000	  1.5459
471.0000	  1.5495
470.5000	  1.5463
470.0000	  1.5516
469.5000	  1.5494
469.0000	  1.5547
468.5000	  1.5506
468.0000	  1.5572
467.5000	  1.5575
467.0000	  1.5597
466.5000	  1.5630
466.0000	  1.5618
465.5000	  1.5662
465.0000	  1.5642
464.5000	  1.5725
464.0000	  1.5677
463.5000	  1.5722
463.0000	  1.5746
462.5000	  1.5794
462.0000	  1.5763
461.5000	  1.5800
461.0000	  1.5834
460.5000	  1.5838
460.0000	  1.5883
459.5000	  1.5885
459.0000	  1.5913
458.5000	  1.5915
458.0000	  1.5941
457.5000	  1.5955
457.0000	  1.5991
456.5000	  1.5978
456.0000	  1.6008
455.5000	  1.6010
455.0000	  1.5997
454.5000	  1.6016
454.0000	  1.5980
453.5000	  1.6029
453.0000	  1.5951
452.5000	  1.5977
452.0000	  1.5967
451.5000	  1.5973
451.0000	  1.5934
450.5000	  1.5906
450.0000	  1.5903
449.5000	  1.5885
449.0000	  1.5851
448.5000	  1.5802
448.0000	  1.5827
447.5000	  1.5800
447.0000	  1.5803
446.5000	  1.5750
446.0000	  1.5731
445.5000	  1.5719
445.0000	  1.5751
444.5000	  1.5727
444.0000	  1.5658
443.5000	  1.5694
443.0000	  1.5673
442.5000	  1.5654
442.0000	  1.5631
441.5000	  1.5656
441.0000	  1.5647
440.5000	  1.5645
440.0000	  1.5605
439.5000	  1.5631
439.0000	  1.5582
438.5000	  1.5596
438.0000	  1.5611
437.5000	  1.5585
437.0000	  1.5616
436.5000	  1.5595
436.0000	  1.5639
435.5000	  1.5612
435.0000	  1.5593
434.5000	  1.5594
434.0000	  1.5584
433.5000	  1.5609
433.0000	  1.5584
432.5000	  1.5634
432.0000	  1.5590
431.5000	  1.5620
431.0000	  1.5613
430.5000	  1.5617
430.0000	  1.5620
429.5000	  1.5620
429.0000	  1.5636
428.5000	  1.5607
428.0000	  1.5630
427.5000	  1.5615
427.0000	  1.5643
426.5000	  1.5625
426.0000	  1.5644
425.5000	  1.5629
425.0000	  1.5677
424.5000	  1.5656
424.0000	  1.5644
423.5000	  1.5683
423.0000	  1.5672
422.5000	  1.5690
422.0000	  1.5679
421.5000	  1.5716
421.0000	  1.5686
420.5000	  1.5733
420.0000	  1.5691
419.5000	  1.5739
419.0000	  1.5723
418.5000	  1.5729
418.0000	  1.5738
417.5000	  1.5704
417.0000	  1.5745
416.5000	  1.5745
416.0000	  1.5754
415.5000	  1.5750
415.0000	  1.5759
414.5000	  1.5750
414.0000	  1.5781
413.5000	  1.5771
413.0000	  1.5772
412.5000	  1.5781
412.0000	  1.5763
411.5000	  1.5819
411.0000	  1.5762
410.5000	  1.5781
410.0000	  1.5758
409.5000	  1.5800
409.0000	  1.5799
408.5000	  1.5803
408.0000	  1.5785
407.5000	  1.5789
407.0000	  1.5833
406.5000	  1.5788
406.0000	  1.5814
405.5000	  1.5796
405.0000	  1.5868
404.5000	  1.5834
404.0000	  1.5857
403.5000	  1.5813
403.0000	  1.5837
402.5000	  1.5814
402.0000	  1.5849
401.5000	  1.5856
401.0000	  1.5863
400.5000	  1.5869
400.0000	  1.5834
399.5000	  1.5883
399.0000	  1.5936
398.5000	  1.5937
398.0000	  1.5881
397.5000	  1.5907
397.0000	  1.5923
396.5000	  1.5893
396.0000	  1.5913
395.5000	  1.5860
395.0000	  1.5895
394.5000	  1.5915
394.0000	  1.5919
393.5000	  1.5934
393.0000	  1.6007
392.5000	  1.5981
392.0000	  1.5989
391.5000	  1.6007
391.0000	  1.6017
390.5000	  1.6003
390.0000	  1.5997
389.5000	  1.6054
389.0000	  1.5988
388.5000	  1.6060
388.0000	  1.6025
387.5000	  1.6090
387.0000	  1.6081
386.5000	  1.6162
386.0000	  1.6097
385.5000	  1.6128
385.0000	  1.6130
384.5000	  1.6081
384.0000	  1.6109
383.5000	  1.6146
383.0000	  1.6193
382.5000	  1.6131
382.0000	  1.6207
381.5000	  1.6194
381.0000	  1.6206
380.5000	  1.6183
380.0000	  1.6185
379.5000	  1.6192
379.0000	  1.6190
378.5000	  1.6261
378.0000	  1.6194
377.5000	  1.6250
377.0000	  1.6261
376.5000	  1.6251
376.0000	  1.6217
375.5000	  1.6301
375.0000	  1.6229
374.5000	  1.6284
374.0000	  1.6337
373.5000	  1.6345
373.0000	  1.6318
372.5000	  1.6278
372.0000	  1.6286
371.5000	  1.6268
371.0000	  1.6335
370.5000	  1.6327
370.0000	  1.6357
369.5000	  1.6371
369.0000	  1.6356
368.5000	  1.6371
368.0000	  1.6391
367.5000	  1.6357
367.0000	  1.6366
366.5000	  1.6402
366.0000	  1.6457
365.5000	  1.6425
365.0000	  1.6384
364.5000	  1.6459
364.0000	  1.6451
363.5000	  1.6467
363.0000	  1.6418
362.5000	  1.6416
362.0000	  1.6528
361.5000	  1.6507
361.0000	  1.6511
360.5000	  1.6532
360.0000	  1.6516
359.5000	  1.6519
359.0000	  1.6550
358.5000	  1.6537
358.0000	  1.6545
357.5000	  1.6598
357.0000	  1.6532
356.5000	  1.6598
356.0000	  1.6620
355.5000	  1.6558
355.0000	  1.6622
354.5000	  1.6605
354.0000	  1.6614
353.5000	  1.6734
353.0000	  1.6691
352.5000	  1.6782
352.0000	  1.6723
351.5000	  1.6696
351.0000	  1.6649
350.5000	  1.6778
350.0000	  1.6732
