30/05/2023 16.29.21
30/05/2023 16.36.42

900.0000	 74.2900

900.0000	 74.2900

900.0000	 74.2800



  1.0000
900.0000
  3.0000
340.0000
  1.0000
1101.0000
  5.0000
  6.0000
  1.0000
  1.0000
  0.0000
  0.0000
100.0000
  0.0000
  1.0000
  0.0000
500.0000
900.0000
350.0000
  4.0000
  1.0000
 18.0000
  2.0000
  1.0000
255.0000
  0.6248
  1.0000
 30.0000
  4.0000
500.0000
  0.0000
  0.0000
  4.0000
900.0000
350.0000
  0.0000
100.0000
  0.0000
  1.0000
  0.0000
500.0000
  1.0000
  1.0000
  1.0000
  1.0000
  4.0000
  0.0000
  1.0000
  1.0000
  1.0000
  1.0000
  1.0000
  2.0000
  1.0000
  1.0000
  1.0000
  3.0000
  1.0000
  1.0000
  1.0000
  4.0000
  5.0000
440.619
0.000
900.0000	  0.8995
899.5000	  0.7995
899.0000	  0.8162
898.5000	  0.7065
898.0000	  0.7635
897.5000	  0.7496
897.0000	  0.7019
896.5000	  0.7334
896.0000	  0.8507
895.5000	  0.7355
895.0000	  0.7032
894.5000	  0.7590
894.0000	  0.7411
893.5000	  0.8125
893.0000	  0.7925
892.5000	  0.7595
892.0000	  0.7515
891.5000	  0.7025
891.0000	  0.7635
890.5000	  0.7305
890.0000	  0.7735
889.5000	  0.7868
889.0000	  0.7668
888.5000	  0.7964
888.0000	  0.7606
887.5000	  0.7246
887.0000	  0.7235
886.5000	  0.7287
886.0000	  0.7827
885.5000	  0.7744
885.0000	  0.7660
884.5000	  0.7804
884.0000	  0.7316
883.5000	  0.7385
883.0000	  0.7430
882.5000	  0.7492
882.0000	  0.7356
881.5000	  0.7409
881.0000	  0.7372
880.5000	  0.7372
880.0000	  0.7620
879.5000	  0.7536
879.0000	  0.7329
878.5000	  0.7290
878.0000	  0.7400
877.5000	  0.7381
877.0000	  0.7278
876.5000	  0.7523
876.0000	  0.7381
875.5000	  0.7361
875.0000	  0.7290
874.5000	  0.7470
874.0000	  0.7364
873.5000	  0.7428
873.0000	  0.7363
872.5000	  0.7345
872.0000	  0.7392
871.5000	  0.7276
871.0000	  0.7295
870.5000	  0.7393
870.0000	  0.7316
869.5000	  0.7351
869.0000	  0.7352
868.5000	  0.7362
868.0000	  0.7286
867.5000	  0.7424
867.0000	  0.7377
866.5000	  0.7338
866.0000	  0.7303
865.5000	  0.7371
865.0000	  0.7394
864.5000	  0.7283
864.0000	  0.7371
863.5000	  0.7362
863.0000	  0.7290
862.5000	  0.7345
862.0000	  0.7316
861.5000	  0.7376
861.0000	  0.7339
860.5000	  0.7316
860.0000	  0.7331
859.5000	  0.7242
859.0000	  0.7308
858.5000	  0.7341
858.0000	  0.7358
857.5000	  0.7380
857.0000	  0.7314
856.5000	  0.7333
856.0000	  0.7315
855.5000	  0.7296
855.0000	  0.7330
854.5000	  0.7344
854.0000	  0.7348
853.5000	  0.7333
853.0000	  0.7369
852.5000	  0.7331
852.0000	  0.7338
851.5000	  0.7323
851.0000	  0.7323
850.5000	  0.7313
850.0000	  0.7290
849.5000	  0.7286
849.0000	  0.7336
848.5000	  0.7342
848.0000	  0.7288
847.5000	  0.7286
847.0000	  0.7313
846.5000	  0.7328
846.0000	  0.7266
845.5000	  0.7313
845.0000	  0.7287
844.5000	  0.7281
844.0000	  0.7297
843.5000	  0.7329
843.0000	  0.7300
842.5000	  0.7300
842.0000	  0.7297
841.5000	  0.7282
841.0000	  0.7278
840.5000	  0.7293
840.0000	  0.7260
839.5000	  0.7271
839.0000	  0.7268
838.5000	  0.7262
838.0000	  0.7262
837.5000	  0.7271
837.0000	  0.7238
836.5000	  0.7270
836.0000	  0.7271
835.5000	  0.7255
835.0000	  0.7247
834.5000	  0.7242
834.0000	  0.7249
833.5000	  0.7234
833.0000	  0.7229
832.5000	  0.7232
832.0000	  0.7232
831.5000	  0.7229
831.0000	  0.7224
830.5000	  0.7220
830.0000	  0.7211
829.5000	  0.7207
829.0000	  0.7195
828.5000	  0.7216
828.0000	  0.7205
827.5000	  0.7206
827.0000	  0.7205
826.5000	  0.7189
826.0000	  0.7188
825.5000	  0.7187
825.0000	  0.7161
824.5000	  0.7183
824.0000	  0.7194
823.5000	  0.7154
823.0000	  0.7178
822.5000	  0.7176
822.0000	  0.7181
821.5000	  0.7163
821.0000	  0.7171
820.5000	  0.7162
820.0000	  0.7167
819.5000	  0.7168
819.0000	  0.7141
818.5000	  0.7145
818.0000	  0.7161
817.5000	  0.7157
817.0000	  0.7143
816.5000	  0.7135
816.0000	  0.7130
815.5000	  0.7142
815.0000	  0.7137
814.5000	  0.7129
814.0000	  0.7119
813.5000	  0.7118
813.0000	  0.7131
812.5000	  0.7114
812.0000	  0.7123
811.5000	  0.7127
811.0000	  0.7116
810.5000	  0.7112
810.0000	  0.7132
809.5000	  0.7104
809.0000	  0.7122
808.5000	  0.7114
808.0000	  0.7102
807.5000	  0.7108
807.0000	  0.7109
806.5000	  0.7132
806.0000	  0.7101
805.5000	  0.7109
805.0000	  0.7091
804.5000	  0.7087
804.0000	  0.7098
803.5000	  0.7090
803.0000	  0.7101
802.5000	  0.7082
802.0000	  0.7104
801.5000	  0.7091
801.0000	  0.7100
800.5000	  0.7085
800.0000	  0.7089
799.5000	  0.7081
799.0000	  0.7087
798.5000	  0.7090
798.0000	  0.7092
797.5000	  0.7088
797.0000	  0.7087
796.5000	  0.7074
796.0000	  0.7085
795.5000	  0.7100
795.0000	  0.7085
794.5000	  0.7076
794.0000	  0.7069
793.5000	  0.7077
793.0000	  0.7088
792.5000	  0.7071
792.0000	  0.7064
791.5000	  0.7078
791.0000	  0.7080
790.5000	  0.7065
790.0000	  0.7088
789.5000	  0.7068
789.0000	  0.7071
788.5000	  0.7082
788.0000	  0.7056
787.5000	  0.7083
787.0000	  0.7078
786.5000	  0.7065
786.0000	  0.7059
785.5000	  0.7061
785.0000	  0.7074
784.5000	  0.7082
784.0000	  0.7058
783.5000	  0.7072
783.0000	  0.7073
782.5000	  0.7059
782.0000	  0.7071
781.5000	  0.7070
781.0000	  0.7054
780.5000	  0.7063
780.0000	  0.7064
779.5000	  0.7053
779.0000	  0.7077
778.5000	  0.7066
778.0000	  0.7067
777.5000	  0.7079
777.0000	  0.7067
776.5000	  0.7072
776.0000	  0.7075
775.5000	  0.7061
775.0000	  0.7083
774.5000	  0.7070
774.0000	  0.7065
773.5000	  0.7077
773.0000	  0.7070
772.5000	  0.7056
772.0000	  0.7091
771.5000	  0.7057
771.0000	  0.7066
770.5000	  0.7059
770.0000	  0.7064
769.5000	  0.7071
769.0000	  0.7078
768.5000	  0.7076
768.0000	  0.7075
767.5000	  0.7063
767.0000	  0.7063
766.5000	  0.7088
766.0000	  0.7071
765.5000	  0.7076
765.0000	  0.7085
764.5000	  0.7079
764.0000	  0.7083
763.5000	  0.7060
763.0000	  0.7081
762.5000	  0.7085
762.0000	  0.7078
761.5000	  0.7096
761.0000	  0.7086
760.5000	  0.7083
760.0000	  0.7088
759.5000	  0.7095
759.0000	  0.7087
758.5000	  0.7093
758.0000	  0.7093
757.5000	  0.7105
757.0000	  0.7098
756.5000	  0.7111
756.0000	  0.7093
755.5000	  0.7106
755.0000	  0.7092
754.5000	  0.7087
754.0000	  0.7101
753.5000	  0.7094
753.0000	  0.7103
752.5000	  0.7114
752.0000	  0.7124
751.5000	  0.7115
751.0000	  0.7108
750.5000	  0.7108
750.0000	  0.7112
749.5000	  0.7118
749.0000	  0.7118
748.5000	  0.7131
748.0000	  0.7128
747.5000	  0.7142
747.0000	  0.7131
746.5000	  0.7139
746.0000	  0.7138
745.5000	  0.7127
745.0000	  0.7153
744.5000	  0.7136
744.0000	  0.7156
743.5000	  0.7139
743.0000	  0.7141
742.5000	  0.7149
742.0000	  0.7162
741.5000	  0.7176
741.0000	  0.7162
740.5000	  0.7154
740.0000	  0.7171
739.5000	  0.7178
739.0000	  0.7185
738.5000	  0.7197
738.0000	  0.7195
737.5000	  0.7190
737.0000	  0.7185
736.5000	  0.7191
736.0000	  0.7206
735.5000	  0.7210
735.0000	  0.7218
734.5000	  0.7210
734.0000	  0.7230
733.5000	  0.7230
733.0000	  0.7232
732.5000	  0.7243
732.0000	  0.7230
731.5000	  0.7253
731.0000	  0.7251
730.5000	  0.7264
730.0000	  0.7282
729.5000	  0.7273
729.0000	  0.7308
728.5000	  0.7300
728.0000	  0.7295
727.5000	  0.7321
727.0000	  0.7333
726.5000	  0.7351
726.0000	  0.7343
725.5000	  0.7376
725.0000	  0.7368
724.5000	  0.7388
724.0000	  0.7414
723.5000	  0.7401
723.0000	  0.7434
722.5000	  0.7466
722.0000	  0.7490
721.5000	  0.7500
721.0000	  0.7523
720.5000	  0.7536
720.0000	  0.7571
719.5000	  0.7591
719.0000	  0.7594
718.5000	  0.7618
718.0000	  0.7612
717.5000	  0.7684
717.0000	  0.7647
716.5000	  0.7655
716.0000	  0.7649
715.5000	  0.7640
715.0000	  0.7639
714.5000	  0.7616
714.0000	  0.7596
713.5000	  0.7577
713.0000	  0.7570
712.5000	  0.7552
712.0000	  0.7529
711.5000	  0.7519
711.0000	  0.7511
710.5000	  0.7487
710.0000	  0.7491
709.5000	  0.7482
709.0000	  0.7471
708.5000	  0.7485
708.0000	  0.7471
707.5000	  0.7483
707.0000	  0.7480
706.5000	  0.7481
706.0000	  0.7489
705.5000	  0.7496
705.0000	  0.7511
704.5000	  0.7492
704.0000	  0.7518
703.5000	  0.7521
703.0000	  0.7536
702.5000	  0.7544
702.0000	  0.7558
701.5000	  0.7528
701.0000	  0.7560
700.5000	  0.7566
700.0000	  0.7571
699.5000	  0.7566
699.0000	  0.7581
698.5000	  0.7579
698.0000	  0.7605
697.5000	  0.7607
697.0000	  0.7601
696.5000	  0.7618
696.0000	  0.7623
695.5000	  0.7635
695.0000	  0.7637
694.5000	  0.7645
694.0000	  0.7657
693.5000	  0.7650
693.0000	  0.7669
692.5000	  0.7672
692.0000	  0.7686
691.5000	  0.7702
691.0000	  0.7699
690.5000	  0.7704
690.0000	  0.7705
689.5000	  0.7734
689.0000	  0.7730
688.5000	  0.7745
688.0000	  0.7750
687.5000	  0.7759
687.0000	  0.7764
686.5000	  0.7783
686.0000	  0.7783
685.5000	  0.7800
685.0000	  0.7808
684.5000	  0.7816
684.0000	  0.7813
683.5000	  0.7840
683.0000	  0.7836
682.5000	  0.7847
682.0000	  0.7846
681.5000	  0.7874
681.0000	  0.7877
680.5000	  0.7883
680.0000	  0.7903
679.5000	  0.7887
679.0000	  0.7922
678.5000	  0.7924
678.0000	  0.7947
677.5000	  0.7932
677.0000	  0.7979
676.5000	  0.7964
676.0000	  0.7983
675.5000	  0.7978
675.0000	  0.8004
674.5000	  0.8009
674.0000	  0.8025
673.5000	  0.8026
673.0000	  0.8041
672.5000	  0.8055
672.0000	  0.8065
671.5000	  0.8081
671.0000	  0.8087
670.5000	  0.8106
670.0000	  0.8110
669.5000	  0.8117
669.0000	  0.8134
668.5000	  0.8143
668.0000	  0.8156
667.5000	  0.8156
667.0000	  0.8179
666.5000	  0.8180
666.0000	  0.8201
665.5000	  0.8208
665.0000	  0.8225
664.5000	  0.8224
664.0000	  0.8252
663.5000	  0.8247
663.0000	  0.8278
662.5000	  0.8263
662.0000	  0.8295
661.5000	  0.8284
661.0000	  0.8316
660.5000	  0.8323
660.0000	  0.8338
659.5000	  0.8337
659.0000	  0.8368
658.5000	  0.8387
658.0000	  0.8384
657.5000	  0.8391
657.0000	  0.8401
656.5000	  0.8440
656.0000	  0.8432
655.5000	  0.8450
655.0000	  0.8459
654.5000	  0.8477
654.0000	  0.8486
653.5000	  0.8495
653.0000	  0.8506
652.5000	  0.8521
652.0000	  0.8547
651.5000	  0.8538
651.0000	  0.8572
650.5000	  0.8573
650.0000	  0.8597
649.5000	  0.8596
649.0000	  0.8615
648.5000	  0.8626
648.0000	  0.8639
647.5000	  0.8652
647.0000	  0.8655
646.5000	  0.8674
646.0000	  0.8698
645.5000	  0.8709
645.0000	  0.8713
644.5000	  0.8732
644.0000	  0.8747
643.5000	  0.8762
643.0000	  0.8763
642.5000	  0.8792
642.0000	  0.8808
641.5000	  0.8818
641.0000	  0.8825
640.5000	  0.8839
640.0000	  0.8852
639.5000	  0.8862
639.0000	  0.8887
638.5000	  0.8889
638.0000	  0.8907
637.5000	  0.8924
637.0000	  0.8937
636.5000	  0.8946
636.0000	  0.8972
635.5000	  0.8977
635.0000	  0.9005
634.5000	  0.8998
634.0000	  0.9027
633.5000	  0.9043
633.0000	  0.9057
632.5000	  0.9082
632.0000	  0.9096
631.5000	  0.9113
631.0000	  0.9137
630.5000	  0.9161
630.0000	  0.9174
629.5000	  0.9205
629.0000	  0.9218
628.5000	  0.9258
628.0000	  0.9264
627.5000	  0.9309
627.0000	  0.9324
626.5000	  0.9352
626.0000	  0.9369
625.5000	  0.9395
625.0000	  0.9425
624.5000	  0.9466
624.0000	  0.9481
623.5000	  0.9494
623.0000	  0.9534
622.5000	  0.9546
622.0000	  0.9573
621.5000	  0.9576
621.0000	  0.9627
620.5000	  0.9623
620.0000	  0.9663
619.5000	  0.9670
619.0000	  0.9692
618.5000	  0.9716
618.0000	  0.9708
617.5000	  0.9745
617.0000	  0.9752
616.5000	  0.9762
616.0000	  0.9778
615.5000	  0.9794
615.0000	  0.9808
614.5000	  0.9823
614.0000	  0.9839
613.5000	  0.9859
613.0000	  0.9876
612.5000	  0.9889
612.0000	  0.9906
611.5000	  0.9930
611.0000	  0.9953
610.5000	  0.9955
610.0000	  0.9969
609.5000	  0.9989
609.0000	  1.0014
608.5000	  1.0012
608.0000	  1.0048
607.5000	  1.0048
607.0000	  1.0089
606.5000	  1.0112
606.0000	  1.0121
605.5000	  1.0142
605.0000	  1.0160
604.5000	  1.0177
604.0000	  1.0183
603.5000	  1.0199
603.0000	  1.0226
602.5000	  1.0253
602.0000	  1.0251
601.5000	  1.0272
601.0000	  1.0299
600.5000	  1.0315
600.0000	  1.0333
599.5000	  1.0337
599.0000	  1.0356
598.5000	  1.0395
598.0000	  1.0397
597.5000	  1.0406
597.0000	  1.0432
596.5000	  1.0451
596.0000	  1.0480
595.5000	  1.0477
595.0000	  1.0506
594.5000	  1.0524
594.0000	  1.0541
593.5000	  1.0551
593.0000	  1.0580
592.5000	  1.0590
592.0000	  1.0617
591.5000	  1.0640
591.0000	  1.0632
590.5000	  1.0666
590.0000	  1.0679
589.5000	  1.0707
589.0000	  1.0712
588.5000	  1.0741
588.0000	  1.0744
587.5000	  1.0785
587.0000	  1.0783
586.5000	  1.0809
586.0000	  1.0820
585.5000	  1.0819
585.0000	  1.0864
584.5000	  1.0869
584.0000	  1.0880
583.5000	  1.0914
583.0000	  1.0931
582.5000	  1.0927
582.0000	  1.0958
581.5000	  1.0979
581.0000	  1.0993
580.5000	  1.0999
580.0000	  1.1015
579.5000	  1.1033
579.0000	  1.1056
578.5000	  1.1066
578.0000	  1.1086
577.5000	  1.1105
577.0000	  1.1114
576.5000	  1.1136
576.0000	  1.1153
575.5000	  1.1174
575.0000	  1.1195
574.5000	  1.1216
574.0000	  1.1221
573.5000	  1.1257
573.0000	  1.1265
572.5000	  1.1278
572.0000	  1.1271
571.5000	  1.1316
571.0000	  1.1310
570.5000	  1.1358
570.0000	  1.1362
569.5000	  1.1371
569.0000	  1.1407
568.5000	  1.1400
568.0000	  1.1443
567.5000	  1.1439
567.0000	  1.1469
566.5000	  1.1474
566.0000	  1.1508
565.5000	  1.1497
565.0000	  1.1541
564.5000	  1.1540
564.0000	  1.1565
563.5000	  1.1570
563.0000	  1.1593
562.5000	  1.1604
562.0000	  1.1632
561.5000	  1.1650
561.0000	  1.1645
560.5000	  1.1673
560.0000	  1.1670
559.5000	  1.1700
559.0000	  1.1694
558.5000	  1.1721
558.0000	  1.1723
557.5000	  1.1772
557.0000	  1.1750
556.5000	  1.1790
556.0000	  1.1793
555.5000	  1.1819
555.0000	  1.1826
554.5000	  1.1843
554.0000	  1.1858
553.5000	  1.1868
553.0000	  1.1892
552.5000	  1.1898
552.0000	  1.1933
551.5000	  1.1941
551.0000	  1.1950
550.5000	  1.1954
550.0000	  1.1977
549.5000	  1.1997
549.0000	  1.2002
548.5000	  1.2030
548.0000	  1.2046
547.5000	  1.2063
547.0000	  1.2064
546.5000	  1.2095
546.0000	  1.2085
545.5000	  1.2118
545.0000	  1.2130
544.5000	  1.2145
544.0000	  1.2152
543.5000	  1.2167
543.0000	  1.2182
542.5000	  1.2199
542.0000	  1.2220
541.5000	  1.2216
541.0000	  1.2220
540.5000	  1.2234
540.0000	  1.2283
539.5000	  1.2258
539.0000	  1.2296
538.5000	  1.2306
538.0000	  1.2333
537.5000	  1.2316
537.0000	  1.2335
536.5000	  1.2341
536.0000	  1.2374
535.5000	  1.2381
535.0000	  1.2381
534.5000	  1.2404
534.0000	  1.2410
533.5000	  1.2435
533.0000	  1.2429
532.5000	  1.2453
532.0000	  1.2469
531.5000	  1.2488
531.0000	  1.2475
530.5000	  1.2487
530.0000	  1.2501
529.5000	  1.2538
529.0000	  1.2523
528.5000	  1.2555
528.0000	  1.2558
527.5000	  1.2569
527.0000	  1.2591
526.5000	  1.2578
526.0000	  1.2607
525.5000	  1.2609
525.0000	  1.2647
524.5000	  1.2619
524.0000	  1.2658
523.5000	  1.2652
523.0000	  1.2685
522.5000	  1.2664
522.0000	  1.2699
521.5000	  1.2699
521.0000	  1.2718
520.5000	  1.2712
520.0000	  1.2725
519.5000	  1.2731
519.0000	  1.2744
518.5000	  1.2758
518.0000	  1.2748
517.5000	  1.2776
517.0000	  1.2783
516.5000	  1.2805
516.0000	  1.2774
515.5000	  1.2816
515.0000	  1.2819
514.5000	  1.2828
514.0000	  1.2821
513.5000	  1.2852
513.0000	  1.2844
512.5000	  1.2867
512.0000	  1.2878
511.5000	  1.2872
511.0000	  1.2898
510.5000	  1.2899
510.0000	  1.2920
509.5000	  1.2904
509.0000	  1.2944
508.5000	  1.2945
508.0000	  1.2978
507.5000	  1.2953
507.0000	  1.2996
506.5000	  1.2991
506.0000	  1.3014
505.5000	  1.3025
505.0000	  1.3042
504.5000	  1.3039
504.0000	  1.3070
503.5000	  1.3091
503.0000	  1.3083
502.5000	  1.3112
502.0000	  1.3132
501.5000	  1.3161
501.0000	  1.3149
500.5000	  1.3158
500.0000	  1.3166
499.5000	  1.3208
499.0000	  1.3176
498.5000	  1.3215
498.0000	  1.3215
497.5000	  1.3232
497.0000	  1.3235
496.5000	  1.3251
496.0000	  1.3242
495.5000	  1.3266
495.0000	  1.3281
494.5000	  1.3261
494.0000	  1.3290
493.5000	  1.3284
493.0000	  1.3295
492.5000	  1.3280
492.0000	  1.3308
491.5000	  1.3289
491.0000	  1.3302
490.5000	  1.3277
490.0000	  1.3310
489.5000	  1.3306
489.0000	  1.3303
488.5000	  1.3275
488.0000	  1.3290
487.5000	  1.3286
487.0000	  1.3305
486.5000	  1.3317
486.0000	  1.3296
485.5000	  1.3297
485.0000	  1.3288
484.5000	  1.3320
484.0000	  1.3283
483.5000	  1.3300
483.0000	  1.3275
482.5000	  1.3308
482.0000	  1.3300
481.5000	  1.3318
481.0000	  1.3305
480.5000	  1.3322
480.0000	  1.3317
479.5000	  1.3291
479.0000	  1.3287
478.5000	  1.3321
478.0000	  1.3317
477.5000	  1.3306
477.0000	  1.3312
476.5000	  1.3313
476.0000	  1.3346
475.5000	  1.3316
475.0000	  1.3332
474.5000	  1.3331
474.0000	  1.3341
473.5000	  1.3321
473.0000	  1.3327
472.5000	  1.3320
472.0000	  1.3336
471.5000	  1.3353
471.0000	  1.3340
470.5000	  1.3368
470.0000	  1.3351
469.5000	  1.3377
469.0000	  1.3353
468.5000	  1.3388
468.0000	  1.3376
467.5000	  1.3390
467.0000	  1.3393
466.5000	  1.3402
466.0000	  1.3415
465.5000	  1.3432
465.0000	  1.3439
464.5000	  1.3417
464.0000	  1.3446
463.5000	  1.3448
463.0000	  1.3504
462.5000	  1.3462
462.0000	  1.3505
461.5000	  1.3504
461.0000	  1.3548
460.5000	  1.3529
460.0000	  1.3544
459.5000	  1.3587
459.0000	  1.3590
458.5000	  1.3600
458.0000	  1.3579
457.5000	  1.3612
457.0000	  1.3595
456.5000	  1.3626
456.0000	  1.3583
455.5000	  1.3614
455.0000	  1.3598
454.5000	  1.3599
454.0000	  1.3592
453.5000	  1.3565
453.0000	  1.3576
452.5000	  1.3556
452.0000	  1.3543
451.5000	  1.3502
451.0000	  1.3502
450.5000	  1.3450
450.0000	  1.3438
449.5000	  1.3416
449.0000	  1.3404
448.5000	  1.3378
448.0000	  1.3325
447.5000	  1.3335
447.0000	  1.3294
446.5000	  1.3281
446.0000	  1.3248
445.5000	  1.3239
445.0000	  1.3190
444.5000	  1.3209
444.0000	  1.3173
443.5000	  1.3189
443.0000	  1.3147
442.5000	  1.3143
442.0000	  1.3127
441.5000	  1.3144
441.0000	  1.3122
440.5000	  1.3110
440.0000	  1.3090
439.5000	  1.3072
439.0000	  1.3102
438.5000	  1.3059
438.0000	  1.3055
437.5000	  1.3068
437.0000	  1.3051
436.5000	  1.3040
436.0000	  1.3049
435.5000	  1.3010
435.0000	  1.3022
434.5000	  1.3042
434.0000	  1.3003
433.5000	  1.3016
433.0000	  1.3004
432.5000	  1.3016
432.0000	  1.2987
431.5000	  1.3008
431.0000	  1.3022
430.5000	  1.3006
430.0000	  1.2997
429.5000	  1.2997
429.0000	  1.2973
428.5000	  1.3009
428.0000	  1.2996
427.5000	  1.2992
427.0000	  1.3021
426.5000	  1.2993
426.0000	  1.3018
425.5000	  1.2994
425.0000	  1.2998
424.5000	  1.3006
424.0000	  1.3028
423.5000	  1.2987
423.0000	  1.3029
422.5000	  1.2996
422.0000	  1.3004
421.5000	  1.3014
421.0000	  1.2989
420.5000	  1.2992
420.0000	  1.2988
419.5000	  1.3008
419.0000	  1.2969
418.5000	  1.3006
418.0000	  1.2991
417.5000	  1.2999
417.0000	  1.2995
416.5000	  1.2997
416.0000	  1.3011
415.5000	  1.2988
415.0000	  1.3036
414.5000	  1.3002
414.0000	  1.2999
413.5000	  1.2999
413.0000	  1.3015
412.5000	  1.2979
412.0000	  1.3015
411.5000	  1.3001
411.0000	  1.3010
410.5000	  1.3016
410.0000	  1.2994
409.5000	  1.3018
409.0000	  1.3003
408.5000	  1.3037
408.0000	  1.2987
407.5000	  1.3025
407.0000	  1.2997
406.5000	  1.3025
406.0000	  1.3014
405.5000	  1.2991
405.0000	  1.3016
404.5000	  1.3013
404.0000	  1.3024
403.5000	  1.3017
403.0000	  1.3003
402.5000	  1.2981
402.0000	  1.3044
401.5000	  1.2972
401.0000	  1.3001
400.5000	  1.3033
400.0000	  1.3033
399.5000	  1.3048
399.0000	  1.3000
398.5000	  1.3025
398.0000	  1.3010
397.5000	  1.3037
397.0000	  1.3008
396.5000	  1.3018
396.0000	  1.3012
395.5000	  1.3044
395.0000	  1.3011
394.5000	  1.3032
394.0000	  1.3031
393.5000	  1.3031
393.0000	  1.3048
392.5000	  1.3060
392.0000	  1.3072
391.5000	  1.3056
391.0000	  1.3063
390.5000	  1.3081
390.0000	  1.3071
389.5000	  1.3096
389.0000	  1.3090
388.5000	  1.3089
388.0000	  1.3137
387.5000	  1.3125
387.0000	  1.3109
386.5000	  1.3141
386.0000	  1.3119
385.5000	  1.3172
385.0000	  1.3146
384.5000	  1.3180
384.0000	  1.3146
383.5000	  1.3197
383.0000	  1.3182
382.5000	  1.3217
382.0000	  1.3177
381.5000	  1.3206
381.0000	  1.3182
380.5000	  1.3204
380.0000	  1.3198
379.5000	  1.3231
379.0000	  1.3232
378.5000	  1.3234
378.0000	  1.3260
377.5000	  1.3237
377.0000	  1.3260
376.5000	  1.3264
376.0000	  1.3256
375.5000	  1.3255
375.0000	  1.3244
374.5000	  1.3253
374.0000	  1.3313
373.5000	  1.3258
373.0000	  1.3294
372.5000	  1.3274
372.0000	  1.3275
371.5000	  1.3315
371.0000	  1.3292
370.5000	  1.3371
370.0000	  1.3343
369.5000	  1.3355
369.0000	  1.3337
368.5000	  1.3299
368.0000	  1.3358
367.5000	  1.3372
367.0000	  1.3325
366.5000	  1.3393
366.0000	  1.3356
365.5000	  1.3399
365.0000	  1.3378
364.5000	  1.3388
364.0000	  1.3360
363.5000	  1.3420
363.0000	  1.3392
362.5000	  1.3439
362.0000	  1.3422
361.5000	  1.3459
361.0000	  1.3440
360.5000	  1.3445
360.0000	  1.3454
359.5000	  1.3496
359.0000	  1.3489
358.5000	  1.3490
358.0000	  1.3476
357.5000	  1.3478
357.0000	  1.3457
356.5000	  1.3464
356.0000	  1.3493
355.5000	  1.3541
355.0000	  1.3538
354.5000	  1.3530
354.0000	  1.3591
353.5000	  1.3590
353.0000	  1.3515
352.5000	  1.3604
352.0000	  1.3541
351.5000	  1.3621
351.0000	  1.3522
350.5000	  1.3629
350.0000	  1.3594
