30/05/2023 16.17.15
30/05/2023 16.24.36

900.0000	137.4100

900.0000	137.4100

900.0000	140.6500



  1.0000
900.0000
  3.0000
340.0000
  1.0000
1101.0000
  5.0000
  6.0000
  1.0000
  1.0000
  0.0000
  0.0000
100.0000
  0.0000
  1.0000
  0.0000
500.0000
900.0000
350.0000
  4.0000
  1.0000
 18.0000
  2.0000
  1.0000
255.0000
  0.6248
  1.0000
 30.0000
  4.0000
500.0000
  0.0000
  0.0000
  4.0000
900.0000
350.0000
  0.0000
100.0000
  0.0000
  1.0000
  0.0000
500.0000
  1.0000
  1.0000
  1.0000
  1.0000
  4.0000
  0.0000
  1.0000
  1.0000
  1.0000
  1.0000
  1.0000
  2.0000
  1.0000
  1.0000
  1.0000
  3.0000
  1.0000
  1.0000
  1.0000
  4.0000
  5.0000
440.566
0.000
900.0000	  1.4203
899.5000	  1.4271
899.0000	  1.4216
898.5000	  1.3445
898.0000	  1.4892
897.5000	  1.3845
897.0000	  1.4934
896.5000	  1.2858
896.0000	  1.3020
895.5000	  1.4361
895.0000	  1.3547
894.5000	  1.3384
894.0000	  1.3801
893.5000	  1.4363
893.0000	  1.4029
892.5000	  1.4180
892.0000	  1.3993
891.5000	  1.4350
891.0000	  1.4063
890.5000	  1.4065
890.0000	  1.3777
889.5000	  1.3859
889.0000	  1.4102
888.5000	  1.4193
888.0000	  1.3967
887.5000	  1.3904
887.0000	  1.3701
886.5000	  1.3754
886.0000	  1.3776
885.5000	  1.3833
885.0000	  1.3876
884.5000	  1.3853
884.0000	  1.3955
883.5000	  1.3842
883.0000	  1.3625
882.5000	  1.4027
882.0000	  1.3786
881.5000	  1.4015
881.0000	  1.3790
880.5000	  1.3874
880.0000	  1.3832
879.5000	  1.3791
879.0000	  1.3901
878.5000	  1.3748
878.0000	  1.3743
877.5000	  1.3966
877.0000	  1.3940
876.5000	  1.3740
876.0000	  1.3814
875.5000	  1.3726
875.0000	  1.3937
874.5000	  1.3707
874.0000	  1.3802
873.5000	  1.3904
873.0000	  1.3766
872.5000	  1.3802
872.0000	  1.3707
871.5000	  1.3629
871.0000	  1.3789
870.5000	  1.3777
870.0000	  1.3768
869.5000	  1.3834
869.0000	  1.3944
868.5000	  1.3866
868.0000	  1.3913
867.5000	  1.3898
867.0000	  1.3848
866.5000	  1.3840
866.0000	  1.3726
865.5000	  1.3712
865.0000	  1.3738
864.5000	  1.3758
864.0000	  1.3786
863.5000	  1.3768
863.0000	  1.3753
862.5000	  1.3783
862.0000	  1.3882
861.5000	  1.3754
861.0000	  1.3792
860.5000	  1.3864
860.0000	  1.3785
859.5000	  1.3808
859.0000	  1.3740
858.5000	  1.3752
858.0000	  1.3867
857.5000	  1.3776
857.0000	  1.3853
856.5000	  1.3759
856.0000	  1.3808
855.5000	  1.3820
855.0000	  1.3778
854.5000	  1.3794
854.0000	  1.3851
853.5000	  1.3839
853.0000	  1.3804
852.5000	  1.3826
852.0000	  1.3825
851.5000	  1.3827
851.0000	  1.3849
850.5000	  1.3820
850.0000	  1.3829
849.5000	  1.3798
849.0000	  1.3833
848.5000	  1.3821
848.0000	  1.3765
847.5000	  1.3824
847.0000	  1.3827
846.5000	  1.3845
846.0000	  1.3798
845.5000	  1.3816
845.0000	  1.3819
844.5000	  1.3790
844.0000	  1.3794
843.5000	  1.3836
843.0000	  1.3805
842.5000	  1.3832
842.0000	  1.3781
841.5000	  1.3815
841.0000	  1.3791
840.5000	  1.3793
840.0000	  1.3787
839.5000	  1.3785
839.0000	  1.3794
838.5000	  1.3797
838.0000	  1.3785
837.5000	  1.3822
837.0000	  1.3771
836.5000	  1.3755
836.0000	  1.3781
835.5000	  1.3791
835.0000	  1.3785
834.5000	  1.3736
834.0000	  1.3749
833.5000	  1.3772
833.0000	  1.3750
832.5000	  1.3727
832.0000	  1.3755
831.5000	  1.3740
831.0000	  1.3753
830.5000	  1.3736
830.0000	  1.3723
829.5000	  1.3701
829.0000	  1.3729
828.5000	  1.3688
828.0000	  1.3715
827.5000	  1.3713
827.0000	  1.3708
826.5000	  1.3700
826.0000	  1.3694
825.5000	  1.3696
825.0000	  1.3712
824.5000	  1.3701
824.0000	  1.3665
823.5000	  1.3682
823.0000	  1.3695
822.5000	  1.3717
822.0000	  1.3677
821.5000	  1.3651
821.0000	  1.3691
820.5000	  1.3655
820.0000	  1.3646
819.5000	  1.3667
819.0000	  1.3644
818.5000	  1.3634
818.0000	  1.3632
817.5000	  1.3645
817.0000	  1.3617
816.5000	  1.3657
816.0000	  1.3615
815.5000	  1.3604
815.0000	  1.3654
814.5000	  1.3630
814.0000	  1.3612
813.5000	  1.3628
813.0000	  1.3618
812.5000	  1.3609
812.0000	  1.3616
811.5000	  1.3597
811.0000	  1.3625
810.5000	  1.3596
810.0000	  1.3625
809.5000	  1.3575
809.0000	  1.3582
808.5000	  1.3577
808.0000	  1.3615
807.5000	  1.3599
807.0000	  1.3588
806.5000	  1.3560
806.0000	  1.3590
805.5000	  1.3561
805.0000	  1.3557
804.5000	  1.3576
804.0000	  1.3593
803.5000	  1.3616
803.0000	  1.3565
802.5000	  1.3559
802.0000	  1.3570
801.5000	  1.3573
801.0000	  1.3517
800.5000	  1.3584
800.0000	  1.3543
799.5000	  1.3559
799.0000	  1.3571
798.5000	  1.3537
798.0000	  1.3532
797.5000	  1.3557
797.0000	  1.3535
796.5000	  1.3504
796.0000	  1.3543
795.5000	  1.3531
795.0000	  1.3530
794.5000	  1.3517
794.0000	  1.3513
793.5000	  1.3516
793.0000	  1.3528
792.5000	  1.3516
792.0000	  1.3514
791.5000	  1.3510
791.0000	  1.3514
790.5000	  1.3519
790.0000	  1.3506
789.5000	  1.3478
789.0000	  1.3498
788.5000	  1.3490
788.0000	  1.3493
787.5000	  1.3484
787.0000	  1.3451
786.5000	  1.3469
786.0000	  1.3508
785.5000	  1.3472
785.0000	  1.3467
784.5000	  1.3482
784.0000	  1.3438
783.5000	  1.3440
783.0000	  1.3485
782.5000	  1.3440
782.0000	  1.3451
781.5000	  1.3462
781.0000	  1.3435
780.5000	  1.3465
780.0000	  1.3455
779.5000	  1.3413
779.0000	  1.3448
778.5000	  1.3430
778.0000	  1.3444
777.5000	  1.3417
777.0000	  1.3418
776.5000	  1.3418
776.0000	  1.3460
775.5000	  1.3398
775.0000	  1.3436
774.5000	  1.3397
774.0000	  1.3385
773.5000	  1.3420
773.0000	  1.3374
772.5000	  1.3388
772.0000	  1.3405
771.5000	  1.3386
771.0000	  1.3374
770.5000	  1.3395
770.0000	  1.3362
769.5000	  1.3413
769.0000	  1.3346
768.5000	  1.3369
768.0000	  1.3370
767.5000	  1.3353
767.0000	  1.3365
766.5000	  1.3336
766.0000	  1.3333
765.5000	  1.3369
765.0000	  1.3335
764.5000	  1.3343
764.0000	  1.3351
763.5000	  1.3327
763.0000	  1.3339
762.5000	  1.3305
762.0000	  1.3324
761.5000	  1.3313
761.0000	  1.3316
760.5000	  1.3319
760.0000	  1.3318
759.5000	  1.3305
759.0000	  1.3334
758.5000	  1.3295
758.0000	  1.3298
757.5000	  1.3314
757.0000	  1.3265
756.5000	  1.3292
756.0000	  1.3264
755.5000	  1.3273
755.0000	  1.3283
754.5000	  1.3266
754.0000	  1.3256
753.5000	  1.3260
753.0000	  1.3247
752.5000	  1.3279
752.0000	  1.3221
751.5000	  1.3273
751.0000	  1.3234
750.5000	  1.3254
750.0000	  1.3237
749.5000	  1.3203
749.0000	  1.3231
748.5000	  1.3237
748.0000	  1.3225
747.5000	  1.3220
747.0000	  1.3214
746.5000	  1.3222
746.0000	  1.3240
745.5000	  1.3187
745.0000	  1.3230
744.5000	  1.3196
744.0000	  1.3209
743.5000	  1.3209
743.0000	  1.3207
742.5000	  1.3210
742.0000	  1.3183
741.5000	  1.3166
741.0000	  1.3190
740.5000	  1.3164
740.0000	  1.3181
739.5000	  1.3166
739.0000	  1.3153
738.5000	  1.3183
738.0000	  1.3169
737.5000	  1.3169
737.0000	  1.3144
736.5000	  1.3186
736.0000	  1.3165
735.5000	  1.3165
735.0000	  1.3145
734.5000	  1.3148
734.0000	  1.3150
733.5000	  1.3128
733.0000	  1.3140
732.5000	  1.3152
732.0000	  1.3127
731.5000	  1.3153
731.0000	  1.3135
730.5000	  1.3139
730.0000	  1.3141
729.5000	  1.3147
729.0000	  1.3160
728.5000	  1.3128
728.0000	  1.3155
727.5000	  1.3166
727.0000	  1.3158
726.5000	  1.3187
726.0000	  1.3160
725.5000	  1.3178
725.0000	  1.3213
724.5000	  1.3202
724.0000	  1.3198
723.5000	  1.3221
723.0000	  1.3250
722.5000	  1.3266
722.0000	  1.3282
721.5000	  1.3285
721.0000	  1.3290
720.5000	  1.3373
720.0000	  1.3358
719.5000	  1.3359
719.0000	  1.3407
718.5000	  1.3444
718.0000	  1.3473
717.5000	  1.3418
717.0000	  1.3444
716.5000	  1.3399
716.0000	  1.3398
715.5000	  1.3363
715.0000	  1.3352
714.5000	  1.3289
714.0000	  1.3276
713.5000	  1.3228
713.0000	  1.3176
712.5000	  1.3152
712.0000	  1.3124
711.5000	  1.3093
711.0000	  1.3041
710.5000	  1.3053
710.0000	  1.2984
709.5000	  1.2996
709.0000	  1.2941
708.5000	  1.2935
708.0000	  1.2928
707.5000	  1.2914
707.0000	  1.2920
706.5000	  1.2888
706.0000	  1.2888
705.5000	  1.2904
705.0000	  1.2913
704.5000	  1.2894
704.0000	  1.2893
703.5000	  1.2892
703.0000	  1.2881
702.5000	  1.2870
702.0000	  1.2879
701.5000	  1.2889
701.0000	  1.2857
700.5000	  1.2818
700.0000	  1.2862
699.5000	  1.2832
699.0000	  1.2840
698.5000	  1.2814
698.0000	  1.2822
697.5000	  1.2817
697.0000	  1.2835
696.5000	  1.2841
696.0000	  1.2804
695.5000	  1.2812
695.0000	  1.2796
694.5000	  1.2787
694.0000	  1.2780
693.5000	  1.2794
693.0000	  1.2773
692.5000	  1.2772
692.0000	  1.2767
691.5000	  1.2754
691.0000	  1.2754
690.5000	  1.2756
690.0000	  1.2745
689.5000	  1.2737
689.0000	  1.2730
688.5000	  1.2746
688.0000	  1.2750
687.5000	  1.2721
687.0000	  1.2724
686.5000	  1.2715
686.0000	  1.2701
685.5000	  1.2715
685.0000	  1.2707
684.5000	  1.2705
684.0000	  1.2702
683.5000	  1.2702
683.0000	  1.2679
682.5000	  1.2683
682.0000	  1.2682
681.5000	  1.2679
681.0000	  1.2663
680.5000	  1.2673
680.0000	  1.2658
679.5000	  1.2654
679.0000	  1.2672
678.5000	  1.2645
678.0000	  1.2658
677.5000	  1.2634
677.0000	  1.2658
676.5000	  1.2613
676.0000	  1.2635
675.5000	  1.2641
675.0000	  1.2620
674.5000	  1.2598
674.0000	  1.2615
673.5000	  1.2608
673.0000	  1.2602
672.5000	  1.2590
672.0000	  1.2589
671.5000	  1.2588
671.0000	  1.2588
670.5000	  1.2590
670.0000	  1.2557
669.5000	  1.2576
669.0000	  1.2569
668.5000	  1.2571
668.0000	  1.2549
667.5000	  1.2557
667.0000	  1.2554
666.5000	  1.2541
666.0000	  1.2547
665.5000	  1.2543
665.0000	  1.2533
664.5000	  1.2543
664.0000	  1.2558
663.5000	  1.2523
663.0000	  1.2531
662.5000	  1.2524
662.0000	  1.2522
661.5000	  1.2492
661.0000	  1.2510
660.5000	  1.2516
660.0000	  1.2508
659.5000	  1.2500
659.0000	  1.2507
658.5000	  1.2475
658.0000	  1.2499
657.5000	  1.2494
657.0000	  1.2480
656.5000	  1.2491
656.0000	  1.2494
655.5000	  1.2487
655.0000	  1.2457
654.5000	  1.2475
654.0000	  1.2458
653.5000	  1.2460
653.0000	  1.2455
652.5000	  1.2439
652.0000	  1.2432
651.5000	  1.2426
651.0000	  1.2464
650.5000	  1.2423
650.0000	  1.2434
649.5000	  1.2420
649.0000	  1.2440
648.5000	  1.2424
648.0000	  1.2422
647.5000	  1.2422
647.0000	  1.2407
646.5000	  1.2427
646.0000	  1.2405
645.5000	  1.2411
645.0000	  1.2395
644.5000	  1.2416
644.0000	  1.2366
643.5000	  1.2402
643.0000	  1.2389
642.5000	  1.2384
642.0000	  1.2360
641.5000	  1.2368
641.0000	  1.2370
640.5000	  1.2367
640.0000	  1.2379
639.5000	  1.2346
639.0000	  1.2361
638.5000	  1.2358
638.0000	  1.2383
637.5000	  1.2336
637.0000	  1.2361
636.5000	  1.2351
636.0000	  1.2356
635.5000	  1.2344
635.0000	  1.2352
634.5000	  1.2339
634.0000	  1.2341
633.5000	  1.2353
633.0000	  1.2353
632.5000	  1.2348
632.0000	  1.2353
631.5000	  1.2372
631.0000	  1.2350
630.5000	  1.2378
630.0000	  1.2385
629.5000	  1.2394
629.0000	  1.2388
628.5000	  1.2404
628.0000	  1.2432
627.5000	  1.2440
627.0000	  1.2450
626.5000	  1.2456
626.0000	  1.2474
625.5000	  1.2480
625.0000	  1.2501
624.5000	  1.2487
624.0000	  1.2532
623.5000	  1.2537
623.0000	  1.2545
622.5000	  1.2552
622.0000	  1.2572
621.5000	  1.2585
621.0000	  1.2595
620.5000	  1.2593
620.0000	  1.2591
619.5000	  1.2589
619.0000	  1.2608
618.5000	  1.2618
618.0000	  1.2600
617.5000	  1.2608
617.0000	  1.2611
616.5000	  1.2616
616.0000	  1.2590
615.5000	  1.2608
615.0000	  1.2612
614.5000	  1.2604
614.0000	  1.2607
613.5000	  1.2595
613.0000	  1.2604
612.5000	  1.2609
612.0000	  1.2636
611.5000	  1.2609
611.0000	  1.2618
610.5000	  1.2612
610.0000	  1.2631
609.5000	  1.2616
609.0000	  1.2635
608.5000	  1.2633
608.0000	  1.2640
607.5000	  1.2642
607.0000	  1.2630
606.5000	  1.2644
606.0000	  1.2648
605.5000	  1.2673
605.0000	  1.2637
604.5000	  1.2662
604.0000	  1.2662
603.5000	  1.2672
603.0000	  1.2684
602.5000	  1.2675
602.0000	  1.2681
601.5000	  1.2694
601.0000	  1.2710
600.5000	  1.2675
600.0000	  1.2713
599.5000	  1.2715
599.0000	  1.2728
598.5000	  1.2701
598.0000	  1.2725
597.5000	  1.2732
597.0000	  1.2727
596.5000	  1.2738
596.0000	  1.2730
595.5000	  1.2757
595.0000	  1.2757
594.5000	  1.2787
594.0000	  1.2746
593.5000	  1.2778
593.0000	  1.2774
592.5000	  1.2785
592.0000	  1.2798
591.5000	  1.2779
591.0000	  1.2800
590.5000	  1.2811
590.0000	  1.2829
589.5000	  1.2818
589.0000	  1.2851
588.5000	  1.2826
588.0000	  1.2854
587.5000	  1.2838
587.0000	  1.2845
586.5000	  1.2865
586.0000	  1.2867
585.5000	  1.2886
585.0000	  1.2874
584.5000	  1.2883
584.0000	  1.2899
583.5000	  1.2924
583.0000	  1.2891
582.5000	  1.2923
582.0000	  1.2929
581.5000	  1.2936
581.0000	  1.2929
580.5000	  1.2954
580.0000	  1.2964
579.5000	  1.2974
579.0000	  1.2986
578.5000	  1.2976
578.0000	  1.2990
577.5000	  1.2994
577.0000	  1.3040
576.5000	  1.2987
576.0000	  1.3031
575.5000	  1.3028
575.0000	  1.3052
574.5000	  1.3041
574.0000	  1.3048
573.5000	  1.3046
573.0000	  1.3073
572.5000	  1.3097
572.0000	  1.3083
571.5000	  1.3102
571.0000	  1.3117
570.5000	  1.3127
570.0000	  1.3107
569.5000	  1.3158
569.0000	  1.3132
568.5000	  1.3152
568.0000	  1.3163
567.5000	  1.3176
567.0000	  1.3183
566.5000	  1.3206
566.0000	  1.3205
565.5000	  1.3200
565.0000	  1.3222
564.5000	  1.3243
564.0000	  1.3253
563.5000	  1.3245
563.0000	  1.3271
562.5000	  1.3262
562.0000	  1.3292
561.5000	  1.3305
561.0000	  1.3316
560.5000	  1.3304
560.0000	  1.3304
559.5000	  1.3304
559.0000	  1.3298
558.5000	  1.3327
558.0000	  1.3330
557.5000	  1.3370
557.0000	  1.3350
556.5000	  1.3372
556.0000	  1.3360
555.5000	  1.3398
555.0000	  1.3387
554.5000	  1.3413
554.0000	  1.3432
553.5000	  1.3438
553.0000	  1.3440
552.5000	  1.3458
552.0000	  1.3464
551.5000	  1.3485
551.0000	  1.3508
550.5000	  1.3486
550.0000	  1.3505
549.5000	  1.3512
549.0000	  1.3547
548.5000	  1.3517
548.0000	  1.3567
547.5000	  1.3552
547.0000	  1.3589
546.5000	  1.3560
546.0000	  1.3586
545.5000	  1.3602
545.0000	  1.3629
544.5000	  1.3632
544.0000	  1.3624
543.5000	  1.3643
543.0000	  1.3649
542.5000	  1.3683
542.0000	  1.3660
541.5000	  1.3705
541.0000	  1.3682
540.5000	  1.3726
540.0000	  1.3702
539.5000	  1.3730
539.0000	  1.3746
538.5000	  1.3745
538.0000	  1.3760
537.5000	  1.3778
537.0000	  1.3795
536.5000	  1.3794
536.0000	  1.3806
535.5000	  1.3818
535.0000	  1.3832
534.5000	  1.3828
534.0000	  1.3878
533.5000	  1.3848
533.0000	  1.3883
532.5000	  1.3883
532.0000	  1.3912
531.5000	  1.3887
531.0000	  1.3925
530.5000	  1.3915
530.0000	  1.3939
529.5000	  1.3943
529.0000	  1.3965
528.5000	  1.3973
528.0000	  1.3987
527.5000	  1.4003
527.0000	  1.4001
526.5000	  1.4015
526.0000	  1.4013
525.5000	  1.4051
525.0000	  1.4027
524.5000	  1.4063
524.0000	  1.4058
523.5000	  1.4075
523.0000	  1.4080
522.5000	  1.4097
522.0000	  1.4102
521.5000	  1.4118
521.0000	  1.4129
520.5000	  1.4134
520.0000	  1.4158
519.5000	  1.4159
519.0000	  1.4182
518.5000	  1.4166
518.0000	  1.4187
517.5000	  1.4195
517.0000	  1.4206
516.5000	  1.4211
516.0000	  1.4234
515.5000	  1.4231
515.0000	  1.4247
514.5000	  1.4263
514.0000	  1.4264
513.5000	  1.4274
513.0000	  1.4283
512.5000	  1.4327
512.0000	  1.4300
511.5000	  1.4334
511.0000	  1.4339
510.5000	  1.4361
510.0000	  1.4347
509.5000	  1.4385
509.0000	  1.4388
508.5000	  1.4414
508.0000	  1.4424
507.5000	  1.4454
507.0000	  1.4459
506.5000	  1.4477
506.0000	  1.4494
505.5000	  1.4508
505.0000	  1.4549
504.5000	  1.4538
504.0000	  1.4595
503.5000	  1.4570
503.0000	  1.4623
502.5000	  1.4622
502.0000	  1.4659
501.5000	  1.4660
501.0000	  1.4695
500.5000	  1.4708
500.0000	  1.4735
499.5000	  1.4755
499.0000	  1.4773
498.5000	  1.4779
498.0000	  1.4797
497.5000	  1.4818
497.0000	  1.4805
496.5000	  1.4852
496.0000	  1.4839
495.5000	  1.4898
495.0000	  1.4868
494.5000	  1.4902
494.0000	  1.4909
493.5000	  1.4931
493.0000	  1.4917
492.5000	  1.4946
492.0000	  1.4955
491.5000	  1.4963
491.0000	  1.4969
490.5000	  1.4974
490.0000	  1.4987
489.5000	  1.5007
489.0000	  1.5020
488.5000	  1.5008
488.0000	  1.5002
487.5000	  1.4999
487.0000	  1.5036
486.5000	  1.5036
486.0000	  1.5065
485.5000	  1.5048
485.0000	  1.5084
484.5000	  1.5053
484.0000	  1.5084
483.5000	  1.5080
483.0000	  1.5085
482.5000	  1.5083
482.0000	  1.5127
481.5000	  1.5145
481.0000	  1.5148
480.5000	  1.5148
480.0000	  1.5144
479.5000	  1.5148
479.0000	  1.5171
478.5000	  1.5195
478.0000	  1.5187
477.5000	  1.5226
477.0000	  1.5209
476.5000	  1.5238
476.0000	  1.5228
475.5000	  1.5246
475.0000	  1.5272
474.5000	  1.5297
474.0000	  1.5244
473.5000	  1.5296
473.0000	  1.5308
472.5000	  1.5330
472.0000	  1.5324
471.5000	  1.5353
471.0000	  1.5359
470.5000	  1.5375
470.0000	  1.5381
469.5000	  1.5398
469.0000	  1.5419
468.5000	  1.5437
468.0000	  1.5458
467.5000	  1.5459
467.0000	  1.5487
466.5000	  1.5496
466.0000	  1.5544
465.5000	  1.5558
465.0000	  1.5555
464.5000	  1.5579
464.0000	  1.5613
463.5000	  1.5620
463.0000	  1.5645
462.5000	  1.5684
462.0000	  1.5681
461.5000	  1.5693
461.0000	  1.5752
460.5000	  1.5760
460.0000	  1.5774
459.5000	  1.5785
459.0000	  1.5802
458.5000	  1.5845
458.0000	  1.5839
457.5000	  1.5858
457.0000	  1.5853
456.5000	  1.5904
456.0000	  1.5924
455.5000	  1.5950
455.0000	  1.5908
454.5000	  1.5909
454.0000	  1.5913
453.5000	  1.5900
453.0000	  1.5885
452.5000	  1.5909
452.0000	  1.5871
451.5000	  1.5892
451.0000	  1.5838
450.5000	  1.5815
450.0000	  1.5796
449.5000	  1.5789
449.0000	  1.5787
448.5000	  1.5749
448.0000	  1.5710
447.5000	  1.5679
447.0000	  1.5717
446.5000	  1.5635
446.0000	  1.5664
445.5000	  1.5647
445.0000	  1.5623
444.5000	  1.5571
444.0000	  1.5582
443.5000	  1.5586
443.0000	  1.5582
442.5000	  1.5523
442.0000	  1.5540
441.5000	  1.5558
441.0000	  1.5541
440.5000	  1.5538
440.0000	  1.5544
439.5000	  1.5516
439.0000	  1.5530
438.5000	  1.5527
438.0000	  1.5493
437.5000	  1.5515
437.0000	  1.5531
436.5000	  1.5546
436.0000	  1.5502
435.5000	  1.5521
435.0000	  1.5508
434.5000	  1.5535
434.0000	  1.5501
433.5000	  1.5533
433.0000	  1.5503
432.5000	  1.5527
432.0000	  1.5521
431.5000	  1.5525
431.0000	  1.5550
430.5000	  1.5516
430.0000	  1.5557
429.5000	  1.5518
429.0000	  1.5546
428.5000	  1.5573
428.0000	  1.5546
427.5000	  1.5543
427.0000	  1.5544
426.5000	  1.5569
426.0000	  1.5564
425.5000	  1.5578
425.0000	  1.5581
424.5000	  1.5596
424.0000	  1.5582
423.5000	  1.5599
423.0000	  1.5569
422.5000	  1.5620
422.0000	  1.5602
421.5000	  1.5646
421.0000	  1.5580
420.5000	  1.5613
420.0000	  1.5629
419.5000	  1.5659
419.0000	  1.5636
418.5000	  1.5622
418.0000	  1.5656
417.5000	  1.5660
417.0000	  1.5668
416.5000	  1.5670
416.0000	  1.5681
415.5000	  1.5677
415.0000	  1.5685
414.5000	  1.5646
414.0000	  1.5677
413.5000	  1.5659
413.0000	  1.5711
412.5000	  1.5706
412.0000	  1.5677
411.5000	  1.5686
411.0000	  1.5696
410.5000	  1.5721
410.0000	  1.5707
409.5000	  1.5745
409.0000	  1.5710
408.5000	  1.5743
408.0000	  1.5714
407.5000	  1.5739
407.0000	  1.5746
406.5000	  1.5787
406.0000	  1.5744
405.5000	  1.5718
405.0000	  1.5771
404.5000	  1.5778
404.0000	  1.5795
403.5000	  1.5729
403.0000	  1.5802
402.5000	  1.5776
402.0000	  1.5803
401.5000	  1.5755
401.0000	  1.5803
400.5000	  1.5791
400.0000	  1.5794
399.5000	  1.5794
399.0000	  1.5811
398.5000	  1.5802
398.0000	  1.5841
397.5000	  1.5833
397.0000	  1.5805
396.5000	  1.5863
396.0000	  1.5882
395.5000	  1.5853
395.0000	  1.5839
394.5000	  1.5863
394.0000	  1.5892
393.5000	  1.5927
393.0000	  1.5887
392.5000	  1.5901
392.0000	  1.5875
391.5000	  1.5947
391.0000	  1.5980
390.5000	  1.5934
390.0000	  1.5945
389.5000	  1.5957
389.0000	  1.5966
388.5000	  1.5958
388.0000	  1.5986
387.5000	  1.6029
387.0000	  1.5988
386.5000	  1.6059
386.0000	  1.6046
385.5000	  1.6034
385.0000	  1.6021
384.5000	  1.6109
384.0000	  1.6076
383.5000	  1.6110
383.0000	  1.6109
382.5000	  1.6170
382.0000	  1.6110
381.5000	  1.6159
381.0000	  1.6139
380.5000	  1.6198
380.0000	  1.6157
379.5000	  1.6197
379.0000	  1.6167
378.5000	  1.6161
378.0000	  1.6189
377.5000	  1.6177
377.0000	  1.6196
376.5000	  1.6193
376.0000	  1.6232
375.5000	  1.6223
375.0000	  1.6255
374.5000	  1.6243
374.0000	  1.6258
373.5000	  1.6246
373.0000	  1.6297
372.5000	  1.6277
372.0000	  1.6282
371.5000	  1.6298
371.0000	  1.6302
370.5000	  1.6320
370.0000	  1.6323
369.5000	  1.6349
369.0000	  1.6292
368.5000	  1.6288
368.0000	  1.6296
367.5000	  1.6347
367.0000	  1.6328
366.5000	  1.6360
366.0000	  1.6395
365.5000	  1.6410
365.0000	  1.6389
364.5000	  1.6415
364.0000	  1.6395
363.5000	  1.6444
363.0000	  1.6407
362.5000	  1.6373
362.0000	  1.6447
361.5000	  1.6470
361.0000	  1.6463
360.5000	  1.6441
360.0000	  1.6503
359.5000	  1.6526
359.0000	  1.6485
358.5000	  1.6509
358.0000	  1.6517
357.5000	  1.6563
357.0000	  1.6547
356.5000	  1.6604
356.0000	  1.6586
355.5000	  1.6580
355.0000	  1.6633
354.5000	  1.6558
354.0000	  1.6541
353.5000	  1.6661
353.0000	  1.6645
352.5000	  1.6634
352.0000	  1.6628
351.5000	  1.6646
351.0000	  1.6658
350.5000	  1.6708
350.0000	  1.6723
