30/05/2023 15.53.52
30/05/2023 16.01.12

900.0000	152.4800

900.0000	152.4800

900.0000	143.0900



  1.0000
900.0000
  3.0000
340.0000
  1.0000
1101.0000
  5.0000
  6.0000
  1.0000
  1.0000
  0.0000
  0.0000
100.0000
  0.0000
  1.0000
  0.0000
500.0000
900.0000
350.0000
  4.0000
  1.0000
 18.0000
  2.0000
  1.0000
255.0000
  0.6248
  1.0000
 30.0000
  4.0000
500.0000
  0.0000
  0.0000
  4.0000
900.0000
350.0000
  0.0000
100.0000
  0.0000
  1.0000
  0.0000
500.0000
  1.0000
  1.0000
  1.0000
  1.0000
  4.0000
  0.0000
  1.0000
  1.0000
  1.0000
  1.0000
  1.0000
  2.0000
  1.0000
  1.0000
  1.0000
  3.0000
  1.0000
  1.0000
  1.0000
  4.0000
  5.0000
440.648
0.000
900.0000	  1.6487
899.5000	  1.4069
899.0000	  1.5073
898.5000	  1.4683
898.0000	  1.4142
897.5000	  1.6299
897.0000	  1.5937
896.5000	  1.5604
896.0000	  1.4728
895.5000	  1.5521
895.0000	  1.5858
894.5000	  1.4131
894.0000	  1.4354
893.5000	  1.5469
893.0000	  1.5660
892.5000	  1.5069
892.0000	  1.4890
891.5000	  1.4622
891.0000	  1.5634
890.5000	  1.5263
890.0000	  1.4798
889.5000	  1.5380
889.0000	  1.4299
888.5000	  1.5399
888.0000	  1.5334
887.5000	  1.5354
887.0000	  1.4942
886.5000	  1.5365
886.0000	  1.4729
885.5000	  1.5467
885.0000	  1.5177
884.5000	  1.5397
884.0000	  1.5742
883.5000	  1.4974
883.0000	  1.5324
882.5000	  1.5080
882.0000	  1.5228
881.5000	  1.5328
881.0000	  1.5128
880.5000	  1.5348
880.0000	  1.5420
879.5000	  1.4630
879.0000	  1.5097
878.5000	  1.5089
878.0000	  1.4888
877.5000	  1.5297
877.0000	  1.5106
876.5000	  1.5118
876.0000	  1.5105
875.5000	  1.5176
875.0000	  1.5264
874.5000	  1.5032
874.0000	  1.5305
873.5000	  1.4994
873.0000	  1.5126
872.5000	  1.5327
872.0000	  1.5114
871.5000	  1.5238
871.0000	  1.4939
870.5000	  1.5213
870.0000	  1.5203
869.5000	  1.5060
869.0000	  1.4941
868.5000	  1.5135
868.0000	  1.5184
867.5000	  1.4881
867.0000	  1.5209
866.5000	  1.5182
866.0000	  1.5152
865.5000	  1.5196
865.0000	  1.5044
864.5000	  1.5192
864.0000	  1.5215
863.5000	  1.5097
863.0000	  1.5031
862.5000	  1.5175
862.0000	  1.5077
861.5000	  1.5152
861.0000	  1.5205
860.5000	  1.5085
860.0000	  1.5072
859.5000	  1.5153
859.0000	  1.5246
858.5000	  1.5121
858.0000	  1.5139
857.5000	  1.5177
857.0000	  1.5155
856.5000	  1.5156
856.0000	  1.5184
855.5000	  1.5085
855.0000	  1.5189
854.5000	  1.5081
854.0000	  1.5224
853.5000	  1.5183
853.0000	  1.5196
852.5000	  1.5234
852.0000	  1.5219
851.5000	  1.5187
851.0000	  1.5212
850.5000	  1.5266
850.0000	  1.5208
849.5000	  1.5238
849.0000	  1.5229
848.5000	  1.5270
848.0000	  1.5245
847.5000	  1.5247
847.0000	  1.5281
846.5000	  1.5290
846.0000	  1.5227
845.5000	  1.5239
845.0000	  1.5293
844.5000	  1.5281
844.0000	  1.5290
843.5000	  1.5246
843.0000	  1.5275
842.5000	  1.5305
842.0000	  1.5296
841.5000	  1.5284
841.0000	  1.5303
840.5000	  1.5307
840.0000	  1.5274
839.5000	  1.5270
839.0000	  1.5281
838.5000	  1.5307
838.0000	  1.5299
837.5000	  1.5285
837.0000	  1.5274
836.5000	  1.5310
836.0000	  1.5275
835.5000	  1.5302
835.0000	  1.5260
834.5000	  1.5317
834.0000	  1.5280
833.5000	  1.5307
833.0000	  1.5286
832.5000	  1.5325
832.0000	  1.5312
831.5000	  1.5314
831.0000	  1.5253
830.5000	  1.5315
830.0000	  1.5269
829.5000	  1.5276
829.0000	  1.5326
828.5000	  1.5226
828.0000	  1.5307
827.5000	  1.5284
827.0000	  1.5285
826.5000	  1.5246
826.0000	  1.5294
825.5000	  1.5269
825.0000	  1.5274
824.5000	  1.5282
824.0000	  1.5250
823.5000	  1.5286
823.0000	  1.5229
822.5000	  1.5265
822.0000	  1.5265
821.5000	  1.5292
821.0000	  1.5228
820.5000	  1.5278
820.0000	  1.5307
819.5000	  1.5288
819.0000	  1.5294
818.5000	  1.5269
818.0000	  1.5268
817.5000	  1.5256
817.0000	  1.5273
816.5000	  1.5252
816.0000	  1.5304
815.5000	  1.5297
815.0000	  1.5284
814.5000	  1.5270
814.0000	  1.5244
813.5000	  1.5267
813.0000	  1.5271
812.5000	  1.5287
812.0000	  1.5233
811.5000	  1.5315
811.0000	  1.5246
810.5000	  1.5282
810.0000	  1.5283
809.5000	  1.5287
809.0000	  1.5258
808.5000	  1.5298
808.0000	  1.5262
807.5000	  1.5242
807.0000	  1.5336
806.5000	  1.5247
806.0000	  1.5253
805.5000	  1.5302
805.0000	  1.5260
804.5000	  1.5277
804.0000	  1.5304
803.5000	  1.5271
803.0000	  1.5287
802.5000	  1.5302
802.0000	  1.5256
801.5000	  1.5303
801.0000	  1.5275
800.5000	  1.5240
800.0000	  1.5251
799.5000	  1.5283
799.0000	  1.5255
798.5000	  1.5305
798.0000	  1.5269
797.5000	  1.5213
797.0000	  1.5299
796.5000	  1.5268
796.0000	  1.5286
795.5000	  1.5299
795.0000	  1.5253
794.5000	  1.5271
794.0000	  1.5305
793.5000	  1.5257
793.0000	  1.5323
792.5000	  1.5307
792.0000	  1.5262
791.5000	  1.5332
791.0000	  1.5250
790.5000	  1.5247
790.0000	  1.5309
789.5000	  1.5238
789.0000	  1.5298
788.5000	  1.5309
788.0000	  1.5244
787.5000	  1.5278
787.0000	  1.5304
786.5000	  1.5208
786.0000	  1.5307
785.5000	  1.5274
785.0000	  1.5220
784.5000	  1.5334
784.0000	  1.5281
783.5000	  1.5236
783.0000	  1.5322
782.5000	  1.5264
782.0000	  1.5225
781.5000	  1.5316
781.0000	  1.5250
780.5000	  1.5258
780.0000	  1.5318
779.5000	  1.5242
779.0000	  1.5289
778.5000	  1.5290
778.0000	  1.5258
777.5000	  1.5278
777.0000	  1.5287
776.5000	  1.5235
776.0000	  1.5309
775.5000	  1.5248
775.0000	  1.5270
774.5000	  1.5266
774.0000	  1.5248
773.5000	  1.5316
773.0000	  1.5249
772.5000	  1.5233
772.0000	  1.5279
771.5000	  1.5267
771.0000	  1.5253
770.5000	  1.5283
770.0000	  1.5212
769.5000	  1.5260
769.0000	  1.5270
768.5000	  1.5223
768.0000	  1.5276
767.5000	  1.5196
767.0000	  1.5267
766.5000	  1.5245
766.0000	  1.5228
765.5000	  1.5274
765.0000	  1.5196
764.5000	  1.5255
764.0000	  1.5242
763.5000	  1.5239
763.0000	  1.5268
762.5000	  1.5250
762.0000	  1.5259
761.5000	  1.5233
761.0000	  1.5229
760.5000	  1.5261
760.0000	  1.5243
759.5000	  1.5216
759.0000	  1.5255
758.5000	  1.5200
758.0000	  1.5257
757.5000	  1.5248
757.0000	  1.5233
756.5000	  1.5217
756.0000	  1.5206
755.5000	  1.5266
755.0000	  1.5241
754.5000	  1.5238
754.0000	  1.5248
753.5000	  1.5217
753.0000	  1.5251
752.5000	  1.5178
752.0000	  1.5222
751.5000	  1.5231
751.0000	  1.5223
750.5000	  1.5224
750.0000	  1.5214
749.5000	  1.5232
749.0000	  1.5227
748.5000	  1.5227
748.0000	  1.5201
747.5000	  1.5186
747.0000	  1.5218
746.5000	  1.5217
746.0000	  1.5218
745.5000	  1.5220
745.0000	  1.5196
744.5000	  1.5175
744.0000	  1.5235
743.5000	  1.5160
743.0000	  1.5228
742.5000	  1.5181
742.0000	  1.5212
741.5000	  1.5193
741.0000	  1.5170
740.5000	  1.5214
740.0000	  1.5168
739.5000	  1.5207
739.0000	  1.5192
738.5000	  1.5190
738.0000	  1.5194
737.5000	  1.5172
737.0000	  1.5180
736.5000	  1.5195
736.0000	  1.5198
735.5000	  1.5213
735.0000	  1.5197
734.5000	  1.5182
734.0000	  1.5193
733.5000	  1.5196
733.0000	  1.5261
732.5000	  1.5158
732.0000	  1.5205
731.5000	  1.5211
731.0000	  1.5214
730.5000	  1.5217
730.0000	  1.5181
729.5000	  1.5236
729.0000	  1.5187
728.5000	  1.5248
728.0000	  1.5207
727.5000	  1.5248
727.0000	  1.5250
726.5000	  1.5210
726.0000	  1.5295
725.5000	  1.5257
725.0000	  1.5328
724.5000	  1.5297
724.0000	  1.5357
723.5000	  1.5351
723.0000	  1.5343
722.5000	  1.5419
722.0000	  1.5396
721.5000	  1.5506
721.0000	  1.5443
720.5000	  1.5554
720.0000	  1.5527
719.5000	  1.5589
719.0000	  1.5621
718.5000	  1.5637
718.0000	  1.5707
717.5000	  1.5666
717.0000	  1.5692
716.5000	  1.5637
716.0000	  1.5664
715.5000	  1.5603
715.0000	  1.5558
714.5000	  1.5524
714.0000	  1.5458
713.5000	  1.5464
713.0000	  1.5356
712.5000	  1.5338
712.0000	  1.5281
711.5000	  1.5301
711.0000	  1.5199
710.5000	  1.5185
710.0000	  1.5145
709.5000	  1.5113
709.0000	  1.5099
708.5000	  1.5065
708.0000	  1.5084
707.5000	  1.5016
707.0000	  1.5039
706.5000	  1.5016
706.0000	  1.5041
705.5000	  1.5005
705.0000	  1.5018
704.5000	  1.5014
704.0000	  1.5001
703.5000	  1.5031
703.0000	  1.4987
702.5000	  1.5008
702.0000	  1.4990
701.5000	  1.5001
701.0000	  1.5003
700.5000	  1.4987
700.0000	  1.4980
699.5000	  1.4980
699.0000	  1.4992
698.5000	  1.4953
698.0000	  1.4962
697.5000	  1.4953
697.0000	  1.4961
696.5000	  1.4942
696.0000	  1.4935
695.5000	  1.4935
695.0000	  1.4944
694.5000	  1.4928
694.0000	  1.4939
693.5000	  1.4919
693.0000	  1.4919
692.5000	  1.4911
692.0000	  1.4882
691.5000	  1.4906
691.0000	  1.4898
690.5000	  1.4902
690.0000	  1.4855
689.5000	  1.4900
689.0000	  1.4862
688.5000	  1.4856
688.0000	  1.4873
687.5000	  1.4846
687.0000	  1.4851
686.5000	  1.4851
686.0000	  1.4849
685.5000	  1.4810
685.0000	  1.4847
684.5000	  1.4823
684.0000	  1.4845
683.5000	  1.4819
683.0000	  1.4838
682.5000	  1.4782
682.0000	  1.4816
681.5000	  1.4810
681.0000	  1.4771
680.5000	  1.4782
680.0000	  1.4803
679.5000	  1.4781
679.0000	  1.4764
678.5000	  1.4756
678.0000	  1.4752
677.5000	  1.4772
677.0000	  1.4758
676.5000	  1.4751
676.0000	  1.4741
675.5000	  1.4726
675.0000	  1.4749
674.5000	  1.4697
674.0000	  1.4724
673.5000	  1.4703
673.0000	  1.4724
672.5000	  1.4682
672.0000	  1.4707
671.5000	  1.4693
671.0000	  1.4694
670.5000	  1.4679
670.0000	  1.4669
669.5000	  1.4661
669.0000	  1.4663
668.5000	  1.4662
668.0000	  1.4640
667.5000	  1.4648
667.0000	  1.4648
666.5000	  1.4652
666.0000	  1.4629
665.5000	  1.4638
665.0000	  1.4610
664.5000	  1.4636
664.0000	  1.4605
663.5000	  1.4618
663.0000	  1.4606
662.5000	  1.4597
662.0000	  1.4608
661.5000	  1.4571
661.0000	  1.4584
660.5000	  1.4559
660.0000	  1.4608
659.5000	  1.4548
659.0000	  1.4568
658.5000	  1.4572
658.0000	  1.4570
657.5000	  1.4525
657.0000	  1.4551
656.5000	  1.4535
656.0000	  1.4516
655.5000	  1.4529
655.0000	  1.4507
654.5000	  1.4505
654.0000	  1.4497
653.5000	  1.4524
653.0000	  1.4474
652.5000	  1.4502
652.0000	  1.4499
651.5000	  1.4483
651.0000	  1.4468
650.5000	  1.4478
650.0000	  1.4452
649.5000	  1.4446
649.0000	  1.4473
648.5000	  1.4426
648.0000	  1.4443
647.5000	  1.4428
647.0000	  1.4437
646.5000	  1.4426
646.0000	  1.4413
645.5000	  1.4390
645.0000	  1.4385
644.5000	  1.4398
644.0000	  1.4374
643.5000	  1.4381
643.0000	  1.4358
642.5000	  1.4370
642.0000	  1.4314
641.5000	  1.4362
641.0000	  1.4348
640.5000	  1.4344
640.0000	  1.4329
639.5000	  1.4317
639.0000	  1.4309
638.5000	  1.4306
638.0000	  1.4328
637.5000	  1.4286
637.0000	  1.4311
636.5000	  1.4294
636.0000	  1.4293
635.5000	  1.4293
635.0000	  1.4295
634.5000	  1.4288
634.0000	  1.4280
633.5000	  1.4302
633.0000	  1.4261
632.5000	  1.4298
632.0000	  1.4271
631.5000	  1.4298
631.0000	  1.4284
630.5000	  1.4307
630.0000	  1.4309
629.5000	  1.4312
629.0000	  1.4345
628.5000	  1.4320
628.0000	  1.4362
627.5000	  1.4356
627.0000	  1.4397
626.5000	  1.4362
626.0000	  1.4398
625.5000	  1.4408
625.0000	  1.4424
624.5000	  1.4446
624.0000	  1.4434
623.5000	  1.4449
623.0000	  1.4449
622.5000	  1.4488
622.0000	  1.4456
621.5000	  1.4477
621.0000	  1.4494
620.5000	  1.4497
620.0000	  1.4502
619.5000	  1.4494
619.0000	  1.4511
618.5000	  1.4483
618.0000	  1.4480
617.5000	  1.4460
617.0000	  1.4474
616.5000	  1.4465
616.0000	  1.4465
615.5000	  1.4424
615.0000	  1.4467
614.5000	  1.4447
614.0000	  1.4438
613.5000	  1.4455
613.0000	  1.4436
612.5000	  1.4456
612.0000	  1.4443
611.5000	  1.4460
611.0000	  1.4408
610.5000	  1.4436
610.0000	  1.4433
609.5000	  1.4443
609.0000	  1.4418
608.5000	  1.4426
608.0000	  1.4426
607.5000	  1.4446
607.0000	  1.4445
606.5000	  1.4416
606.0000	  1.4420
605.5000	  1.4429
605.0000	  1.4446
604.5000	  1.4420
604.0000	  1.4435
603.5000	  1.4428
603.0000	  1.4433
602.5000	  1.4413
602.0000	  1.4430
601.5000	  1.4425
601.0000	  1.4458
600.5000	  1.4445
600.0000	  1.4438
599.5000	  1.4446
599.0000	  1.4427
598.5000	  1.4449
598.0000	  1.4422
597.5000	  1.4444
597.0000	  1.4440
596.5000	  1.4455
596.0000	  1.4451
595.5000	  1.4452
595.0000	  1.4443
594.5000	  1.4425
594.0000	  1.4485
593.5000	  1.4415
593.0000	  1.4477
592.5000	  1.4472
592.0000	  1.4456
591.5000	  1.4464
591.0000	  1.4476
590.5000	  1.4470
590.0000	  1.4473
589.5000	  1.4501
589.0000	  1.4449
588.5000	  1.4489
588.0000	  1.4493
587.5000	  1.4495
587.0000	  1.4483
586.5000	  1.4494
586.0000	  1.4477
585.5000	  1.4496
585.0000	  1.4510
584.5000	  1.4479
584.0000	  1.4502
583.5000	  1.4487
583.0000	  1.4517
582.5000	  1.4506
582.0000	  1.4518
581.5000	  1.4508
581.0000	  1.4523
580.5000	  1.4555
580.0000	  1.4508
579.5000	  1.4532
579.0000	  1.4543
578.5000	  1.4560
578.0000	  1.4541
577.5000	  1.4555
577.0000	  1.4568
576.5000	  1.4548
576.0000	  1.4592
575.5000	  1.4559
575.0000	  1.4578
574.5000	  1.4568
574.0000	  1.4595
573.5000	  1.4595
573.0000	  1.4586
572.5000	  1.4606
572.0000	  1.4603
571.5000	  1.4619
571.0000	  1.4593
570.5000	  1.4633
570.0000	  1.4631
569.5000	  1.4649
569.0000	  1.4619
568.5000	  1.4653
568.0000	  1.4630
567.5000	  1.4651
567.0000	  1.4677
566.5000	  1.4663
566.0000	  1.4688
565.5000	  1.4663
565.0000	  1.4683
564.5000	  1.4691
564.0000	  1.4696
563.5000	  1.4695
563.0000	  1.4722
562.5000	  1.4734
562.0000	  1.4687
561.5000	  1.4734
561.0000	  1.4718
560.5000	  1.4754
560.0000	  1.4717
559.5000	  1.4731
559.0000	  1.4723
558.5000	  1.4737
558.0000	  1.4746
557.5000	  1.4757
557.0000	  1.4763
556.5000	  1.4759
556.0000	  1.4785
555.5000	  1.4777
555.0000	  1.4786
554.5000	  1.4780
554.0000	  1.4787
553.5000	  1.4820
553.0000	  1.4806
552.5000	  1.4822
552.0000	  1.4834
551.5000	  1.4853
551.0000	  1.4844
550.5000	  1.4859
550.0000	  1.4859
549.5000	  1.4861
549.0000	  1.4885
548.5000	  1.4857
548.0000	  1.4897
547.5000	  1.4888
547.0000	  1.4911
546.5000	  1.4891
546.0000	  1.4922
545.5000	  1.4923
545.0000	  1.4946
544.5000	  1.4950
544.0000	  1.4932
543.5000	  1.4957
543.0000	  1.4955
542.5000	  1.4982
542.0000	  1.4954
541.5000	  1.4988
541.0000	  1.4978
540.5000	  1.5013
540.0000	  1.5006
539.5000	  1.5014
539.0000	  1.5025
538.5000	  1.5036
538.0000	  1.5063
537.5000	  1.5030
537.0000	  1.5059
536.5000	  1.5044
536.0000	  1.5080
535.5000	  1.5068
535.0000	  1.5089
534.5000	  1.5087
534.0000	  1.5091
533.5000	  1.5118
533.0000	  1.5098
532.5000	  1.5120
532.0000	  1.5133
531.5000	  1.5153
531.0000	  1.5125
530.5000	  1.5164
530.0000	  1.5152
529.5000	  1.5174
529.0000	  1.5179
528.5000	  1.5190
528.0000	  1.5186
527.5000	  1.5207
527.0000	  1.5240
526.5000	  1.5194
526.0000	  1.5239
525.5000	  1.5227
525.0000	  1.5259
524.5000	  1.5231
524.0000	  1.5266
523.5000	  1.5269
523.0000	  1.5279
522.5000	  1.5285
522.0000	  1.5277
521.5000	  1.5291
521.0000	  1.5292
520.5000	  1.5340
520.0000	  1.5288
519.5000	  1.5341
519.0000	  1.5342
518.5000	  1.5360
518.0000	  1.5351
517.5000	  1.5365
517.0000	  1.5374
516.5000	  1.5379
516.0000	  1.5406
515.5000	  1.5382
515.0000	  1.5417
514.5000	  1.5410
514.0000	  1.5433
513.5000	  1.5419
513.0000	  1.5448
512.5000	  1.5444
512.0000	  1.5473
511.5000	  1.5484
511.0000	  1.5476
510.5000	  1.5501
510.0000	  1.5514
509.5000	  1.5552
509.0000	  1.5508
508.5000	  1.5570
508.0000	  1.5583
507.5000	  1.5596
507.0000	  1.5595
506.5000	  1.5619
506.0000	  1.5634
505.5000	  1.5652
505.0000	  1.5685
504.5000	  1.5657
504.0000	  1.5712
503.5000	  1.5712
503.0000	  1.5752
502.5000	  1.5750
502.0000	  1.5782
501.5000	  1.5807
501.0000	  1.5814
500.5000	  1.5845
500.0000	  1.5843
499.5000	  1.5857
499.0000	  1.5883
498.5000	  1.5913
498.0000	  1.5898
497.5000	  1.5941
497.0000	  1.5951
496.5000	  1.5970
496.0000	  1.5969
495.5000	  1.5993
495.0000	  1.6010
494.5000	  1.6022
494.0000	  1.6017
493.5000	  1.6025
493.0000	  1.6046
492.5000	  1.6043
492.0000	  1.6083
491.5000	  1.6067
491.0000	  1.6088
490.5000	  1.6102
490.0000	  1.6111
489.5000	  1.6124
489.0000	  1.6099
488.5000	  1.6107
488.0000	  1.6110
487.5000	  1.6143
487.0000	  1.6134
486.5000	  1.6134
486.0000	  1.6149
485.5000	  1.6181
485.0000	  1.6157
484.5000	  1.6202
484.0000	  1.6184
483.5000	  1.6211
483.0000	  1.6202
482.5000	  1.6207
482.0000	  1.6210
481.5000	  1.6223
481.0000	  1.6286
480.5000	  1.6242
480.0000	  1.6270
479.5000	  1.6256
479.0000	  1.6289
478.5000	  1.6298
478.0000	  1.6319
477.5000	  1.6308
477.0000	  1.6343
476.5000	  1.6358
476.0000	  1.6335
475.5000	  1.6380
475.0000	  1.6357
474.5000	  1.6426
474.0000	  1.6378
473.5000	  1.6429
473.0000	  1.6418
472.5000	  1.6464
472.0000	  1.6451
471.5000	  1.6495
471.0000	  1.6480
470.5000	  1.6524
470.0000	  1.6549
469.5000	  1.6512
469.0000	  1.6546
468.5000	  1.6547
468.0000	  1.6617
467.5000	  1.6582
467.0000	  1.6649
466.5000	  1.6625
466.0000	  1.6666
465.5000	  1.6690
465.0000	  1.6717
464.5000	  1.6729
464.0000	  1.6756
463.5000	  1.6811
463.0000	  1.6800
462.5000	  1.6856
462.0000	  1.6832
461.5000	  1.6895
461.0000	  1.6898
460.5000	  1.6934
460.0000	  1.6968
459.5000	  1.6992
459.0000	  1.6994
458.5000	  1.7048
458.0000	  1.7026
457.5000	  1.7054
457.0000	  1.7089
456.5000	  1.7052
456.0000	  1.7109
455.5000	  1.7095
455.0000	  1.7124
454.5000	  1.7099
454.0000	  1.7094
453.5000	  1.7111
453.0000	  1.7103
452.5000	  1.7119
452.0000	  1.7079
451.5000	  1.7080
451.0000	  1.7040
450.5000	  1.7037
450.0000	  1.6994
449.5000	  1.6971
449.0000	  1.6950
448.5000	  1.6922
448.0000	  1.6903
447.5000	  1.6895
447.0000	  1.6876
446.5000	  1.6864
446.0000	  1.6895
445.5000	  1.6805
445.0000	  1.6826
444.5000	  1.6800
444.0000	  1.6793
443.5000	  1.6757
443.0000	  1.6765
442.5000	  1.6738
442.0000	  1.6757
441.5000	  1.6783
441.0000	  1.6702
440.5000	  1.6738
440.0000	  1.6709
439.5000	  1.6748
439.0000	  1.6705
438.5000	  1.6737
438.0000	  1.6729
437.5000	  1.6718
437.0000	  1.6718
436.5000	  1.6693
436.0000	  1.6720
435.5000	  1.6718
435.0000	  1.6744
434.5000	  1.6707
434.0000	  1.6713
433.5000	  1.6730
433.0000	  1.6712
432.5000	  1.6735
432.0000	  1.6744
431.5000	  1.6765
431.0000	  1.6752
430.5000	  1.6779
430.0000	  1.6722
429.5000	  1.6770
429.0000	  1.6745
428.5000	  1.6785
428.0000	  1.6738
427.5000	  1.6797
427.0000	  1.6766
426.5000	  1.6786
426.0000	  1.6820
425.5000	  1.6781
425.0000	  1.6816
424.5000	  1.6825
424.0000	  1.6840
423.5000	  1.6805
423.0000	  1.6835
422.5000	  1.6856
422.0000	  1.6821
421.5000	  1.6864
421.0000	  1.6862
420.5000	  1.6896
420.0000	  1.6883
419.5000	  1.6897
419.0000	  1.6868
418.5000	  1.6903
418.0000	  1.6876
417.5000	  1.6898
417.0000	  1.6933
416.5000	  1.6927
416.0000	  1.6938
415.5000	  1.6909
415.0000	  1.6961
414.5000	  1.6935
414.0000	  1.6954
413.5000	  1.6933
413.0000	  1.6945
412.5000	  1.6959
412.0000	  1.6957
411.5000	  1.6966
411.0000	  1.6963
410.5000	  1.6982
410.0000	  1.6980
409.5000	  1.7006
409.0000	  1.6975
408.5000	  1.7007
408.0000	  1.7009
407.5000	  1.7016
407.0000	  1.7005
406.5000	  1.7043
406.0000	  1.7024
405.5000	  1.6999
405.0000	  1.7028
404.5000	  1.7031
404.0000	  1.7029
403.5000	  1.7105
403.0000	  1.7033
402.5000	  1.7078
402.0000	  1.7054
401.5000	  1.7129
401.0000	  1.7056
400.5000	  1.7084
400.0000	  1.7118
399.5000	  1.7151
399.0000	  1.7131
398.5000	  1.7127
398.0000	  1.7098
397.5000	  1.7111
397.0000	  1.7143
396.5000	  1.7120
396.0000	  1.7162
395.5000	  1.7185
395.0000	  1.7180
394.5000	  1.7196
394.0000	  1.7151
393.5000	  1.7196
393.0000	  1.7190
392.5000	  1.7252
392.0000	  1.7217
391.5000	  1.7236
391.0000	  1.7221
390.5000	  1.7235
390.0000	  1.7266
389.5000	  1.7242
389.0000	  1.7282
388.5000	  1.7291
388.0000	  1.7308
387.5000	  1.7319
387.0000	  1.7285
386.5000	  1.7328
386.0000	  1.7356
385.5000	  1.7417
385.0000	  1.7361
384.5000	  1.7382
384.0000	  1.7355
383.5000	  1.7430
383.0000	  1.7419
382.5000	  1.7425
382.0000	  1.7508
381.5000	  1.7432
381.0000	  1.7468
380.5000	  1.7468
380.0000	  1.7416
379.5000	  1.7487
379.0000	  1.7520
378.5000	  1.7509
378.0000	  1.7526
377.5000	  1.7525
377.0000	  1.7552
376.5000	  1.7549
376.0000	  1.7523
375.5000	  1.7552
375.0000	  1.7571
374.5000	  1.7591
374.0000	  1.7529
373.5000	  1.7574
373.0000	  1.7604
372.5000	  1.7575
372.0000	  1.7580
371.5000	  1.7573
371.0000	  1.7643
370.5000	  1.7622
370.0000	  1.7653
369.5000	  1.7709
369.0000	  1.7685
368.5000	  1.7649
368.0000	  1.7624
367.5000	  1.7662
367.0000	  1.7714
366.5000	  1.7692
366.0000	  1.7700
365.5000	  1.7712
365.0000	  1.7791
364.5000	  1.7715
364.0000	  1.7800
363.5000	  1.7759
363.0000	  1.7806
362.5000	  1.7762
362.0000	  1.7815
361.5000	  1.7782
361.0000	  1.7810
360.5000	  1.7844
360.0000	  1.7821
359.5000	  1.7888
359.0000	  1.7865
358.5000	  1.7911
358.0000	  1.7898
357.5000	  1.7898
357.0000	  1.7917
356.5000	  1.7894
356.0000	  1.8017
355.5000	  1.7856
355.0000	  1.7951
354.5000	  1.7948
354.0000	  1.7921
353.5000	  1.8032
353.0000	  1.7980
352.5000	  1.7986
352.0000	  1.7968
351.5000	  1.8034
351.0000	  1.8018
350.5000	  1.8007
350.0000	  1.8031
