30/05/2023 16.05.45
30/05/2023 16.13.05

900.0000	180.0300

900.0000	180.0300

900.0000	141.6000



  1.0000
900.0000
  3.0000
340.0000
  1.0000
1101.0000
  5.0000
  6.0000
  1.0000
  1.0000
  0.0000
  0.0000
100.0000
  0.0000
  1.0000
  0.0000
500.0000
900.0000
350.0000
  4.0000
  1.0000
 18.0000
  2.0000
  1.0000
255.0000
  0.6248
  1.0000
 30.0000
  4.0000
500.0000
  0.0000
  0.0000
  4.0000
900.0000
350.0000
  0.0000
100.0000
  0.0000
  1.0000
  0.0000
500.0000
  1.0000
  1.0000
  1.0000
  1.0000
  4.0000
  0.0000
  1.0000
  1.0000
  1.0000
  1.0000
  1.0000
  2.0000
  1.0000
  1.0000
  1.0000
  3.0000
  1.0000
  1.0000
  1.0000
  4.0000
  5.0000
440.603
0.000
900.0000	  1.3282
899.5000	  1.4978
899.0000	  1.6727
898.5000	  1.1834
898.0000	  1.5897
897.5000	  1.3689
897.0000	  1.1931
896.5000	  1.4195
896.0000	  1.3238
895.5000	  1.3166
895.0000	  1.3046
894.5000	  1.2965
894.0000	  1.3566
893.5000	  1.5309
893.0000	  1.6039
892.5000	  1.3899
892.0000	  1.4771
891.5000	  1.1793
891.0000	  1.3158
890.5000	  1.3548
890.0000	  1.3656
889.5000	  1.3639
889.0000	  1.3108
888.5000	  1.3132
888.0000	  1.3038
887.5000	  1.3836
887.0000	  1.3590
886.5000	  1.4245
886.0000	  1.2537
885.5000	  1.3228
885.0000	  1.2990
884.5000	  1.3635
884.0000	  1.3409
883.5000	  1.3943
883.0000	  1.2769
882.5000	  1.3424
882.0000	  1.2526
881.5000	  1.2641
881.0000	  1.3171
880.5000	  1.3198
880.0000	  1.3588
879.5000	  1.3297
879.0000	  1.3366
878.5000	  1.3165
878.0000	  1.3511
877.5000	  1.3294
877.0000	  1.3234
876.5000	  1.3274
876.0000	  1.3133
875.5000	  1.3149
875.0000	  1.3466
874.5000	  1.3755
874.0000	  1.3533
873.5000	  1.2909
873.0000	  1.3495
872.5000	  1.3331
872.0000	  1.3476
871.5000	  1.2889
871.0000	  1.3280
870.5000	  1.3513
870.0000	  1.3181
869.5000	  1.3355
869.0000	  1.3248
868.5000	  1.3189
868.0000	  1.3493
867.5000	  1.3199
867.0000	  1.3025
866.5000	  1.3233
866.0000	  1.3209
865.5000	  1.3042
865.0000	  1.3232
864.5000	  1.3407
864.0000	  1.3128
863.5000	  1.3244
863.0000	  1.3451
862.5000	  1.3190
862.0000	  1.3159
861.5000	  1.3221
861.0000	  1.3382
860.5000	  1.3140
860.0000	  1.3230
859.5000	  1.3241
859.0000	  1.3305
858.5000	  1.3169
858.0000	  1.3227
857.5000	  1.3262
857.0000	  1.3227
856.5000	  1.3285
856.0000	  1.3254
855.5000	  1.3281
855.0000	  1.3343
854.5000	  1.3366
854.0000	  1.3229
853.5000	  1.3270
853.0000	  1.3277
852.5000	  1.3274
852.0000	  1.3385
851.5000	  1.3275
851.0000	  1.3299
850.5000	  1.3359
850.0000	  1.3279
849.5000	  1.3323
849.0000	  1.3295
848.5000	  1.3304
848.0000	  1.3296
847.5000	  1.3280
847.0000	  1.3375
846.5000	  1.3415
846.0000	  1.3275
845.5000	  1.3299
845.0000	  1.3373
844.5000	  1.3292
844.0000	  1.3333
843.5000	  1.3393
843.0000	  1.3344
842.5000	  1.3362
842.0000	  1.3315
841.5000	  1.3336
841.0000	  1.3389
840.5000	  1.3372
840.0000	  1.3356
839.5000	  1.3357
839.0000	  1.3390
838.5000	  1.3408
838.0000	  1.3351
837.5000	  1.3368
837.0000	  1.3354
836.5000	  1.3412
836.0000	  1.3386
835.5000	  1.3405
835.0000	  1.3397
834.5000	  1.3385
834.0000	  1.3411
833.5000	  1.3418
833.0000	  1.3458
832.5000	  1.3459
832.0000	  1.3436
831.5000	  1.3427
831.0000	  1.3442
830.5000	  1.3435
830.0000	  1.3442
829.5000	  1.3445
829.0000	  1.3454
828.5000	  1.3471
828.0000	  1.3467
827.5000	  1.3495
827.0000	  1.3430
826.5000	  1.3476
826.0000	  1.3447
825.5000	  1.3486
825.0000	  1.3480
824.5000	  1.3481
824.0000	  1.3446
823.5000	  1.3484
823.0000	  1.3502
822.5000	  1.3469
822.0000	  1.3461
821.5000	  1.3478
821.0000	  1.3496
820.5000	  1.3495
820.0000	  1.3496
819.5000	  1.3497
819.0000	  1.3518
818.5000	  1.3487
818.0000	  1.3512
817.5000	  1.3508
817.0000	  1.3535
816.5000	  1.3510
816.0000	  1.3550
815.5000	  1.3517
815.0000	  1.3523
814.5000	  1.3499
814.0000	  1.3489
813.5000	  1.3533
813.0000	  1.3540
812.5000	  1.3549
812.0000	  1.3564
811.5000	  1.3542
811.0000	  1.3543
810.5000	  1.3559
810.0000	  1.3569
809.5000	  1.3545
809.0000	  1.3534
808.5000	  1.3556
808.0000	  1.3584
807.5000	  1.3587
807.0000	  1.3537
806.5000	  1.3536
806.0000	  1.3609
805.5000	  1.3595
805.0000	  1.3616
804.5000	  1.3615
804.0000	  1.3599
803.5000	  1.3593
803.0000	  1.3589
802.5000	  1.3618
802.0000	  1.3582
801.5000	  1.3614
801.0000	  1.3589
800.5000	  1.3611
800.0000	  1.3590
799.5000	  1.3638
799.0000	  1.3668
798.5000	  1.3595
798.0000	  1.3636
797.5000	  1.3640
797.0000	  1.3647
796.5000	  1.3631
796.0000	  1.3666
795.5000	  1.3664
795.0000	  1.3660
794.5000	  1.3651
794.0000	  1.3680
793.5000	  1.3618
793.0000	  1.3674
792.5000	  1.3715
792.0000	  1.3646
791.5000	  1.3690
791.0000	  1.3669
790.5000	  1.3692
790.0000	  1.3680
789.5000	  1.3695
789.0000	  1.3659
788.5000	  1.3721
788.0000	  1.3676
787.5000	  1.3697
787.0000	  1.3702
786.5000	  1.3654
786.0000	  1.3711
785.5000	  1.3692
785.0000	  1.3718
784.5000	  1.3702
784.0000	  1.3708
783.5000	  1.3697
783.0000	  1.3734
782.5000	  1.3711
782.0000	  1.3713
781.5000	  1.3750
781.0000	  1.3733
780.5000	  1.3734
780.0000	  1.3751
779.5000	  1.3743
779.0000	  1.3727
778.5000	  1.3785
778.0000	  1.3706
777.5000	  1.3759
777.0000	  1.3764
776.5000	  1.3761
776.0000	  1.3765
775.5000	  1.3762
775.0000	  1.3755
774.5000	  1.3752
774.0000	  1.3776
773.5000	  1.3785
773.0000	  1.3797
772.5000	  1.3748
772.0000	  1.3779
771.5000	  1.3791
771.0000	  1.3805
770.5000	  1.3795
770.0000	  1.3787
769.5000	  1.3787
769.0000	  1.3848
768.5000	  1.3819
768.0000	  1.3792
767.5000	  1.3842
767.0000	  1.3795
766.5000	  1.3825
766.0000	  1.3815
765.5000	  1.3788
765.0000	  1.3803
764.5000	  1.3820
764.0000	  1.3844
763.5000	  1.3847
763.0000	  1.3802
762.5000	  1.3831
762.0000	  1.3864
761.5000	  1.3809
761.0000	  1.3844
760.5000	  1.3822
760.0000	  1.3831
759.5000	  1.3844
759.0000	  1.3831
758.5000	  1.3851
758.0000	  1.3857
757.5000	  1.3834
757.0000	  1.3860
756.5000	  1.3835
756.0000	  1.3858
755.5000	  1.3906
755.0000	  1.3829
754.5000	  1.3912
754.0000	  1.3854
753.5000	  1.3879
753.0000	  1.3871
752.5000	  1.3851
752.0000	  1.3853
751.5000	  1.3882
751.0000	  1.3894
750.5000	  1.3881
750.0000	  1.3884
749.5000	  1.3905
749.0000	  1.3901
748.5000	  1.3870
748.0000	  1.3911
747.5000	  1.3900
747.0000	  1.3906
746.5000	  1.3908
746.0000	  1.3859
745.5000	  1.3909
745.0000	  1.3923
744.5000	  1.3889
744.0000	  1.3929
743.5000	  1.3927
743.0000	  1.3911
742.5000	  1.3914
742.0000	  1.3882
741.5000	  1.3931
741.0000	  1.3913
740.5000	  1.3934
740.0000	  1.3920
739.5000	  1.3904
739.0000	  1.3914
738.5000	  1.3888
738.0000	  1.3936
737.5000	  1.3943
737.0000	  1.3918
736.5000	  1.3918
736.0000	  1.3963
735.5000	  1.3941
735.0000	  1.3927
734.5000	  1.3885
734.0000	  1.3916
733.5000	  1.3922
733.0000	  1.3871
732.5000	  1.3954
732.0000	  1.3907
731.5000	  1.3960
731.0000	  1.3892
730.5000	  1.3956
730.0000	  1.3900
729.5000	  1.3926
729.0000	  1.3935
728.5000	  1.3891
728.0000	  1.3893
727.5000	  1.3917
727.0000	  1.3902
726.5000	  1.3929
726.0000	  1.3882
725.5000	  1.3933
725.0000	  1.3904
724.5000	  1.3917
724.0000	  1.3932
723.5000	  1.3917
723.0000	  1.3981
722.5000	  1.3912
722.0000	  1.3993
721.5000	  1.3949
721.0000	  1.4009
720.5000	  1.4052
720.0000	  1.4061
719.5000	  1.4123
719.0000	  1.4165
718.5000	  1.4228
718.0000	  1.4293
717.5000	  1.4321
717.0000	  1.4410
716.5000	  1.4492
716.0000	  1.4505
715.5000	  1.4518
715.0000	  1.4557
714.5000	  1.4557
714.0000	  1.4483
713.5000	  1.4489
713.0000	  1.4477
712.5000	  1.4477
712.0000	  1.4388
711.5000	  1.4346
711.0000	  1.4355
710.5000	  1.4282
710.0000	  1.4289
709.5000	  1.4198
709.0000	  1.4229
708.5000	  1.4175
708.0000	  1.4163
707.5000	  1.4076
707.0000	  1.4120
706.5000	  1.4074
706.0000	  1.4023
705.5000	  1.4036
705.0000	  1.4029
704.5000	  1.4059
704.0000	  1.4043
703.5000	  1.4052
703.0000	  1.4030
702.5000	  1.4028
702.0000	  1.4064
701.5000	  1.4058
701.0000	  1.4069
700.5000	  1.4040
700.0000	  1.4029
699.5000	  1.4039
699.0000	  1.4057
698.5000	  1.4039
698.0000	  1.4026
697.5000	  1.4040
697.0000	  1.4047
696.5000	  1.4050
696.0000	  1.4047
695.5000	  1.4042
695.0000	  1.4064
694.5000	  1.4032
694.0000	  1.4029
693.5000	  1.4025
693.0000	  1.4032
692.5000	  1.4039
692.0000	  1.4043
691.5000	  1.4036
691.0000	  1.4045
690.5000	  1.4049
690.0000	  1.4031
689.5000	  1.4062
689.0000	  1.4017
688.5000	  1.4047
688.0000	  1.4036
687.5000	  1.4075
687.0000	  1.4006
686.5000	  1.4057
686.0000	  1.4040
685.5000	  1.4038
685.0000	  1.4029
684.5000	  1.4058
684.0000	  1.4032
683.5000	  1.4041
683.0000	  1.4035
682.5000	  1.4040
682.0000	  1.4056
681.5000	  1.4008
681.0000	  1.4043
680.5000	  1.4025
680.0000	  1.4050
679.5000	  1.4022
679.0000	  1.4034
678.5000	  1.4033
678.0000	  1.4050
677.5000	  1.4041
677.0000	  1.4018
676.5000	  1.4022
676.0000	  1.4019
675.5000	  1.4061
675.0000	  1.4032
674.5000	  1.4038
674.0000	  1.4030
673.5000	  1.4033
673.0000	  1.4034
672.5000	  1.4032
672.0000	  1.4005
671.5000	  1.4036
671.0000	  1.4038
670.5000	  1.4022
670.0000	  1.4033
669.5000	  1.4001
669.0000	  1.4042
668.5000	  1.3984
668.0000	  1.4045
667.5000	  1.4012
667.0000	  1.4032
666.5000	  1.4032
666.0000	  1.4000
665.5000	  1.4023
665.0000	  1.4000
664.5000	  1.4036
664.0000	  1.3997
663.5000	  1.4041
663.0000	  1.4014
662.5000	  1.4036
662.0000	  1.4005
661.5000	  1.4023
661.0000	  1.3982
660.5000	  1.4012
660.0000	  1.3997
659.5000	  1.4030
659.0000	  1.4008
658.5000	  1.4008
658.0000	  1.3994
657.5000	  1.4000
657.0000	  1.3977
656.5000	  1.3978
656.0000	  1.4007
655.5000	  1.3967
655.0000	  1.3985
654.5000	  1.3991
654.0000	  1.3990
653.5000	  1.3976
653.0000	  1.3990
652.5000	  1.3991
652.0000	  1.3979
651.5000	  1.3979
651.0000	  1.3969
650.5000	  1.3967
650.0000	  1.3963
649.5000	  1.3963
649.0000	  1.3952
648.5000	  1.3948
648.0000	  1.3948
647.5000	  1.3979
647.0000	  1.3945
646.5000	  1.3959
646.0000	  1.3942
645.5000	  1.3960
645.0000	  1.3943
644.5000	  1.3953
644.0000	  1.3929
643.5000	  1.3947
643.0000	  1.3928
642.5000	  1.3935
642.0000	  1.3935
641.5000	  1.3922
641.0000	  1.3958
640.5000	  1.3925
640.0000	  1.3924
639.5000	  1.3917
639.0000	  1.3925
638.5000	  1.3887
638.0000	  1.3906
637.5000	  1.3882
637.0000	  1.3906
636.5000	  1.3865
636.0000	  1.3885
635.5000	  1.3844
635.0000	  1.3858
634.5000	  1.3853
634.0000	  1.3830
633.5000	  1.3809
633.0000	  1.3803
632.5000	  1.3833
632.0000	  1.3773
631.5000	  1.3791
631.0000	  1.3767
630.5000	  1.3780
630.0000	  1.3738
629.5000	  1.3768
629.0000	  1.3741
628.5000	  1.3744
628.0000	  1.3769
627.5000	  1.3795
627.0000	  1.3778
626.5000	  1.3806
626.0000	  1.3812
625.5000	  1.3846
625.0000	  1.3878
624.5000	  1.3876
624.0000	  1.3934
623.5000	  1.3912
623.0000	  1.3977
622.5000	  1.3958
622.0000	  1.4001
621.5000	  1.3991
621.0000	  1.4038
620.5000	  1.4002
620.0000	  1.4065
619.5000	  1.4039
619.0000	  1.4091
618.5000	  1.4101
618.0000	  1.4115
617.5000	  1.4142
617.0000	  1.4108
616.5000	  1.4102
616.0000	  1.4108
615.5000	  1.4108
615.0000	  1.4069
614.5000	  1.4070
614.0000	  1.4053
613.5000	  1.4089
613.0000	  1.4053
612.5000	  1.4044
612.0000	  1.4048
611.5000	  1.4063
611.0000	  1.4017
610.5000	  1.4059
610.0000	  1.4035
609.5000	  1.4036
609.0000	  1.4039
608.5000	  1.4035
608.0000	  1.4049
607.5000	  1.4026
607.0000	  1.4036
606.5000	  1.4003
606.0000	  1.4044
605.5000	  1.4005
605.0000	  1.4030
604.5000	  1.3995
604.0000	  1.4020
603.5000	  1.4016
603.0000	  1.4039
602.5000	  1.4005
602.0000	  1.4017
601.5000	  1.4002
601.0000	  1.4029
600.5000	  1.4015
600.0000	  1.4013
599.5000	  1.4029
599.0000	  1.4031
598.5000	  1.4045
598.0000	  1.3998
597.5000	  1.4029
597.0000	  1.4018
596.5000	  1.4031
596.0000	  1.4007
595.5000	  1.4008
595.0000	  1.4037
594.5000	  1.4045
594.0000	  1.4012
593.5000	  1.4011
593.0000	  1.4032
592.5000	  1.4007
592.0000	  1.4043
591.5000	  1.3981
591.0000	  1.4020
590.5000	  1.4006
590.0000	  1.4048
589.5000	  1.4012
589.0000	  1.4039
588.5000	  1.4001
588.0000	  1.4024
587.5000	  1.4012
587.0000	  1.4004
586.5000	  1.4022
586.0000	  1.4020
585.5000	  1.4023
585.0000	  1.4009
584.5000	  1.4017
584.0000	  1.4023
583.5000	  1.4044
583.0000	  1.4011
582.5000	  1.4008
582.0000	  1.4019
581.5000	  1.4049
581.0000	  1.4015
580.5000	  1.4038
580.0000	  1.3995
579.5000	  1.4046
579.0000	  1.4042
578.5000	  1.4044
578.0000	  1.4028
577.5000	  1.4017
577.0000	  1.4048
576.5000	  1.4022
576.0000	  1.4031
575.5000	  1.4031
575.0000	  1.4052
574.5000	  1.4022
574.0000	  1.4052
573.5000	  1.4034
573.0000	  1.4063
572.5000	  1.4026
572.0000	  1.4059
571.5000	  1.4039
571.0000	  1.4062
570.5000	  1.4039
570.0000	  1.4050
569.5000	  1.4043
569.0000	  1.4064
568.5000	  1.4064
568.0000	  1.4048
567.5000	  1.4048
567.0000	  1.4083
566.5000	  1.4099
566.0000	  1.4040
565.5000	  1.4082
565.0000	  1.4057
564.5000	  1.4065
564.0000	  1.4043
563.5000	  1.4068
563.0000	  1.4044
562.5000	  1.4062
562.0000	  1.4074
561.5000	  1.4061
561.0000	  1.4074
560.5000	  1.4080
560.0000	  1.4142
559.5000	  1.4142
559.0000	  1.4152
558.5000	  1.4153
558.0000	  1.4153
557.5000	  1.4148
557.0000	  1.4155
556.5000	  1.4159
556.0000	  1.4191
555.5000	  1.4130
555.0000	  1.4186
554.5000	  1.4160
554.0000	  1.4184
553.5000	  1.4142
553.0000	  1.4189
552.5000	  1.4180
552.0000	  1.4187
551.5000	  1.4197
551.0000	  1.4167
550.5000	  1.4204
550.0000	  1.4195
549.5000	  1.4213
549.0000	  1.4171
548.5000	  1.4214
548.0000	  1.4194
547.5000	  1.4212
547.0000	  1.4187
546.5000	  1.4223
546.0000	  1.4205
545.5000	  1.4231
545.0000	  1.4242
544.5000	  1.4216
544.0000	  1.4230
543.5000	  1.4216
543.0000	  1.4252
542.5000	  1.4211
542.0000	  1.4251
541.5000	  1.4227
541.0000	  1.4251
540.5000	  1.4237
540.0000	  1.4237
539.5000	  1.4234
539.0000	  1.4277
538.5000	  1.4277
538.0000	  1.4258
537.5000	  1.4272
537.0000	  1.4261
536.5000	  1.4277
536.0000	  1.4245
535.5000	  1.4279
535.0000	  1.4276
534.5000	  1.4309
534.0000	  1.4256
533.5000	  1.4301
533.0000	  1.4284
532.5000	  1.4306
532.0000	  1.4296
531.5000	  1.4297
531.0000	  1.4306
530.5000	  1.4328
530.0000	  1.4322
529.5000	  1.4313
529.0000	  1.4328
528.5000	  1.4321
528.0000	  1.4340
527.5000	  1.4311
527.0000	  1.4337
526.5000	  1.4317
526.0000	  1.4361
525.5000	  1.4310
525.0000	  1.4340
524.5000	  1.4344
524.0000	  1.4365
523.5000	  1.4353
523.0000	  1.4371
522.5000	  1.4347
522.0000	  1.4375
521.5000	  1.4369
521.0000	  1.4356
520.5000	  1.4370
520.0000	  1.4371
519.5000	  1.4385
519.0000	  1.4345
518.5000	  1.4390
518.0000	  1.4396
517.5000	  1.4407
517.0000	  1.4375
516.5000	  1.4405
516.0000	  1.4393
515.5000	  1.4410
515.0000	  1.4386
514.5000	  1.4418
514.0000	  1.4419
513.5000	  1.4413
513.0000	  1.4418
512.5000	  1.4400
512.0000	  1.4447
511.5000	  1.4424
511.0000	  1.4438
510.5000	  1.4407
510.0000	  1.4462
509.5000	  1.4437
509.0000	  1.4489
508.5000	  1.4460
508.0000	  1.4479
507.5000	  1.4480
507.0000	  1.4509
506.5000	  1.4511
506.0000	  1.4517
505.5000	  1.4535
505.0000	  1.4560
504.5000	  1.4609
504.0000	  1.4553
503.5000	  1.4596
503.0000	  1.4590
502.5000	  1.4637
502.0000	  1.4625
501.5000	  1.4669
501.0000	  1.4669
500.5000	  1.4677
500.0000	  1.4685
499.5000	  1.4701
499.0000	  1.4725
498.5000	  1.4720
498.0000	  1.4751
497.5000	  1.4738
497.0000	  1.4764
496.5000	  1.4771
496.0000	  1.4801
495.5000	  1.4766
495.0000	  1.4802
494.5000	  1.4816
494.0000	  1.4832
493.5000	  1.4808
493.0000	  1.4851
492.5000	  1.4810
492.0000	  1.4854
491.5000	  1.4872
491.0000	  1.4867
490.5000	  1.4877
490.0000	  1.4870
489.5000	  1.4898
489.0000	  1.4860
488.5000	  1.4893
488.0000	  1.4878
487.5000	  1.4911
487.0000	  1.4862
486.5000	  1.4903
486.0000	  1.4882
485.5000	  1.4910
485.0000	  1.4875
484.5000	  1.4895
484.0000	  1.4906
483.5000	  1.4918
483.0000	  1.4898
482.5000	  1.4918
482.0000	  1.4892
481.5000	  1.4917
481.0000	  1.4934
480.5000	  1.4888
480.0000	  1.4909
479.5000	  1.4892
479.0000	  1.4934
478.5000	  1.4904
478.0000	  1.4962
477.5000	  1.4910
477.0000	  1.4947
476.5000	  1.4894
476.0000	  1.4932
475.5000	  1.4913
475.0000	  1.4942
474.5000	  1.4924
474.0000	  1.4922
473.5000	  1.4927
473.0000	  1.4918
472.5000	  1.4951
472.0000	  1.4922
471.5000	  1.4967
471.0000	  1.4905
470.5000	  1.4949
470.0000	  1.4900
469.5000	  1.4952
469.0000	  1.4968
468.5000	  1.4969
468.0000	  1.4926
467.5000	  1.4982
467.0000	  1.4943
466.5000	  1.4963
466.0000	  1.4978
465.5000	  1.4947
465.0000	  1.4968
464.5000	  1.4976
464.0000	  1.4990
463.5000	  1.4993
463.0000	  1.4995
462.5000	  1.5011
462.0000	  1.5068
461.5000	  1.5063
461.0000	  1.5109
460.5000	  1.5133
460.0000	  1.5172
459.5000	  1.5163
459.0000	  1.5178
458.5000	  1.5281
458.0000	  1.5314
457.5000	  1.5364
457.0000	  1.5408
456.5000	  1.5451
456.0000	  1.5545
455.5000	  1.5605
455.0000	  1.5631
454.5000	  1.5705
454.0000	  1.5720
453.5000	  1.5807
453.0000	  1.5842
452.5000	  1.5952
452.0000	  1.5965
451.5000	  1.6007
451.0000	  1.5994
450.5000	  1.6068
450.0000	  1.6049
449.5000	  1.6054
449.0000	  1.6060
448.5000	  1.6078
448.0000	  1.6027
447.5000	  1.6035
447.0000	  1.6032
446.5000	  1.5987
446.0000	  1.5972
445.5000	  1.5976
445.0000	  1.5955
444.5000	  1.5908
444.0000	  1.5889
443.5000	  1.5833
443.0000	  1.5852
442.5000	  1.5796
442.0000	  1.5801
441.5000	  1.5772
441.0000	  1.5772
440.5000	  1.5708
440.0000	  1.5738
439.5000	  1.5685
439.0000	  1.5663
438.5000	  1.5669
438.0000	  1.5670
437.5000	  1.5647
437.0000	  1.5632
436.5000	  1.5659
436.0000	  1.5614
435.5000	  1.5609
435.0000	  1.5583
434.5000	  1.5625
434.0000	  1.5569
433.5000	  1.5583
433.0000	  1.5555
432.5000	  1.5550
432.0000	  1.5507
431.5000	  1.5545
431.0000	  1.5500
430.5000	  1.5490
430.0000	  1.5501
429.5000	  1.5466
429.0000	  1.5467
428.5000	  1.5447
428.0000	  1.5463
427.5000	  1.5384
427.0000	  1.5433
426.5000	  1.5402
426.0000	  1.5422
425.5000	  1.5387
425.0000	  1.5423
424.5000	  1.5400
424.0000	  1.5429
423.5000	  1.5399
423.0000	  1.5448
422.5000	  1.5438
422.0000	  1.5447
421.5000	  1.5446
421.0000	  1.5456
420.5000	  1.5474
420.0000	  1.5487
419.5000	  1.5523
419.0000	  1.5468
418.5000	  1.5501
418.0000	  1.5466
417.5000	  1.5501
417.0000	  1.5483
416.5000	  1.5571
416.0000	  1.5531
415.5000	  1.5543
415.0000	  1.5521
414.5000	  1.5526
414.0000	  1.5570
413.5000	  1.5540
413.0000	  1.5577
412.5000	  1.5581
412.0000	  1.5571
411.5000	  1.5595
411.0000	  1.5605
410.5000	  1.5553
410.0000	  1.5579
409.5000	  1.5589
409.0000	  1.5606
408.5000	  1.5579
408.0000	  1.5613
407.5000	  1.5596
407.0000	  1.5639
406.5000	  1.5613
406.0000	  1.5615
405.5000	  1.5645
405.0000	  1.5649
404.5000	  1.5630
404.0000	  1.5615
403.5000	  1.5652
403.0000	  1.5644
402.5000	  1.5671
402.0000	  1.5642
401.5000	  1.5662
401.0000	  1.5661
400.5000	  1.5670
400.0000	  1.5702
399.5000	  1.5629
399.0000	  1.5658
398.5000	  1.5677
398.0000	  1.5718
397.5000	  1.5666
397.0000	  1.5741
396.5000	  1.5712
396.0000	  1.5705
395.5000	  1.5670
395.0000	  1.5680
394.5000	  1.5720
394.0000	  1.5718
393.5000	  1.5711
393.0000	  1.5742
392.5000	  1.5768
392.0000	  1.5722
391.5000	  1.5809
391.0000	  1.5717
390.5000	  1.5735
390.0000	  1.5773
389.5000	  1.5822
389.0000	  1.5756
388.5000	  1.5840
388.0000	  1.5794
387.5000	  1.5861
387.0000	  1.5870
386.5000	  1.5827
386.0000	  1.5836
385.5000	  1.5833
385.0000	  1.5921
384.5000	  1.5850
384.0000	  1.5868
383.5000	  1.5859
383.0000	  1.5903
382.5000	  1.5839
382.0000	  1.5982
381.5000	  1.5910
381.0000	  1.5930
380.5000	  1.5874
380.0000	  1.5946
379.5000	  1.5938
379.0000	  1.5941
378.5000	  1.5949
378.0000	  1.5972
377.5000	  1.5952
377.0000	  1.5986
376.5000	  1.5979
376.0000	  1.5957
375.5000	  1.5995
375.0000	  1.6072
374.5000	  1.6065
374.0000	  1.5999
373.5000	  1.6085
373.0000	  1.6053
372.5000	  1.6097
372.0000	  1.6034
371.5000	  1.6092
371.0000	  1.6032
370.5000	  1.6117
370.0000	  1.6069
369.5000	  1.6026
369.0000	  1.6090
368.5000	  1.6067
368.0000	  1.6082
367.5000	  1.6020
367.0000	  1.6032
366.5000	  1.6105
366.0000	  1.6145
365.5000	  1.6168
365.0000	  1.6165
364.5000	  1.6132
364.0000	  1.6199
363.5000	  1.6119
363.0000	  1.6217
362.5000	  1.6130
362.0000	  1.6271
361.5000	  1.6205
361.0000	  1.6162
360.5000	  1.6164
360.0000	  1.6223
359.5000	  1.6268
359.0000	  1.6227
358.5000	  1.6234
358.0000	  1.6256
357.5000	  1.6308
357.0000	  1.6333
356.5000	  1.6231
356.0000	  1.6291
355.5000	  1.6364
355.0000	  1.6325
354.5000	  1.6302
354.0000	  1.6243
353.5000	  1.6345
353.0000	  1.6371
352.5000	  1.6305
352.0000	  1.6382
351.5000	  1.6354
351.0000	  1.6410
350.5000	  1.6318
350.0000	  1.6373
