05/05/2023 16.47.40
05/05/2023 16.55.01

900.0000	 -4.6700

900.0000	 -4.6700

900.0000	  5.2200



  1.0000
900.0000
  3.0000
340.0000
  1.0000
1101.0000
  5.0000
  6.0000
  1.0000
  1.0000
  0.0000
  0.0000
100.0000
  0.0000
  1.0000
  0.0000
500.0000
900.0000
350.0000
  4.0000
  1.0000
 18.0000
  2.0000
  1.0000
255.0000
  0.9061
  1.0000
 30.0000
  4.0000
500.0000
  0.0000
  0.0000
  4.0000
900.0000
350.0000
  0.0000
100.0000
  0.0000
  1.0000
  0.0000
500.0000
  1.0000
  1.0000
  1.0000
  1.0000
  4.0000
  0.0000
  1.0000
  1.0000
  1.0000
  1.0000
  1.0000
  2.0000
  1.0000
  1.0000
  1.0000
  3.0000
  1.0000
  1.0000
  1.0000
  4.0000
  5.0000
440.730
0.000
900.0000	  0.0307
899.5000	  0.0245
899.0000	  0.0387
898.5000	  0.1335
898.0000	  0.0187
897.5000	  0.0678
897.0000	  0.1133
896.5000	  0.1163
896.0000	 -0.1431
895.5000	  0.1624
895.0000	 -0.0125
894.5000	  0.1012
894.0000	 -0.0434
893.5000	  0.1128
893.0000	 -0.0610
892.5000	  0.0061
892.0000	 -0.0563
891.5000	  0.0954
891.0000	  0.0259
890.5000	 -0.0680
890.0000	 -0.0492
889.5000	  0.0635
889.0000	 -0.0094
888.5000	  0.0181
888.0000	  0.0136
887.5000	  0.0281
887.0000	  0.0284
886.5000	  0.0051
886.0000	  0.0223
885.5000	  0.0709
885.0000	  0.0465
884.5000	  0.0273
884.0000	 -0.0094
883.5000	  0.0327
883.0000	 -0.0465
882.5000	  0.0551
882.0000	  0.0159
881.5000	  0.0074
881.0000	  0.0309
880.5000	 -0.0102
880.0000	  0.0146
879.5000	 -0.0043
879.0000	  0.0297
878.5000	  0.0277
878.0000	  0.0316
877.5000	  0.0584
877.0000	  0.0026
876.5000	  0.0208
876.0000	  0.0211
875.5000	  0.0334
875.0000	  0.0050
874.5000	  0.0360
874.0000	  0.0245
873.5000	  0.0154
873.0000	  0.0230
872.5000	 -0.0057
872.0000	  0.0109
871.5000	  0.0172
871.0000	  0.0144
870.5000	  0.0289
870.0000	  0.0245
869.5000	  0.0132
869.0000	  0.0196
868.5000	  0.0244
868.0000	  0.0258
867.5000	  0.0258
867.0000	  0.0214
866.5000	  0.0262
866.0000	  0.0234
865.5000	  0.0202
865.0000	  0.0177
864.5000	  0.0204
864.0000	  0.0163
863.5000	  0.0186
863.0000	  0.0198
862.5000	  0.0207
862.0000	  0.0240
861.5000	  0.0167
861.0000	  0.0234
860.5000	  0.0241
860.0000	  0.0198
859.5000	  0.0247
859.0000	  0.0238
858.5000	  0.0208
858.0000	  0.0211
857.5000	  0.0199
857.0000	  0.0233
856.5000	  0.0254
856.0000	  0.0212
855.5000	  0.0238
855.0000	  0.0265
854.5000	  0.0221
854.0000	  0.0229
853.5000	  0.0230
853.0000	  0.0245
852.5000	  0.0264
852.0000	  0.0243
851.5000	  0.0250
851.0000	  0.0274
850.5000	  0.0258
850.0000	  0.0238
849.5000	  0.0242
849.0000	  0.0243
848.5000	  0.0242
848.0000	  0.0252
847.5000	  0.0252
847.0000	  0.0251
846.5000	  0.0253
846.0000	  0.0260
845.5000	  0.0247
845.0000	  0.0240
844.5000	  0.0254
844.0000	  0.0244
843.5000	  0.0248
843.0000	  0.0257
842.5000	  0.0253
842.0000	  0.0254
841.5000	  0.0258
841.0000	  0.0256
840.5000	  0.0255
840.0000	  0.0254
839.5000	  0.0258
839.0000	  0.0266
838.5000	  0.0263
838.0000	  0.0254
837.5000	  0.0258
837.0000	  0.0254
836.5000	  0.0268
836.0000	  0.0256
835.5000	  0.0258
835.0000	  0.0257
834.5000	  0.0270
834.0000	  0.0265
833.5000	  0.0266
833.0000	  0.0261
832.5000	  0.0267
832.0000	  0.0259
831.5000	  0.0266
831.0000	  0.0269
830.5000	  0.0271
830.0000	  0.0270
829.5000	  0.0273
829.0000	  0.0266
828.5000	  0.0264
828.0000	  0.0269
827.5000	  0.0276
827.0000	  0.0272
826.5000	  0.0271
826.0000	  0.0276
825.5000	  0.0273
825.0000	  0.0273
824.5000	  0.0280
824.0000	  0.0273
823.5000	  0.0282
823.0000	  0.0273
822.5000	  0.0280
822.0000	  0.0278
821.5000	  0.0276
821.0000	  0.0278
820.5000	  0.0280
820.0000	  0.0281
819.5000	  0.0287
819.0000	  0.0281
818.5000	  0.0280
818.0000	  0.0280
817.5000	  0.0283
817.0000	  0.0284
816.5000	  0.0286
816.0000	  0.0285
815.5000	  0.0287
815.0000	  0.0287
814.5000	  0.0286
814.0000	  0.0288
813.5000	  0.0290
813.0000	  0.0288
812.5000	  0.0293
812.0000	  0.0290
811.5000	  0.0288
811.0000	  0.0292
810.5000	  0.0293
810.0000	  0.0294
809.5000	  0.0293
809.0000	  0.0296
808.5000	  0.0298
808.0000	  0.0293
807.5000	  0.0298
807.0000	  0.0298
806.5000	  0.0301
806.0000	  0.0297
805.5000	  0.0297
805.0000	  0.0297
804.5000	  0.0301
804.0000	  0.0300
803.5000	  0.0302
803.0000	  0.0304
802.5000	  0.0304
802.0000	  0.0304
801.5000	  0.0309
801.0000	  0.0306
800.5000	  0.0305
800.0000	  0.0307
799.5000	  0.0310
799.0000	  0.0308
798.5000	  0.0309
798.0000	  0.0309
797.5000	  0.0312
797.0000	  0.0311
796.5000	  0.0309
796.0000	  0.0315
795.5000	  0.0312
795.0000	  0.0312
794.5000	  0.0318
794.0000	  0.0317
793.5000	  0.0320
793.0000	  0.0319
792.5000	  0.0319
792.0000	  0.0318
791.5000	  0.0320
791.0000	  0.0320
790.5000	  0.0323
790.0000	  0.0325
789.5000	  0.0326
789.0000	  0.0323
788.5000	  0.0324
788.0000	  0.0329
787.5000	  0.0329
787.0000	  0.0325
786.5000	  0.0329
786.0000	  0.0331
785.5000	  0.0332
785.0000	  0.0328
784.5000	  0.0335
784.0000	  0.0333
783.5000	  0.0333
783.0000	  0.0336
782.5000	  0.0339
782.0000	  0.0336
781.5000	  0.0338
781.0000	  0.0339
780.5000	  0.0343
780.0000	  0.0344
779.5000	  0.0340
779.0000	  0.0344
778.5000	  0.0347
778.0000	  0.0342
777.5000	  0.0345
777.0000	  0.0345
776.5000	  0.0346
776.0000	  0.0347
775.5000	  0.0349
775.0000	  0.0348
774.5000	  0.0353
774.0000	  0.0351
773.5000	  0.0353
773.0000	  0.0355
772.5000	  0.0356
772.0000	  0.0355
771.5000	  0.0359
771.0000	  0.0356
770.5000	  0.0360
770.0000	  0.0361
769.5000	  0.0361
769.0000	  0.0361
768.5000	  0.0364
768.0000	  0.0362
767.5000	  0.0365
767.0000	  0.0368
766.5000	  0.0364
766.0000	  0.0368
765.5000	  0.0367
765.0000	  0.0371
764.5000	  0.0370
764.0000	  0.0372
763.5000	  0.0371
763.0000	  0.0375
762.5000	  0.0376
762.0000	  0.0378
761.5000	  0.0378
761.0000	  0.0380
760.5000	  0.0378
760.0000	  0.0381
759.5000	  0.0380
759.0000	  0.0384
758.5000	  0.0385
758.0000	  0.0386
757.5000	  0.0389
757.0000	  0.0388
756.5000	  0.0387
756.0000	  0.0390
755.5000	  0.0392
755.0000	  0.0392
754.5000	  0.0393
754.0000	  0.0393
753.5000	  0.0399
753.0000	  0.0396
752.5000	  0.0401
752.0000	  0.0400
751.5000	  0.0401
751.0000	  0.0400
750.5000	  0.0405
750.0000	  0.0404
749.5000	  0.0406
749.0000	  0.0408
748.5000	  0.0408
748.0000	  0.0412
747.5000	  0.0410
747.0000	  0.0414
746.5000	  0.0414
746.0000	  0.0414
745.5000	  0.0415
745.0000	  0.0414
744.5000	  0.0416
744.0000	  0.0418
743.5000	  0.0420
743.0000	  0.0425
742.5000	  0.0423
742.0000	  0.0425
741.5000	  0.0426
741.0000	  0.0428
740.5000	  0.0430
740.0000	  0.0428
739.5000	  0.0428
739.0000	  0.0434
738.5000	  0.0433
738.0000	  0.0435
737.5000	  0.0434
737.0000	  0.0438
736.5000	  0.0439
736.0000	  0.0439
735.5000	  0.0443
735.0000	  0.0444
734.5000	  0.0446
734.0000	  0.0446
733.5000	  0.0447
733.0000	  0.0455
732.5000	  0.0451
732.0000	  0.0454
731.5000	  0.0453
731.0000	  0.0458
730.5000	  0.0459
730.0000	  0.0458
729.5000	  0.0463
729.0000	  0.0465
728.5000	  0.0465
728.0000	  0.0467
727.5000	  0.0471
727.0000	  0.0475
726.5000	  0.0473
726.0000	  0.0476
725.5000	  0.0477
725.0000	  0.0482
724.5000	  0.0485
724.0000	  0.0489
723.5000	  0.0491
723.0000	  0.0492
722.5000	  0.0502
722.0000	  0.0493
721.5000	  0.0504
721.0000	  0.0504
720.5000	  0.0505
720.0000	  0.0511
719.5000	  0.0513
719.0000	  0.0517
718.5000	  0.0514
718.0000	  0.0524
717.5000	  0.0523
717.0000	  0.0520
716.5000	  0.0522
716.0000	  0.0527
715.5000	  0.0525
715.0000	  0.0522
714.5000	  0.0521
714.0000	  0.0525
713.5000	  0.0525
713.0000	  0.0526
712.5000	  0.0521
712.0000	  0.0523
711.5000	  0.0521
711.0000	  0.0527
710.5000	  0.0525
710.0000	  0.0528
709.5000	  0.0526
709.0000	  0.0530
708.5000	  0.0530
708.0000	  0.0528
707.5000	  0.0529
707.0000	  0.0532
706.5000	  0.0537
706.0000	  0.0536
705.5000	  0.0540
705.0000	  0.0540
704.5000	  0.0539
704.0000	  0.0546
703.5000	  0.0544
703.0000	  0.0550
702.5000	  0.0550
702.0000	  0.0551
701.5000	  0.0553
701.0000	  0.0557
700.5000	  0.0556
700.0000	  0.0556
699.5000	  0.0558
699.0000	  0.0561
698.5000	  0.0562
698.0000	  0.0563
697.5000	  0.0566
697.0000	  0.0568
696.5000	  0.0571
696.0000	  0.0573
695.5000	  0.0574
695.0000	  0.0576
694.5000	  0.0579
694.0000	  0.0581
693.5000	  0.0583
693.0000	  0.0586
692.5000	  0.0587
692.0000	  0.0588
691.5000	  0.0591
691.0000	  0.0592
690.5000	  0.0594
690.0000	  0.0598
689.5000	  0.0599
689.0000	  0.0601
688.5000	  0.0602
688.0000	  0.0603
687.5000	  0.0606
687.0000	  0.0610
686.5000	  0.0611
686.0000	  0.0613
685.5000	  0.0612
685.0000	  0.0619
684.5000	  0.0620
684.0000	  0.0625
683.5000	  0.0625
683.0000	  0.0624
682.5000	  0.0630
682.0000	  0.0630
681.5000	  0.0634
681.0000	  0.0638
680.5000	  0.0639
680.0000	  0.0642
679.5000	  0.0643
679.0000	  0.0644
678.5000	  0.0649
678.0000	  0.0649
677.5000	  0.0655
677.0000	  0.0655
676.5000	  0.0656
676.0000	  0.0659
675.5000	  0.0660
675.0000	  0.0664
674.5000	  0.0668
674.0000	  0.0666
673.5000	  0.0672
673.0000	  0.0673
672.5000	  0.0677
672.0000	  0.0680
671.5000	  0.0681
671.0000	  0.0687
670.5000	  0.0688
670.0000	  0.0688
669.5000	  0.0690
669.0000	  0.0695
668.5000	  0.0695
668.0000	  0.0699
667.5000	  0.0702
667.0000	  0.0704
666.5000	  0.0705
666.0000	  0.0710
665.5000	  0.0713
665.0000	  0.0714
664.5000	  0.0719
664.0000	  0.0720
663.5000	  0.0723
663.0000	  0.0726
662.5000	  0.0729
662.0000	  0.0728
661.5000	  0.0733
661.0000	  0.0736
660.5000	  0.0739
660.0000	  0.0742
659.5000	  0.0745
659.0000	  0.0749
658.5000	  0.0749
658.0000	  0.0752
657.5000	  0.0753
657.0000	  0.0758
656.5000	  0.0760
656.0000	  0.0762
655.5000	  0.0764
655.0000	  0.0768
654.5000	  0.0772
654.0000	  0.0774
653.5000	  0.0776
653.0000	  0.0780
652.5000	  0.0781
652.0000	  0.0786
651.5000	  0.0786
651.0000	  0.0790
650.5000	  0.0795
650.0000	  0.0797
649.5000	  0.0799
649.0000	  0.0802
648.5000	  0.0805
648.0000	  0.0810
647.5000	  0.0811
647.0000	  0.0815
646.5000	  0.0816
646.0000	  0.0820
645.5000	  0.0823
645.0000	  0.0825
644.5000	  0.0830
644.0000	  0.0833
643.5000	  0.0836
643.0000	  0.0839
642.5000	  0.0842
642.0000	  0.0844
641.5000	  0.0847
641.0000	  0.0853
640.5000	  0.0855
640.0000	  0.0859
639.5000	  0.0860
639.0000	  0.0865
638.5000	  0.0868
638.0000	  0.0870
637.5000	  0.0875
637.0000	  0.0875
636.5000	  0.0880
636.0000	  0.0884
635.5000	  0.0887
635.0000	  0.0891
634.5000	  0.0894
634.0000	  0.0897
633.5000	  0.0901
633.0000	  0.0905
632.5000	  0.0909
632.0000	  0.0912
631.5000	  0.0917
631.0000	  0.0923
630.5000	  0.0928
630.0000	  0.0932
629.5000	  0.0935
629.0000	  0.0942
628.5000	  0.0946
628.0000	  0.0950
627.5000	  0.0955
627.0000	  0.0959
626.5000	  0.0965
626.0000	  0.0971
625.5000	  0.0976
625.0000	  0.0983
624.5000	  0.0987
624.0000	  0.0992
623.5000	  0.0997
623.0000	  0.1003
622.5000	  0.1009
622.0000	  0.1012
621.5000	  0.1016
621.0000	  0.1021
620.5000	  0.1029
620.0000	  0.1031
619.5000	  0.1032
619.0000	  0.1039
618.5000	  0.1042
618.0000	  0.1045
617.5000	  0.1049
617.0000	  0.1055
616.5000	  0.1059
616.0000	  0.1061
615.5000	  0.1068
615.0000	  0.1071
614.5000	  0.1073
614.0000	  0.1079
613.5000	  0.1085
613.0000	  0.1086
612.5000	  0.1091
612.0000	  0.1099
611.5000	  0.1101
611.0000	  0.1105
610.5000	  0.1112
610.0000	  0.1116
609.5000	  0.1118
609.0000	  0.1123
608.5000	  0.1130
608.0000	  0.1135
607.5000	  0.1142
607.0000	  0.1146
606.5000	  0.1148
606.0000	  0.1154
605.5000	  0.1158
605.0000	  0.1163
604.5000	  0.1166
604.0000	  0.1172
603.5000	  0.1180
603.0000	  0.1185
602.5000	  0.1186
602.0000	  0.1190
601.5000	  0.1200
601.0000	  0.1207
600.5000	  0.1208
600.0000	  0.1214
599.5000	  0.1218
599.0000	  0.1225
598.5000	  0.1230
598.0000	  0.1239
597.5000	  0.1243
597.0000	  0.1246
596.5000	  0.1254
596.0000	  0.1259
595.5000	  0.1261
595.0000	  0.1268
594.5000	  0.1277
594.0000	  0.1280
593.5000	  0.1286
593.0000	  0.1292
592.5000	  0.1296
592.0000	  0.1299
591.5000	  0.1305
591.0000	  0.1314
590.5000	  0.1319
590.0000	  0.1324
589.5000	  0.1330
589.0000	  0.1336
588.5000	  0.1343
588.0000	  0.1345
587.5000	  0.1352
587.0000	  0.1356
586.5000	  0.1365
586.0000	  0.1371
585.5000	  0.1377
585.0000	  0.1382
584.5000	  0.1386
584.0000	  0.1394
583.5000	  0.1395
583.0000	  0.1405
582.5000	  0.1411
582.0000	  0.1418
581.5000	  0.1423
581.0000	  0.1428
580.5000	  0.1436
580.0000	  0.1441
579.5000	  0.1447
579.0000	  0.1456
578.5000	  0.1457
578.0000	  0.1466
577.5000	  0.1473
577.0000	  0.1480
576.5000	  0.1485
576.0000	  0.1493
575.5000	  0.1495
575.0000	  0.1503
574.5000	  0.1510
574.0000	  0.1518
573.5000	  0.1525
573.0000	  0.1529
572.5000	  0.1538
572.0000	  0.1545
571.5000	  0.1552
571.0000	  0.1555
570.5000	  0.1560
570.0000	  0.1568
569.5000	  0.1572
569.0000	  0.1581
568.5000	  0.1589
568.0000	  0.1597
567.5000	  0.1602
567.0000	  0.1609
566.5000	  0.1615
566.0000	  0.1625
565.5000	  0.1634
565.0000	  0.1643
564.5000	  0.1645
564.0000	  0.1655
563.5000	  0.1660
563.0000	  0.1668
562.5000	  0.1675
562.0000	  0.1680
561.5000	  0.1690
561.0000	  0.1697
560.5000	  0.1699
560.0000	  0.1707
559.5000	  0.1711
559.0000	  0.1720
558.5000	  0.1725
558.0000	  0.1733
557.5000	  0.1744
557.0000	  0.1749
556.5000	  0.1753
556.0000	  0.1764
555.5000	  0.1774
555.0000	  0.1779
554.5000	  0.1788
554.0000	  0.1792
553.5000	  0.1802
553.0000	  0.1809
552.5000	  0.1819
552.0000	  0.1825
551.5000	  0.1829
551.0000	  0.1842
550.5000	  0.1849
550.0000	  0.1857
549.5000	  0.1863
549.0000	  0.1871
548.5000	  0.1878
548.0000	  0.1884
547.5000	  0.1895
547.0000	  0.1902
546.5000	  0.1911
546.0000	  0.1919
545.5000	  0.1922
545.0000	  0.1933
544.5000	  0.1937
544.0000	  0.1948
543.5000	  0.1953
543.0000	  0.1964
542.5000	  0.1970
542.0000	  0.1977
541.5000	  0.1986
541.0000	  0.1992
540.5000	  0.2001
540.0000	  0.2007
539.5000	  0.2016
539.0000	  0.2020
538.5000	  0.2035
538.0000	  0.2041
537.5000	  0.2049
537.0000	  0.2054
536.5000	  0.2062
536.0000	  0.2072
535.5000	  0.2079
535.0000	  0.2087
534.5000	  0.2092
534.0000	  0.2102
533.5000	  0.2112
533.0000	  0.2115
532.5000	  0.2123
532.0000	  0.2133
531.5000	  0.2143
531.0000	  0.2144
530.5000	  0.2154
530.0000	  0.2165
529.5000	  0.2171
529.0000	  0.2178
528.5000	  0.2187
528.0000	  0.2195
527.5000	  0.2206
527.0000	  0.2205
526.5000	  0.2215
526.0000	  0.2228
525.5000	  0.2231
525.0000	  0.2240
524.5000	  0.2248
524.0000	  0.2256
523.5000	  0.2260
523.0000	  0.2267
522.5000	  0.2278
522.0000	  0.2284
521.5000	  0.2290
521.0000	  0.2301
520.5000	  0.2302
520.0000	  0.2310
519.5000	  0.2317
519.0000	  0.2325
518.5000	  0.2329
518.0000	  0.2337
517.5000	  0.2344
517.0000	  0.2350
516.5000	  0.2354
516.0000	  0.2362
515.5000	  0.2366
515.0000	  0.2375
514.5000	  0.2379
514.0000	  0.2387
513.5000	  0.2390
513.0000	  0.2395
512.5000	  0.2399
512.0000	  0.2403
511.5000	  0.2411
511.0000	  0.2417
510.5000	  0.2424
510.0000	  0.2423
509.5000	  0.2428
509.0000	  0.2434
508.5000	  0.2441
508.0000	  0.2442
507.5000	  0.2446
507.0000	  0.2450
506.5000	  0.2457
506.0000	  0.2456
505.5000	  0.2464
505.0000	  0.2472
504.5000	  0.2473
504.0000	  0.2473
503.5000	  0.2476
503.0000	  0.2481
502.5000	  0.2482
502.0000	  0.2484
501.5000	  0.2486
501.0000	  0.2487
500.5000	  0.2485
500.0000	  0.2490
499.5000	  0.2489
499.0000	  0.2492
498.5000	  0.2487
498.0000	  0.2485
497.5000	  0.2485
497.0000	  0.2480
496.5000	  0.2478
496.0000	  0.2478
495.5000	  0.2468
495.0000	  0.2474
494.5000	  0.2469
494.0000	  0.2462
493.5000	  0.2448
493.0000	  0.2448
492.5000	  0.2443
492.0000	  0.2437
491.5000	  0.2433
491.0000	  0.2425
490.5000	  0.2419
490.0000	  0.2406
489.5000	  0.2401
489.0000	  0.2389
488.5000	  0.2381
488.0000	  0.2374
487.5000	  0.2358
487.0000	  0.2353
486.5000	  0.2349
486.0000	  0.2336
485.5000	  0.2327
485.0000	  0.2321
484.5000	  0.2308
484.0000	  0.2296
483.5000	  0.2288
483.0000	  0.2277
482.5000	  0.2269
482.0000	  0.2265
481.5000	  0.2251
481.0000	  0.2234
480.5000	  0.2226
480.0000	  0.2224
479.5000	  0.2208
479.0000	  0.2197
478.5000	  0.2186
478.0000	  0.2186
477.5000	  0.2169
477.0000	  0.2161
476.5000	  0.2152
476.0000	  0.2140
475.5000	  0.2131
475.0000	  0.2121
474.5000	  0.2113
474.0000	  0.2109
473.5000	  0.2098
473.0000	  0.2085
472.5000	  0.2075
472.0000	  0.2070
471.5000	  0.2061
471.0000	  0.2051
470.5000	  0.2041
470.0000	  0.2038
469.5000	  0.2028
469.0000	  0.2019
468.5000	  0.2010
468.0000	  0.2006
467.5000	  0.1999
467.0000	  0.1994
466.5000	  0.1983
466.0000	  0.1978
465.5000	  0.1974
465.0000	  0.1962
464.5000	  0.1954
464.0000	  0.1953
463.5000	  0.1951
463.0000	  0.1937
462.5000	  0.1937
462.0000	  0.1927
461.5000	  0.1923
461.0000	  0.1909
460.5000	  0.1912
460.0000	  0.1902
459.5000	  0.1899
459.0000	  0.1890
458.5000	  0.1888
458.0000	  0.1878
457.5000	  0.1870
457.0000	  0.1867
456.5000	  0.1851
456.0000	  0.1848
455.5000	  0.1837
455.0000	  0.1832
454.5000	  0.1824
454.0000	  0.1814
453.5000	  0.1800
453.0000	  0.1791
452.5000	  0.1780
452.0000	  0.1774
451.5000	  0.1764
451.0000	  0.1757
450.5000	  0.1742
450.0000	  0.1735
449.5000	  0.1720
449.0000	  0.1711
448.5000	  0.1702
448.0000	  0.1695
447.5000	  0.1680
447.0000	  0.1673
446.5000	  0.1661
446.0000	  0.1657
445.5000	  0.1652
445.0000	  0.1642
444.5000	  0.1635
444.0000	  0.1622
443.5000	  0.1620
443.0000	  0.1611
442.5000	  0.1606
442.0000	  0.1597
441.5000	  0.1591
441.0000	  0.1589
440.5000	  0.1581
440.0000	  0.1575
439.5000	  0.1565
439.0000	  0.1556
438.5000	  0.1554
438.0000	  0.1547
437.5000	  0.1545
437.0000	  0.1537
436.5000	  0.1536
436.0000	  0.1528
435.5000	  0.1525
435.0000	  0.1517
434.5000	  0.1509
434.0000	  0.1508
433.5000	  0.1503
433.0000	  0.1497
432.5000	  0.1488
432.0000	  0.1485
431.5000	  0.1482
431.0000	  0.1475
430.5000	  0.1471
430.0000	  0.1468
429.5000	  0.1468
429.0000	  0.1463
428.5000	  0.1456
428.0000	  0.1453
427.5000	  0.1448
427.0000	  0.1447
426.5000	  0.1446
426.0000	  0.1436
425.5000	  0.1436
425.0000	  0.1434
424.5000	  0.1429
424.0000	  0.1424
423.5000	  0.1419
423.0000	  0.1418
422.5000	  0.1415
422.0000	  0.1409
421.5000	  0.1404
421.0000	  0.1403
420.5000	  0.1396
420.0000	  0.1390
419.5000	  0.1394
419.0000	  0.1388
418.5000	  0.1383
418.0000	  0.1383
417.5000	  0.1373
417.0000	  0.1370
416.5000	  0.1369
416.0000	  0.1366
415.5000	  0.1362
415.0000	  0.1361
414.5000	  0.1356
414.0000	  0.1348
413.5000	  0.1348
413.0000	  0.1343
412.5000	  0.1341
412.0000	  0.1337
411.5000	  0.1336
411.0000	  0.1333
410.5000	  0.1329
410.0000	  0.1330
409.5000	  0.1323
409.0000	  0.1319
408.5000	  0.1319
408.0000	  0.1316
407.5000	  0.1307
407.0000	  0.1310
406.5000	  0.1306
406.0000	  0.1301
405.5000	  0.1297
405.0000	  0.1290
404.5000	  0.1294
404.0000	  0.1293
403.5000	  0.1284
403.0000	  0.1282
402.5000	  0.1280
402.0000	  0.1282
401.5000	  0.1278
401.0000	  0.1276
400.5000	  0.1265
400.0000	  0.1269
399.5000	  0.1265
399.0000	  0.1257
398.5000	  0.1259
398.0000	  0.1258
397.5000	  0.1255
397.0000	  0.1256
396.5000	  0.1247
396.0000	  0.1253
395.5000	  0.1246
395.0000	  0.1242
394.5000	  0.1238
394.0000	  0.1247
393.5000	  0.1241
393.0000	  0.1234
392.5000	  0.1234
392.0000	  0.1232
391.5000	  0.1228
391.0000	  0.1232
390.5000	  0.1227
390.0000	  0.1222
389.5000	  0.1232
389.0000	  0.1223
388.5000	  0.1213
388.0000	  0.1223
387.5000	  0.1216
387.0000	  0.1222
386.5000	  0.1220
386.0000	  0.1222
385.5000	  0.1210
385.0000	  0.1215
384.5000	  0.1215
384.0000	  0.1208
383.5000	  0.1211
383.0000	  0.1201
382.5000	  0.1200
382.0000	  0.1191
381.5000	  0.1206
381.0000	  0.1215
380.5000	  0.1204
380.0000	  0.1199
379.5000	  0.1208
379.0000	  0.1195
378.5000	  0.1199
378.0000	  0.1198
377.5000	  0.1199
377.0000	  0.1205
376.5000	  0.1191
376.0000	  0.1194
375.5000	  0.1191
375.0000	  0.1196
374.5000	  0.1191
374.0000	  0.1181
373.5000	  0.1190
373.0000	  0.1190
372.5000	  0.1189
372.0000	  0.1181
371.5000	  0.1166
371.0000	  0.1164
370.5000	  0.1186
370.0000	  0.1183
369.5000	  0.1180
369.0000	  0.1176
368.5000	  0.1179
368.0000	  0.1170
367.5000	  0.1173
367.0000	  0.1169
366.5000	  0.1175
366.0000	  0.1168
365.5000	  0.1176
365.0000	  0.1182
364.5000	  0.1173
364.0000	  0.1163
363.5000	  0.1175
363.0000	  0.1151
362.5000	  0.1156
362.0000	  0.1159
361.5000	  0.1154
361.0000	  0.1171
360.5000	  0.1166
360.0000	  0.1168
359.5000	  0.1159
359.0000	  0.1151
358.5000	  0.1162
358.0000	  0.1163
357.5000	  0.1149
357.0000	  0.1151
356.5000	  0.1149
356.0000	  0.1150
355.5000	  0.1132
355.0000	  0.1144
354.5000	  0.1142
354.0000	  0.1133
353.5000	  0.1132
353.0000	  0.1131
352.5000	  0.1135
352.0000	  0.1147
351.5000	  0.1138
351.0000	  0.1150
350.5000	  0.1131
350.0000	  0.1124
