05/05/2023 16.37.40
05/05/2023 16.45.01

900.0000	-11.4000

900.0000	-11.4000

900.0000	-11.0800



  1.0000
900.0000
  3.0000
340.0000
  1.0000
1101.0000
  5.0000
  6.0000
  1.0000
  1.0000
  0.0000
  0.0000
100.0000
  0.0000
  1.0000
  0.0000
500.0000
900.0000
350.0000
  4.0000
  1.0000
 18.0000
  2.0000
  1.0000
255.0000
  0.9061
  1.0000
 30.0000
  4.0000
500.0000
  0.0000
  0.0000
  4.0000
900.0000
350.0000
  0.0000
100.0000
  0.0000
  1.0000
  0.0000
500.0000
  1.0000
  1.0000
  1.0000
  1.0000
  4.0000
  0.0000
  1.0000
  1.0000
  1.0000
  1.0000
  1.0000
  2.0000
  1.0000
  1.0000
  1.0000
  3.0000
  1.0000
  1.0000
  1.0000
  4.0000
  5.0000
440.680
0.000
900.0000	  0.0459
899.5000	  0.0202
899.0000	 -0.0261
898.5000	 -0.0234
898.0000	 -0.0781
897.5000	 -0.0194
897.0000	  0.0074
896.5000	 -0.0348
896.0000	  0.0822
895.5000	  0.0717
895.0000	 -0.0295
894.5000	 -0.0524
894.0000	 -0.0271
893.5000	 -0.0304
893.0000	  0.0061
892.5000	 -0.0177
892.0000	  0.0121
891.5000	  0.0548
891.0000	  0.0373
890.5000	 -0.0182
890.0000	  0.0504
889.5000	  0.0236
889.0000	 -0.0590
888.5000	  0.0235
888.0000	 -0.0251
887.5000	  0.0040
887.0000	  0.0228
886.5000	  0.0421
886.0000	  0.0437
885.5000	  0.0272
885.0000	  0.0077
884.5000	  0.0012
884.0000	  0.0321
883.5000	  0.0094
883.0000	  0.0168
882.5000	  0.0221
882.0000	  0.0304
881.5000	  0.0454
881.0000	 -0.0181
880.5000	  0.0069
880.0000	  0.0151
879.5000	 -0.0122
879.0000	  0.0060
878.5000	  0.0113
878.0000	  0.0101
877.5000	  0.0093
877.0000	  0.0022
876.5000	 -0.0054
876.0000	  0.0090
875.5000	  0.0200
875.0000	  0.0122
874.5000	  0.0046
874.0000	  0.0091
873.5000	  0.0246
873.0000	  0.0146
872.5000	  0.0157
872.0000	  0.0184
871.5000	  0.0000
871.0000	  0.0020
870.5000	  0.0172
870.0000	  0.0083
869.5000	  0.0079
869.0000	  0.0145
868.5000	  0.0036
868.0000	  0.0025
867.5000	  0.0066
867.0000	  0.0205
866.5000	  0.0177
866.0000	  0.0093
865.5000	  0.0079
865.0000	  0.0057
864.5000	  0.0021
864.0000	  0.0072
863.5000	  0.0085
863.0000	  0.0166
862.5000	  0.0107
862.0000	  0.0109
861.5000	  0.0102
861.0000	  0.0084
860.5000	  0.0010
860.0000	  0.0131
859.5000	  0.0104
859.0000	  0.0141
858.5000	  0.0091
858.0000	  0.0109
857.5000	  0.0070
857.0000	  0.0100
856.5000	  0.0083
856.0000	  0.0093
855.5000	  0.0060
855.0000	  0.0086
854.5000	  0.0102
854.0000	  0.0088
853.5000	  0.0123
853.0000	  0.0078
852.5000	  0.0121
852.0000	  0.0116
851.5000	  0.0105
851.0000	  0.0095
850.5000	  0.0105
850.0000	  0.0096
849.5000	  0.0101
849.0000	  0.0090
848.5000	  0.0078
848.0000	  0.0103
847.5000	  0.0110
847.0000	  0.0113
846.5000	  0.0113
846.0000	  0.0097
845.5000	  0.0110
845.0000	  0.0098
844.5000	  0.0105
844.0000	  0.0099
843.5000	  0.0113
843.0000	  0.0101
842.5000	  0.0110
842.0000	  0.0099
841.5000	  0.0104
841.0000	  0.0102
840.5000	  0.0100
840.0000	  0.0107
839.5000	  0.0113
839.0000	  0.0107
838.5000	  0.0101
838.0000	  0.0110
837.5000	  0.0112
837.0000	  0.0098
836.5000	  0.0105
836.0000	  0.0111
835.5000	  0.0113
835.0000	  0.0109
834.5000	  0.0106
834.0000	  0.0109
833.5000	  0.0110
833.0000	  0.0110
832.5000	  0.0115
832.0000	  0.0109
831.5000	  0.0105
831.0000	  0.0115
830.5000	  0.0113
830.0000	  0.0115
829.5000	  0.0107
829.0000	  0.0108
828.5000	  0.0111
828.0000	  0.0111
827.5000	  0.0112
827.0000	  0.0112
826.5000	  0.0106
826.0000	  0.0113
825.5000	  0.0112
825.0000	  0.0116
824.5000	  0.0117
824.0000	  0.0110
823.5000	  0.0115
823.0000	  0.0114
822.5000	  0.0115
822.0000	  0.0114
821.5000	  0.0111
821.0000	  0.0113
820.5000	  0.0116
820.0000	  0.0114
819.5000	  0.0112
819.0000	  0.0113
818.5000	  0.0114
818.0000	  0.0107
817.5000	  0.0116
817.0000	  0.0115
816.5000	  0.0115
816.0000	  0.0116
815.5000	  0.0117
815.0000	  0.0113
814.5000	  0.0115
814.0000	  0.0116
813.5000	  0.0117
813.0000	  0.0118
812.5000	  0.0115
812.0000	  0.0111
811.5000	  0.0116
811.0000	  0.0115
810.5000	  0.0119
810.0000	  0.0119
809.5000	  0.0118
809.0000	  0.0118
808.5000	  0.0120
808.0000	  0.0117
807.5000	  0.0115
807.0000	  0.0115
806.5000	  0.0117
806.0000	  0.0118
805.5000	  0.0118
805.0000	  0.0117
804.5000	  0.0120
804.0000	  0.0116
803.5000	  0.0120
803.0000	  0.0120
802.5000	  0.0120
802.0000	  0.0119
801.5000	  0.0119
801.0000	  0.0120
800.5000	  0.0120
800.0000	  0.0119
799.5000	  0.0120
799.0000	  0.0120
798.5000	  0.0121
798.0000	  0.0121
797.5000	  0.0121
797.0000	  0.0121
796.5000	  0.0123
796.0000	  0.0121
795.5000	  0.0122
795.0000	  0.0125
794.5000	  0.0121
794.0000	  0.0124
793.5000	  0.0125
793.0000	  0.0121
792.5000	  0.0125
792.0000	  0.0125
791.5000	  0.0122
791.0000	  0.0124
790.5000	  0.0126
790.0000	  0.0125
789.5000	  0.0126
789.0000	  0.0127
788.5000	  0.0125
788.0000	  0.0127
787.5000	  0.0126
787.0000	  0.0128
786.5000	  0.0128
786.0000	  0.0125
785.5000	  0.0128
785.0000	  0.0132
784.5000	  0.0127
784.0000	  0.0130
783.5000	  0.0130
783.0000	  0.0127
782.5000	  0.0131
782.0000	  0.0131
781.5000	  0.0130
781.0000	  0.0131
780.5000	  0.0129
780.0000	  0.0131
779.5000	  0.0129
779.0000	  0.0129
778.5000	  0.0132
778.0000	  0.0129
777.5000	  0.0134
777.0000	  0.0133
776.5000	  0.0132
776.0000	  0.0133
775.5000	  0.0134
775.0000	  0.0135
774.5000	  0.0132
774.0000	  0.0133
773.5000	  0.0136
773.0000	  0.0134
772.5000	  0.0135
772.0000	  0.0134
771.5000	  0.0136
771.0000	  0.0137
770.5000	  0.0134
770.0000	  0.0137
769.5000	  0.0138
769.0000	  0.0136
768.5000	  0.0137
768.0000	  0.0137
767.5000	  0.0138
767.0000	  0.0139
766.5000	  0.0138
766.0000	  0.0142
765.5000	  0.0139
765.0000	  0.0140
764.5000	  0.0139
764.0000	  0.0140
763.5000	  0.0142
763.0000	  0.0141
762.5000	  0.0139
762.0000	  0.0141
761.5000	  0.0144
761.0000	  0.0142
760.5000	  0.0140
760.0000	  0.0140
759.5000	  0.0143
759.0000	  0.0145
758.5000	  0.0144
758.0000	  0.0145
757.5000	  0.0143
757.0000	  0.0145
756.5000	  0.0146
756.0000	  0.0145
755.5000	  0.0146
755.0000	  0.0144
754.5000	  0.0147
754.0000	  0.0145
753.5000	  0.0145
753.0000	  0.0148
752.5000	  0.0149
752.0000	  0.0149
751.5000	  0.0148
751.0000	  0.0149
750.5000	  0.0151
750.0000	  0.0150
749.5000	  0.0152
749.0000	  0.0152
748.5000	  0.0150
748.0000	  0.0154
747.5000	  0.0151
747.0000	  0.0154
746.5000	  0.0156
746.0000	  0.0152
745.5000	  0.0156
745.0000	  0.0154
744.5000	  0.0153
744.0000	  0.0156
743.5000	  0.0155
743.0000	  0.0158
742.5000	  0.0155
742.0000	  0.0157
741.5000	  0.0162
741.0000	  0.0157
740.5000	  0.0158
740.0000	  0.0160
739.5000	  0.0158
739.0000	  0.0162
738.5000	  0.0162
738.0000	  0.0161
737.5000	  0.0162
737.0000	  0.0161
736.5000	  0.0163
736.0000	  0.0162
735.5000	  0.0164
735.0000	  0.0164
734.5000	  0.0162
734.0000	  0.0165
733.5000	  0.0165
733.0000	  0.0167
732.5000	  0.0167
732.0000	  0.0167
731.5000	  0.0169
731.0000	  0.0168
730.5000	  0.0170
730.0000	  0.0168
729.5000	  0.0170
729.0000	  0.0172
728.5000	  0.0172
728.0000	  0.0172
727.5000	  0.0172
727.0000	  0.0177
726.5000	  0.0171
726.0000	  0.0176
725.5000	  0.0178
725.0000	  0.0174
724.5000	  0.0180
724.0000	  0.0176
723.5000	  0.0181
723.0000	  0.0180
722.5000	  0.0181
722.0000	  0.0184
721.5000	  0.0183
721.0000	  0.0185
720.5000	  0.0185
720.0000	  0.0188
719.5000	  0.0190
719.0000	  0.0191
718.5000	  0.0189
718.0000	  0.0191
717.5000	  0.0194
717.0000	  0.0192
716.5000	  0.0196
716.0000	  0.0194
715.5000	  0.0192
715.0000	  0.0192
714.5000	  0.0190
714.0000	  0.0194
713.5000	  0.0190
713.0000	  0.0192
712.5000	  0.0190
712.0000	  0.0190
711.5000	  0.0189
711.0000	  0.0192
710.5000	  0.0191
710.0000	  0.0192
709.5000	  0.0192
709.0000	  0.0191
708.5000	  0.0195
708.0000	  0.0194
707.5000	  0.0195
707.0000	  0.0195
706.5000	  0.0196
706.0000	  0.0197
705.5000	  0.0196
705.0000	  0.0198
704.5000	  0.0197
704.0000	  0.0201
703.5000	  0.0201
703.0000	  0.0199
702.5000	  0.0205
702.0000	  0.0201
701.5000	  0.0205
701.0000	  0.0203
700.5000	  0.0204
700.0000	  0.0205
699.5000	  0.0208
699.0000	  0.0206
698.5000	  0.0208
698.0000	  0.0208
697.5000	  0.0210
697.0000	  0.0210
696.5000	  0.0209
696.0000	  0.0213
695.5000	  0.0210
695.0000	  0.0214
694.5000	  0.0212
694.0000	  0.0216
693.5000	  0.0216
693.0000	  0.0216
692.5000	  0.0219
692.0000	  0.0219
691.5000	  0.0220
691.0000	  0.0219
690.5000	  0.0223
690.0000	  0.0220
689.5000	  0.0222
689.0000	  0.0224
688.5000	  0.0225
688.0000	  0.0225
687.5000	  0.0227
687.0000	  0.0228
686.5000	  0.0229
686.0000	  0.0229
685.5000	  0.0229
685.0000	  0.0230
684.5000	  0.0232
684.0000	  0.0232
683.5000	  0.0234
683.0000	  0.0234
682.5000	  0.0235
682.0000	  0.0237
681.5000	  0.0238
681.0000	  0.0239
680.5000	  0.0239
680.0000	  0.0239
679.5000	  0.0240
679.0000	  0.0242
678.5000	  0.0244
678.0000	  0.0244
677.5000	  0.0245
677.0000	  0.0246
676.5000	  0.0247
676.0000	  0.0249
675.5000	  0.0249
675.0000	  0.0250
674.5000	  0.0252
674.0000	  0.0252
673.5000	  0.0254
673.0000	  0.0256
672.5000	  0.0255
672.0000	  0.0257
671.5000	  0.0257
671.0000	  0.0259
670.5000	  0.0260
670.0000	  0.0262
669.5000	  0.0261
669.0000	  0.0264
668.5000	  0.0265
668.0000	  0.0266
667.5000	  0.0267
667.0000	  0.0267
666.5000	  0.0270
666.0000	  0.0272
665.5000	  0.0272
665.0000	  0.0272
664.5000	  0.0276
664.0000	  0.0275
663.5000	  0.0277
663.0000	  0.0277
662.5000	  0.0280
662.0000	  0.0280
661.5000	  0.0282
661.0000	  0.0282
660.5000	  0.0284
660.0000	  0.0284
659.5000	  0.0287
659.0000	  0.0288
658.5000	  0.0291
658.0000	  0.0292
657.5000	  0.0293
657.0000	  0.0293
656.5000	  0.0295
656.0000	  0.0296
655.5000	  0.0297
655.0000	  0.0297
654.5000	  0.0301
654.0000	  0.0301
653.5000	  0.0302
653.0000	  0.0303
652.5000	  0.0305
652.0000	  0.0307
651.5000	  0.0309
651.0000	  0.0310
650.5000	  0.0311
650.0000	  0.0313
649.5000	  0.0314
649.0000	  0.0316
648.5000	  0.0318
648.0000	  0.0319
647.5000	  0.0319
647.0000	  0.0321
646.5000	  0.0322
646.0000	  0.0325
645.5000	  0.0325
645.0000	  0.0326
644.5000	  0.0330
644.0000	  0.0332
643.5000	  0.0332
643.0000	  0.0336
642.5000	  0.0334
642.0000	  0.0337
641.5000	  0.0338
641.0000	  0.0340
640.5000	  0.0342
640.0000	  0.0343
639.5000	  0.0345
639.0000	  0.0348
638.5000	  0.0349
638.0000	  0.0350
637.5000	  0.0352
637.0000	  0.0353
636.5000	  0.0356
636.0000	  0.0356
635.5000	  0.0357
635.0000	  0.0361
634.5000	  0.0362
634.0000	  0.0364
633.5000	  0.0366
633.0000	  0.0368
632.5000	  0.0370
632.0000	  0.0372
631.5000	  0.0374
631.0000	  0.0377
630.5000	  0.0379
630.0000	  0.0381
629.5000	  0.0383
629.0000	  0.0386
628.5000	  0.0387
628.0000	  0.0392
627.5000	  0.0393
627.0000	  0.0395
626.5000	  0.0397
626.0000	  0.0400
625.5000	  0.0403
625.0000	  0.0406
624.5000	  0.0407
624.0000	  0.0409
623.5000	  0.0412
623.0000	  0.0415
622.5000	  0.0417
622.0000	  0.0419
621.5000	  0.0423
621.0000	  0.0424
620.5000	  0.0428
620.0000	  0.0429
619.5000	  0.0431
619.0000	  0.0434
618.5000	  0.0435
618.0000	  0.0437
617.5000	  0.0438
617.0000	  0.0443
616.5000	  0.0443
616.0000	  0.0447
615.5000	  0.0449
615.0000	  0.0452
614.5000	  0.0454
614.0000	  0.0455
613.5000	  0.0458
613.0000	  0.0460
612.5000	  0.0463
612.0000	  0.0464
611.5000	  0.0466
611.0000	  0.0472
610.5000	  0.0471
610.0000	  0.0474
609.5000	  0.0477
609.0000	  0.0479
608.5000	  0.0482
608.0000	  0.0485
607.5000	  0.0487
607.0000	  0.0490
606.5000	  0.0494
606.0000	  0.0496
605.5000	  0.0500
605.0000	  0.0501
604.5000	  0.0505
604.0000	  0.0507
603.5000	  0.0511
603.0000	  0.0512
602.5000	  0.0516
602.0000	  0.0519
601.5000	  0.0520
601.0000	  0.0523
600.5000	  0.0527
600.0000	  0.0530
599.5000	  0.0535
599.0000	  0.0536
598.5000	  0.0537
598.0000	  0.0542
597.5000	  0.0545
597.0000	  0.0549
596.5000	  0.0550
596.0000	  0.0552
595.5000	  0.0557
595.0000	  0.0559
594.5000	  0.0563
594.0000	  0.0567
593.5000	  0.0569
593.0000	  0.0572
592.5000	  0.0577
592.0000	  0.0579
591.5000	  0.0582
591.0000	  0.0587
590.5000	  0.0588
590.0000	  0.0593
589.5000	  0.0596
589.0000	  0.0598
588.5000	  0.0599
588.0000	  0.0605
587.5000	  0.0608
587.0000	  0.0614
586.5000	  0.0614
586.0000	  0.0618
585.5000	  0.0623
585.0000	  0.0628
584.5000	  0.0629
584.0000	  0.0632
583.5000	  0.0636
583.0000	  0.0640
582.5000	  0.0643
582.0000	  0.0648
581.5000	  0.0652
581.0000	  0.0651
580.5000	  0.0661
580.0000	  0.0662
579.5000	  0.0663
579.0000	  0.0668
578.5000	  0.0673
578.0000	  0.0675
577.5000	  0.0680
577.0000	  0.0685
576.5000	  0.0687
576.0000	  0.0693
575.5000	  0.0695
575.0000	  0.0698
574.5000	  0.0704
574.0000	  0.0708
573.5000	  0.0711
573.0000	  0.0717
572.5000	  0.0720
572.0000	  0.0721
571.5000	  0.0727
571.0000	  0.0733
570.5000	  0.0736
570.0000	  0.0740
569.5000	  0.0744
569.0000	  0.0748
568.5000	  0.0753
568.0000	  0.0758
567.5000	  0.0765
567.0000	  0.0767
566.5000	  0.0772
566.0000	  0.0777
565.5000	  0.0780
565.0000	  0.0782
564.5000	  0.0792
564.0000	  0.0794
563.5000	  0.0796
563.0000	  0.0805
562.5000	  0.0809
562.0000	  0.0812
561.5000	  0.0819
561.0000	  0.0823
560.5000	  0.0828
560.0000	  0.0830
559.5000	  0.0834
559.0000	  0.0839
558.5000	  0.0846
558.0000	  0.0848
557.5000	  0.0855
557.0000	  0.0859
556.5000	  0.0864
556.0000	  0.0869
555.5000	  0.0876
555.0000	  0.0883
554.5000	  0.0885
554.0000	  0.0892
553.5000	  0.0897
553.0000	  0.0900
552.5000	  0.0905
552.0000	  0.0911
551.5000	  0.0916
551.0000	  0.0923
550.5000	  0.0929
550.0000	  0.0933
549.5000	  0.0939
549.0000	  0.0944
548.5000	  0.0948
548.0000	  0.0955
547.5000	  0.0962
547.0000	  0.0966
546.5000	  0.0971
546.0000	  0.0976
545.5000	  0.0983
545.0000	  0.0988
544.5000	  0.0994
544.0000	  0.1001
543.5000	  0.1005
543.0000	  0.1012
542.5000	  0.1018
542.0000	  0.1024
541.5000	  0.1029
541.0000	  0.1033
540.5000	  0.1042
540.0000	  0.1045
539.5000	  0.1053
539.0000	  0.1059
538.5000	  0.1066
538.0000	  0.1068
537.5000	  0.1074
537.0000	  0.1082
536.5000	  0.1089
536.0000	  0.1094
535.5000	  0.1100
535.0000	  0.1109
534.5000	  0.1114
534.0000	  0.1118
533.5000	  0.1124
533.0000	  0.1130
532.5000	  0.1139
532.0000	  0.1145
531.5000	  0.1152
531.0000	  0.1156
530.5000	  0.1165
530.0000	  0.1170
529.5000	  0.1177
529.0000	  0.1182
528.5000	  0.1189
528.0000	  0.1196
527.5000	  0.1201
527.0000	  0.1207
526.5000	  0.1215
526.0000	  0.1222
525.5000	  0.1229
525.0000	  0.1236
524.5000	  0.1242
524.0000	  0.1248
523.5000	  0.1257
523.0000	  0.1261
522.5000	  0.1270
522.0000	  0.1273
521.5000	  0.1281
521.0000	  0.1286
520.5000	  0.1293
520.0000	  0.1299
519.5000	  0.1306
519.0000	  0.1312
518.5000	  0.1316
518.0000	  0.1325
517.5000	  0.1331
517.0000	  0.1336
516.5000	  0.1340
516.0000	  0.1350
515.5000	  0.1355
515.0000	  0.1359
514.5000	  0.1367
514.0000	  0.1371
513.5000	  0.1377
513.0000	  0.1382
512.5000	  0.1388
512.0000	  0.1395
511.5000	  0.1397
511.0000	  0.1404
510.5000	  0.1410
510.0000	  0.1414
509.5000	  0.1420
509.0000	  0.1425
508.5000	  0.1430
508.0000	  0.1433
507.5000	  0.1439
507.0000	  0.1442
506.5000	  0.1445
506.0000	  0.1449
505.5000	  0.1455
505.0000	  0.1459
504.5000	  0.1464
504.0000	  0.1463
503.5000	  0.1467
503.0000	  0.1473
502.5000	  0.1478
502.0000	  0.1481
501.5000	  0.1482
501.0000	  0.1483
500.5000	  0.1486
500.0000	  0.1484
499.5000	  0.1488
499.0000	  0.1487
498.5000	  0.1492
498.0000	  0.1489
497.5000	  0.1487
497.0000	  0.1487
496.5000	  0.1488
496.0000	  0.1485
495.5000	  0.1482
495.0000	  0.1484
494.5000	  0.1481
494.0000	  0.1476
493.5000	  0.1474
493.0000	  0.1473
492.5000	  0.1468
492.0000	  0.1462
491.5000	  0.1461
491.0000	  0.1458
490.5000	  0.1453
490.0000	  0.1451
489.5000	  0.1441
489.0000	  0.1434
488.5000	  0.1431
488.0000	  0.1426
487.5000	  0.1416
487.0000	  0.1411
486.5000	  0.1405
486.0000	  0.1398
485.5000	  0.1392
485.0000	  0.1383
484.5000	  0.1379
484.0000	  0.1375
483.5000	  0.1364
483.0000	  0.1357
482.5000	  0.1352
482.0000	  0.1341
481.5000	  0.1339
481.0000	  0.1329
480.5000	  0.1324
480.0000	  0.1315
479.5000	  0.1309
479.0000	  0.1301
478.5000	  0.1293
478.0000	  0.1287
477.5000	  0.1281
477.0000	  0.1272
476.5000	  0.1265
476.0000	  0.1256
475.5000	  0.1252
475.0000	  0.1243
474.5000	  0.1237
474.0000	  0.1231
473.5000	  0.1225
473.0000	  0.1219
472.5000	  0.1208
472.0000	  0.1204
471.5000	  0.1196
471.0000	  0.1191
470.5000	  0.1185
470.0000	  0.1180
469.5000	  0.1174
469.0000	  0.1168
468.5000	  0.1160
468.0000	  0.1153
467.5000	  0.1148
467.0000	  0.1143
466.5000	  0.1138
466.0000	  0.1131
465.5000	  0.1126
465.0000	  0.1119
464.5000	  0.1117
464.0000	  0.1114
463.5000	  0.1110
463.0000	  0.1105
462.5000	  0.1096
462.0000	  0.1089
461.5000	  0.1089
461.0000	  0.1083
460.5000	  0.1078
460.0000	  0.1074
459.5000	  0.1068
459.0000	  0.1065
458.5000	  0.1056
458.0000	  0.1049
457.5000	  0.1046
457.0000	  0.1043
456.5000	  0.1035
456.0000	  0.1026
455.5000	  0.1023
455.0000	  0.1017
454.5000	  0.1011
454.0000	  0.1007
453.5000	  0.0999
453.0000	  0.0993
452.5000	  0.0983
452.0000	  0.0978
451.5000	  0.0969
451.0000	  0.0965
450.5000	  0.0959
450.0000	  0.0953
449.5000	  0.0943
449.0000	  0.0938
448.5000	  0.0930
448.0000	  0.0924
447.5000	  0.0916
447.0000	  0.0914
446.5000	  0.0905
446.0000	  0.0902
445.5000	  0.0894
445.0000	  0.0888
444.5000	  0.0885
444.0000	  0.0881
443.5000	  0.0871
443.0000	  0.0869
442.5000	  0.0866
442.0000	  0.0861
441.5000	  0.0856
441.0000	  0.0856
440.5000	  0.0848
440.0000	  0.0847
439.5000	  0.0838
439.0000	  0.0834
438.5000	  0.0830
438.0000	  0.0833
437.5000	  0.0825
437.0000	  0.0819
436.5000	  0.0816
436.0000	  0.0813
435.5000	  0.0807
435.0000	  0.0805
434.5000	  0.0800
434.0000	  0.0800
433.5000	  0.0796
433.0000	  0.0790
432.5000	  0.0788
432.0000	  0.0784
431.5000	  0.0784
431.0000	  0.0781
430.5000	  0.0776
430.0000	  0.0773
429.5000	  0.0770
429.0000	  0.0767
428.5000	  0.0763
428.0000	  0.0764
427.5000	  0.0758
427.0000	  0.0754
426.5000	  0.0749
426.0000	  0.0750
425.5000	  0.0747
425.0000	  0.0741
424.5000	  0.0744
424.0000	  0.0739
423.5000	  0.0736
423.0000	  0.0735
422.5000	  0.0728
422.0000	  0.0727
421.5000	  0.0721
421.0000	  0.0720
420.5000	  0.0720
420.0000	  0.0716
419.5000	  0.0714
419.0000	  0.0713
418.5000	  0.0706
418.0000	  0.0706
417.5000	  0.0702
417.0000	  0.0702
416.5000	  0.0700
416.0000	  0.0697
415.5000	  0.0693
415.0000	  0.0690
414.5000	  0.0688
414.0000	  0.0688
413.5000	  0.0687
413.0000	  0.0680
412.5000	  0.0678
412.0000	  0.0674
411.5000	  0.0675
411.0000	  0.0673
410.5000	  0.0665
410.0000	  0.0666
409.5000	  0.0664
409.0000	  0.0661
408.5000	  0.0660
408.0000	  0.0654
407.5000	  0.0653
407.0000	  0.0655
406.5000	  0.0651
406.0000	  0.0649
405.5000	  0.0648
405.0000	  0.0645
404.5000	  0.0640
404.0000	  0.0641
403.5000	  0.0639
403.0000	  0.0639
402.5000	  0.0638
402.0000	  0.0630
401.5000	  0.0633
401.0000	  0.0628
400.5000	  0.0625
400.0000	  0.0625
399.5000	  0.0617
399.0000	  0.0618
398.5000	  0.0619
398.0000	  0.0617
397.5000	  0.0615
397.0000	  0.0610
396.5000	  0.0611
396.0000	  0.0613
395.5000	  0.0606
395.0000	  0.0611
394.5000	  0.0610
394.0000	  0.0605
393.5000	  0.0605
393.0000	  0.0609
392.5000	  0.0601
392.0000	  0.0604
391.5000	  0.0595
391.0000	  0.0590
390.5000	  0.0592
390.0000	  0.0587
389.5000	  0.0587
389.0000	  0.0592
388.5000	  0.0589
388.0000	  0.0598
387.5000	  0.0585
387.0000	  0.0590
386.5000	  0.0582
386.0000	  0.0585
385.5000	  0.0582
385.0000	  0.0578
384.5000	  0.0589
384.0000	  0.0589
383.5000	  0.0582
383.0000	  0.0576
382.5000	  0.0579
382.0000	  0.0578
381.5000	  0.0572
381.0000	  0.0574
380.5000	  0.0569
380.0000	  0.0578
379.5000	  0.0564
379.0000	  0.0566
378.5000	  0.0560
378.0000	  0.0569
377.5000	  0.0566
377.0000	  0.0567
376.5000	  0.0562
376.0000	  0.0564
375.5000	  0.0562
375.0000	  0.0558
374.5000	  0.0557
374.0000	  0.0565
373.5000	  0.0560
373.0000	  0.0553
372.5000	  0.0556
372.0000	  0.0559
371.5000	  0.0554
371.0000	  0.0563
370.5000	  0.0559
370.0000	  0.0553
369.5000	  0.0554
369.0000	  0.0552
368.5000	  0.0556
368.0000	  0.0544
367.5000	  0.0551
367.0000	  0.0546
366.5000	  0.0544
366.0000	  0.0542
365.5000	  0.0552
365.0000	  0.0544
364.5000	  0.0546
364.0000	  0.0551
363.5000	  0.0539
363.0000	  0.0544
362.5000	  0.0552
362.0000	  0.0534
361.5000	  0.0557
361.0000	  0.0540
360.5000	  0.0542
360.0000	  0.0532
359.5000	  0.0533
359.0000	  0.0526
358.5000	  0.0542
358.0000	  0.0536
357.5000	  0.0532
357.0000	  0.0533
356.5000	  0.0546
356.0000	  0.0546
355.5000	  0.0544
355.0000	  0.0534
354.5000	  0.0534
354.0000	  0.0518
353.5000	  0.0534
353.0000	  0.0526
352.5000	  0.0526
352.0000	  0.0526
351.5000	  0.0509
351.0000	  0.0509
350.5000	  0.0509
350.0000	  0.0514
