26/05/2023 15.11.05
26/05/2023 15.18.26

900.0000	 51.5000

900.0000	 51.5000

900.0000	120.7000



  1.0000
900.0000
  3.0000
340.0000
  1.0000
1101.0000
  5.0000
  6.0000
  1.0000
  1.0000
  0.0000
  0.0000
100.0000
  0.0000
  1.0000
  0.0000
500.0000
900.0000
350.0000
  4.0000
  1.0000
 18.0000
  2.0000
  1.0000
255.0000
  0.9041
  1.0000
 30.0000
  4.0000
500.0000
  0.0000
  0.0000
  4.0000
900.0000
350.0000
  0.0000
100.0000
  0.0000
  1.0000
  0.0000
500.0000
  1.0000
  1.0000
  1.0000
  1.0000
  4.0000
  0.0000
  1.0000
  1.0000
  1.0000
  1.0000
  1.0000
  2.0000
  1.0000
  1.0000
  1.0000
  3.0000
  1.0000
  1.0000
  1.0000
  4.0000
  5.0000
440.653
0.000
900.0000	  2.8267
899.5000	 -0.4074
899.0000	 -0.2954
898.5000	  2.3242
898.0000	  4.3682
897.5000	  1.3905
897.0000	  0.5035
896.5000	  1.4960
896.0000	 10.6923
895.5000	  1.7206
895.0000	  0.2244
894.5000	  1.3435
894.0000	  1.7698
893.5000	  0.9234
893.0000	  0.4519
892.5000	  0.4925
892.0000	  1.4055
891.5000	  1.5280
891.0000	  1.4112
890.5000	  0.7374
890.0000	  0.8197
889.5000	  0.9391
889.0000	  1.4793
888.5000	  1.1787
888.0000	  1.0629
887.5000	  0.5002
887.0000	  0.7860
886.5000	  1.3945
886.0000	  0.6207
885.5000	  2.1719
885.0000	  1.3563
884.5000	  0.7855
884.0000	  2.4527
883.5000	  1.6420
883.0000	  0.8325
882.5000	  1.1947
882.0000	  0.7374
881.5000	  0.8668
881.0000	  0.9266
880.5000	  1.1482
880.0000	  1.0458
879.5000	  1.2597
879.0000	  0.6377
878.5000	  0.8829
878.0000	  0.9497
877.5000	  1.2402
877.0000	  0.8273
876.5000	  0.9806
876.0000	  0.8211
875.5000	  1.1045
875.0000	  0.9702
874.5000	  0.7892
874.0000	  0.8667
873.5000	  1.0777
873.0000	  1.0175
872.5000	  0.7428
872.0000	  0.8406
871.5000	  1.0431
871.0000	  0.9723
870.5000	  0.8466
870.0000	  0.9438
869.5000	  0.8278
869.0000	  0.9835
868.5000	  0.9133
868.0000	  0.9038
867.5000	  0.9054
867.0000	  0.9267
866.5000	  1.0078
866.0000	  0.9986
865.5000	  0.8632
865.0000	  0.8821
864.5000	  0.8755
864.0000	  0.9520
863.5000	  0.9074
863.0000	  0.8957
862.5000	  0.9380
862.0000	  0.9521
861.5000	  0.9647
861.0000	  0.8637
860.5000	  0.9433
860.0000	  0.9613
859.5000	  0.9436
859.0000	  0.9014
858.5000	  0.9254
858.0000	  0.9466
857.5000	  0.9480
857.0000	  0.9387
856.5000	  0.9323
856.0000	  0.9340
855.5000	  0.9455
855.0000	  0.9514
854.5000	  0.9142
854.0000	  0.9245
853.5000	  0.9336
853.0000	  0.9248
852.5000	  0.9433
852.0000	  0.9140
851.5000	  0.9147
851.0000	  0.9231
850.5000	  0.9402
850.0000	  0.9111
849.5000	  0.9157
849.0000	  0.9202
848.5000	  0.9179
848.0000	  0.9097
847.5000	  0.9184
847.0000	  0.9350
846.5000	  0.9220
846.0000	  0.9361
845.5000	  0.9288
845.0000	  0.9281
844.5000	  0.9232
844.0000	  0.9335
843.5000	  0.9196
843.0000	  0.9280
842.5000	  0.9323
842.0000	  0.9280
841.5000	  0.9313
841.0000	  0.9264
840.5000	  0.9223
840.0000	  0.9318
839.5000	  0.9380
839.0000	  0.9182
838.5000	  0.9233
838.0000	  0.9314
837.5000	  0.9260
837.0000	  0.9311
836.5000	  0.9243
836.0000	  0.9263
835.5000	  0.9277
835.0000	  0.9345
834.5000	  0.9235
834.0000	  0.9271
833.5000	  0.9301
833.0000	  0.9249
832.5000	  0.9200
832.0000	  0.9231
831.5000	  0.9223
831.0000	  0.9236
830.5000	  0.9229
830.0000	  0.9217
829.5000	  0.9269
829.0000	  0.9244
828.5000	  0.9272
828.0000	  0.9234
827.5000	  0.9195
827.0000	  0.9254
826.5000	  0.9237
826.0000	  0.9259
825.5000	  0.9201
825.0000	  0.9254
824.5000	  0.9269
824.0000	  0.9234
823.5000	  0.9180
823.0000	  0.9260
822.5000	  0.9232
822.0000	  0.9226
821.5000	  0.9228
821.0000	  0.9210
820.5000	  0.9193
820.0000	  0.9230
819.5000	  0.9193
819.0000	  0.9191
818.5000	  0.9198
818.0000	  0.9225
817.5000	  0.9233
817.0000	  0.9194
816.5000	  0.9186
816.0000	  0.9239
815.5000	  0.9205
815.0000	  0.9230
814.5000	  0.9167
814.0000	  0.9214
813.5000	  0.9205
813.0000	  0.9226
812.5000	  0.9189
812.0000	  0.9224
811.5000	  0.9235
811.0000	  0.9242
810.5000	  0.9204
810.0000	  0.9220
809.5000	  0.9206
809.0000	  0.9221
808.5000	  0.9222
808.0000	  0.9222
807.5000	  0.9222
807.0000	  0.9247
806.5000	  0.9240
806.0000	  0.9211
805.5000	  0.9211
805.0000	  0.9245
804.5000	  0.9224
804.0000	  0.9251
803.5000	  0.9219
803.0000	  0.9231
802.5000	  0.9219
802.0000	  0.9233
801.5000	  0.9223
801.0000	  0.9207
800.5000	  0.9221
800.0000	  0.9241
799.5000	  0.9232
799.0000	  0.9219
798.5000	  0.9253
798.0000	  0.9232
797.5000	  0.9216
797.0000	  0.9212
796.5000	  0.9230
796.0000	  0.9225
795.5000	  0.9283
795.0000	  0.9242
794.5000	  0.9225
794.0000	  0.9223
793.5000	  0.9277
793.0000	  0.9238
792.5000	  0.9231
792.0000	  0.9265
791.5000	  0.9245
791.0000	  0.9236
790.5000	  0.9214
790.0000	  0.9277
789.5000	  0.9246
789.0000	  0.9258
788.5000	  0.9253
788.0000	  0.9223
787.5000	  0.9229
787.0000	  0.9263
786.5000	  0.9245
786.0000	  0.9247
785.5000	  0.9276
785.0000	  0.9261
784.5000	  0.9278
784.0000	  0.9270
783.5000	  0.9260
783.0000	  0.9267
782.5000	  0.9276
782.0000	  0.9244
781.5000	  0.9275
781.0000	  0.9272
780.5000	  0.9303
780.0000	  0.9244
779.5000	  0.9270
779.0000	  0.9303
778.5000	  0.9286
778.0000	  0.9281
777.5000	  0.9247
777.0000	  0.9269
776.5000	  0.9296
776.0000	  0.9283
775.5000	  0.9255
775.0000	  0.9262
774.5000	  0.9275
774.0000	  0.9302
773.5000	  0.9284
773.0000	  0.9264
772.5000	  0.9289
772.0000	  0.9277
771.5000	  0.9267
771.0000	  0.9292
770.5000	  0.9288
770.0000	  0.9268
769.5000	  0.9281
769.0000	  0.9283
768.5000	  0.9286
768.0000	  0.9304
767.5000	  0.9289
767.0000	  0.9267
766.5000	  0.9288
766.0000	  0.9302
765.5000	  0.9294
765.0000	  0.9284
764.5000	  0.9289
764.0000	  0.9315
763.5000	  0.9295
763.0000	  0.9278
762.5000	  0.9305
762.0000	  0.9279
761.5000	  0.9291
761.0000	  0.9295
760.5000	  0.9294
760.0000	  0.9284
759.5000	  0.9303
759.0000	  0.9323
758.5000	  0.9277
758.0000	  0.9303
757.5000	  0.9318
757.0000	  0.9334
756.5000	  0.9294
756.0000	  0.9312
755.5000	  0.9325
755.0000	  0.9327
754.5000	  0.9316
754.0000	  0.9292
753.5000	  0.9298
753.0000	  0.9301
752.5000	  0.9344
752.0000	  0.9320
751.5000	  0.9288
751.0000	  0.9325
750.5000	  0.9346
750.0000	  0.9301
749.5000	  0.9297
749.0000	  0.9337
748.5000	  0.9296
748.0000	  0.9328
747.5000	  0.9305
747.0000	  0.9340
746.5000	  0.9326
746.0000	  0.9343
745.5000	  0.9343
745.0000	  0.9328
744.5000	  0.9349
744.0000	  0.9377
743.5000	  0.9317
743.0000	  0.9329
742.5000	  0.9334
742.0000	  0.9348
741.5000	  0.9339
741.0000	  0.9333
740.5000	  0.9351
740.0000	  0.9356
739.5000	  0.9341
739.0000	  0.9351
738.5000	  0.9366
738.0000	  0.9376
737.5000	  0.9400
737.0000	  0.9368
736.5000	  0.9386
736.0000	  0.9378
735.5000	  0.9376
735.0000	  0.9380
734.5000	  0.9393
734.0000	  0.9403
733.5000	  0.9400
733.0000	  0.9368
732.5000	  0.9403
732.0000	  0.9412
731.5000	  0.9456
731.0000	  0.9449
730.5000	  0.9435
730.0000	  0.9427
729.5000	  0.9462
729.0000	  0.9471
728.5000	  0.9466
728.0000	  0.9482
727.5000	  0.9524
727.0000	  0.9509
726.5000	  0.9511
726.0000	  0.9539
725.5000	  0.9530
725.0000	  0.9546
724.5000	  0.9577
724.0000	  0.9587
723.5000	  0.9602
723.0000	  0.9645
722.5000	  0.9726
722.0000	  0.9691
721.5000	  0.9697
721.0000	  0.9767
720.5000	  0.9778
720.0000	  0.9772
719.5000	  0.9813
719.0000	  0.9871
718.5000	  0.9868
718.0000	  0.9851
717.5000	  0.9877
717.0000	  0.9896
716.5000	  0.9878
716.0000	  0.9887
715.5000	  0.9833
715.0000	  0.9785
714.5000	  0.9775
714.0000	  0.9772
713.5000	  0.9723
713.0000	  0.9693
712.5000	  0.9658
712.0000	  0.9645
711.5000	  0.9607
711.0000	  0.9554
710.5000	  0.9523
710.0000	  0.9533
709.5000	  0.9514
709.0000	  0.9451
708.5000	  0.9462
708.0000	  0.9433
707.5000	  0.9428
707.0000	  0.9432
706.5000	  0.9402
706.0000	  0.9417
705.5000	  0.9412
705.0000	  0.9430
704.5000	  0.9404
704.0000	  0.9415
703.5000	  0.9426
703.0000	  0.9414
702.5000	  0.9404
702.0000	  0.9402
701.5000	  0.9422
701.0000	  0.9417
700.5000	  0.9442
700.0000	  0.9391
699.5000	  0.9416
699.0000	  0.9424
698.5000	  0.9428
698.0000	  0.9397
697.5000	  0.9408
697.0000	  0.9409
696.5000	  0.9417
696.0000	  0.9425
695.5000	  0.9398
695.0000	  0.9416
694.5000	  0.9426
694.0000	  0.9412
693.5000	  0.9399
693.0000	  0.9419
692.5000	  0.9435
692.0000	  0.9396
691.5000	  0.9428
691.0000	  0.9419
690.5000	  0.9410
690.0000	  0.9416
689.5000	  0.9413
689.0000	  0.9388
688.5000	  0.9404
688.0000	  0.9437
687.5000	  0.9409
687.0000	  0.9406
686.5000	  0.9422
686.0000	  0.9401
685.5000	  0.9408
685.0000	  0.9422
684.5000	  0.9398
684.0000	  0.9404
683.5000	  0.9401
683.0000	  0.9417
682.5000	  0.9389
682.0000	  0.9398
681.5000	  0.9402
681.0000	  0.9407
680.5000	  0.9399
680.0000	  0.9386
679.5000	  0.9396
679.0000	  0.9412
678.5000	  0.9421
678.0000	  0.9387
677.5000	  0.9405
677.0000	  0.9409
676.5000	  0.9405
676.0000	  0.9389
675.5000	  0.9394
675.0000	  0.9390
674.5000	  0.9400
674.0000	  0.9415
673.5000	  0.9387
673.0000	  0.9391
672.5000	  0.9387
672.0000	  0.9401
671.5000	  0.9415
671.0000	  0.9398
670.5000	  0.9386
670.0000	  0.9403
669.5000	  0.9412
669.0000	  0.9390
668.5000	  0.9408
668.0000	  0.9408
667.5000	  0.9384
667.0000	  0.9396
666.5000	  0.9390
666.0000	  0.9406
665.5000	  0.9406
665.0000	  0.9408
664.5000	  0.9382
664.0000	  0.9413
663.5000	  0.9401
663.0000	  0.9387
662.5000	  0.9401
662.0000	  0.9389
661.5000	  0.9408
661.0000	  0.9393
660.5000	  0.9409
660.0000	  0.9382
659.5000	  0.9387
659.0000	  0.9392
658.5000	  0.9386
658.0000	  0.9379
657.5000	  0.9384
657.0000	  0.9387
656.5000	  0.9384
656.0000	  0.9395
655.5000	  0.9392
655.0000	  0.9378
654.5000	  0.9386
654.0000	  0.9381
653.5000	  0.9384
653.0000	  0.9379
652.5000	  0.9393
652.0000	  0.9382
651.5000	  0.9381
651.0000	  0.9357
650.5000	  0.9376
650.0000	  0.9385
649.5000	  0.9371
649.0000	  0.9355
648.5000	  0.9380
648.0000	  0.9362
647.5000	  0.9362
647.0000	  0.9381
646.5000	  0.9357
646.0000	  0.9357
645.5000	  0.9357
645.0000	  0.9368
644.5000	  0.9350
644.0000	  0.9362
643.5000	  0.9354
643.0000	  0.9345
642.5000	  0.9353
642.0000	  0.9322
641.5000	  0.9340
641.0000	  0.9339
640.5000	  0.9332
640.0000	  0.9340
639.5000	  0.9321
639.0000	  0.9315
638.5000	  0.9315
638.0000	  0.9333
637.5000	  0.9297
637.0000	  0.9319
636.5000	  0.9308
636.0000	  0.9302
635.5000	  0.9296
635.0000	  0.9289
634.5000	  0.9283
634.0000	  0.9281
633.5000	  0.9294
633.0000	  0.9262
632.5000	  0.9281
632.0000	  0.9285
631.5000	  0.9290
631.0000	  0.9289
630.5000	  0.9286
630.0000	  0.9299
629.5000	  0.9302
629.0000	  0.9322
628.5000	  0.9313
628.0000	  0.9339
627.5000	  0.9359
627.0000	  0.9383
626.5000	  0.9405
626.0000	  0.9401
625.5000	  0.9438
625.0000	  0.9458
624.5000	  0.9484
624.0000	  0.9476
623.5000	  0.9503
623.0000	  0.9529
622.5000	  0.9535
622.0000	  0.9550
621.5000	  0.9546
621.0000	  0.9563
620.5000	  0.9596
620.0000	  0.9604
619.5000	  0.9587
619.0000	  0.9594
618.5000	  0.9617
618.0000	  0.9610
617.5000	  0.9607
617.0000	  0.9597
616.5000	  0.9589
616.0000	  0.9599
615.5000	  0.9609
615.0000	  0.9566
614.5000	  0.9587
614.0000	  0.9578
613.5000	  0.9596
613.0000	  0.9590
612.5000	  0.9568
612.0000	  0.9589
611.5000	  0.9592
611.0000	  0.9586
610.5000	  0.9576
610.0000	  0.9595
609.5000	  0.9585
609.0000	  0.9582
608.5000	  0.9599
608.0000	  0.9573
607.5000	  0.9585
607.0000	  0.9587
606.5000	  0.9609
606.0000	  0.9592
605.5000	  0.9601
605.0000	  0.9599
604.5000	  0.9601
604.0000	  0.9615
603.5000	  0.9595
603.0000	  0.9602
602.5000	  0.9595
602.0000	  0.9606
601.5000	  0.9604
601.0000	  0.9607
600.5000	  0.9614
600.0000	  0.9617
599.5000	  0.9630
599.0000	  0.9618
598.5000	  0.9614
598.0000	  0.9612
597.5000	  0.9632
597.0000	  0.9611
596.5000	  0.9614
596.0000	  0.9618
595.5000	  0.9627
595.0000	  0.9632
594.5000	  0.9634
594.0000	  0.9633
593.5000	  0.9639
593.0000	  0.9628
592.5000	  0.9629
592.0000	  0.9633
591.5000	  0.9647
591.0000	  0.9645
590.5000	  0.9648
590.0000	  0.9638
589.5000	  0.9638
589.0000	  0.9657
588.5000	  0.9653
588.0000	  0.9640
587.5000	  0.9642
587.0000	  0.9671
586.5000	  0.9645
586.0000	  0.9678
585.5000	  0.9651
585.0000	  0.9648
584.5000	  0.9670
584.0000	  0.9668
583.5000	  0.9666
583.0000	  0.9667
582.5000	  0.9663
582.0000	  0.9672
581.5000	  0.9694
581.0000	  0.9664
580.5000	  0.9670
580.0000	  0.9685
579.5000	  0.9672
579.0000	  0.9692
578.5000	  0.9687
578.0000	  0.9665
577.5000	  0.9695
577.0000	  0.9684
576.5000	  0.9671
576.0000	  0.9685
575.5000	  0.9684
575.0000	  0.9693
574.5000	  0.9705
574.0000	  0.9687
573.5000	  0.9685
573.0000	  0.9702
572.5000	  0.9706
572.0000	  0.9679
571.5000	  0.9708
571.0000	  0.9706
570.5000	  0.9690
570.0000	  0.9727
569.5000	  0.9707
569.0000	  0.9717
568.5000	  0.9719
568.0000	  0.9717
567.5000	  0.9702
567.0000	  0.9723
566.5000	  0.9723
566.0000	  0.9721
565.5000	  0.9743
565.0000	  0.9718
564.5000	  0.9719
564.0000	  0.9737
563.5000	  0.9740
563.0000	  0.9724
562.5000	  0.9728
562.0000	  0.9743
561.5000	  0.9743
561.0000	  0.9758
560.5000	  0.9736
560.0000	  0.9736
559.5000	  0.9751
559.0000	  0.9741
558.5000	  0.9739
558.0000	  0.9736
557.5000	  0.9741
557.0000	  0.9744
556.5000	  0.9751
556.0000	  0.9729
555.5000	  0.9748
555.0000	  0.9757
554.5000	  0.9751
554.0000	  0.9770
553.5000	  0.9760
553.0000	  0.9760
552.5000	  0.9757
552.0000	  0.9774
551.5000	  0.9755
551.0000	  0.9774
550.5000	  0.9776
550.0000	  0.9773
549.5000	  0.9771
549.0000	  0.9768
548.5000	  0.9780
548.0000	  0.9782
547.5000	  0.9783
547.0000	  0.9780
546.5000	  0.9785
546.0000	  0.9784
545.5000	  0.9778
545.0000	  0.9791
544.5000	  0.9782
544.0000	  0.9794
543.5000	  0.9802
543.0000	  0.9801
542.5000	  0.9784
542.0000	  0.9801
541.5000	  0.9810
541.0000	  0.9806
540.5000	  0.9817
540.0000	  0.9802
539.5000	  0.9810
539.0000	  0.9816
538.5000	  0.9811
538.0000	  0.9792
537.5000	  0.9806
537.0000	  0.9818
536.5000	  0.9825
536.0000	  0.9830
535.5000	  0.9810
535.0000	  0.9818
534.5000	  0.9822
534.0000	  0.9820
533.5000	  0.9824
533.0000	  0.9823
532.5000	  0.9832
532.0000	  0.9815
531.5000	  0.9845
531.0000	  0.9824
530.5000	  0.9826
530.0000	  0.9830
529.5000	  0.9833
529.0000	  0.9829
528.5000	  0.9839
528.0000	  0.9844
527.5000	  0.9843
527.0000	  0.9842
526.5000	  0.9821
526.0000	  0.9832
525.5000	  0.9847
525.0000	  0.9850
524.5000	  0.9839
524.0000	  0.9840
523.5000	  0.9840
523.0000	  0.9845
522.5000	  0.9858
522.0000	  0.9832
521.5000	  0.9858
521.0000	  0.9853
520.5000	  0.9846
520.0000	  0.9847
519.5000	  0.9841
519.0000	  0.9843
518.5000	  0.9845
518.0000	  0.9859
517.5000	  0.9835
517.0000	  0.9840
516.5000	  0.9840
516.0000	  0.9850
515.5000	  0.9847
515.0000	  0.9838
514.5000	  0.9839
514.0000	  0.9837
513.5000	  0.9852
513.0000	  0.9832
512.5000	  0.9845
512.0000	  0.9845
511.5000	  0.9848
511.0000	  0.9847
510.5000	  0.9858
510.0000	  0.9862
509.5000	  0.9851
509.0000	  0.9885
508.5000	  0.9858
508.0000	  0.9876
507.5000	  0.9885
507.0000	  0.9893
506.5000	  0.9906
506.0000	  0.9905
505.5000	  0.9917
505.0000	  0.9926
504.5000	  0.9959
504.0000	  0.9949
503.5000	  0.9956
503.0000	  0.9989
502.5000	  1.0015
502.0000	  1.0008
501.5000	  1.0029
501.0000	  1.0045
500.5000	  1.0031
500.0000	  1.0078
499.5000	  1.0063
499.0000	  1.0075
498.5000	  1.0102
498.0000	  1.0109
497.5000	  1.0115
497.0000	  1.0133
496.5000	  1.0132
496.0000	  1.0164
495.5000	  1.0174
495.0000	  1.0153
494.5000	  1.0168
494.0000	  1.0186
493.5000	  1.0184
493.0000	  1.0182
492.5000	  1.0190
492.0000	  1.0201
491.5000	  1.0207
491.0000	  1.0232
490.5000	  1.0212
490.0000	  1.0226
489.5000	  1.0239
489.0000	  1.0233
488.5000	  1.0235
488.0000	  1.0224
487.5000	  1.0228
487.0000	  1.0241
486.5000	  1.0260
486.0000	  1.0222
485.5000	  1.0238
485.0000	  1.0266
484.5000	  1.0267
484.0000	  1.0254
483.5000	  1.0257
483.0000	  1.0288
482.5000	  1.0284
482.0000	  1.0308
481.5000	  1.0285
481.0000	  1.0309
480.5000	  1.0295
480.0000	  1.0298
479.5000	  1.0322
479.0000	  1.0329
478.5000	  1.0340
478.0000	  1.0334
477.5000	  1.0351
477.0000	  1.0341
476.5000	  1.0369
476.0000	  1.0370
475.5000	  1.0373
475.0000	  1.0388
474.5000	  1.0380
474.0000	  1.0425
473.5000	  1.0423
473.0000	  1.0431
472.5000	  1.0434
472.0000	  1.0452
471.5000	  1.0456
471.0000	  1.0467
470.5000	  1.0480
470.0000	  1.0476
469.5000	  1.0507
469.0000	  1.0530
468.5000	  1.0553
468.0000	  1.0539
467.5000	  1.0569
467.0000	  1.0599
466.5000	  1.0618
466.0000	  1.0608
465.5000	  1.0622
465.0000	  1.0638
464.5000	  1.0679
464.0000	  1.0687
463.5000	  1.0677
463.0000	  1.0706
462.5000	  1.0725
462.0000	  1.0744
461.5000	  1.0743
461.0000	  1.0755
460.5000	  1.0753
460.0000	  1.0807
459.5000	  1.0823
459.0000	  1.0802
458.5000	  1.0827
458.0000	  1.0827
457.5000	  1.0841
457.0000	  1.0864
456.5000	  1.0860
456.0000	  1.0868
455.5000	  1.0866
455.0000	  1.0883
454.5000	  1.0867
454.0000	  1.0820
453.5000	  1.0865
453.0000	  1.0863
452.5000	  1.0851
452.0000	  1.0825
451.5000	  1.0813
451.0000	  1.0792
450.5000	  1.0766
450.0000	  1.0770
449.5000	  1.0758
449.0000	  1.0749
448.5000	  1.0723
448.0000	  1.0696
447.5000	  1.0678
447.0000	  1.0704
446.5000	  1.0690
446.0000	  1.0672
445.5000	  1.0655
445.0000	  1.0623
444.5000	  1.0635
444.0000	  1.0641
443.5000	  1.0580
443.0000	  1.0629
442.5000	  1.0600
442.0000	  1.0582
441.5000	  1.0590
441.0000	  1.0582
440.5000	  1.0584
440.0000	  1.0558
439.5000	  1.0587
439.0000	  1.0549
438.5000	  1.0585
438.0000	  1.0566
437.5000	  1.0567
437.0000	  1.0545
436.5000	  1.0570
436.0000	  1.0526
435.5000	  1.0570
435.0000	  1.0592
434.5000	  1.0552
434.0000	  1.0571
433.5000	  1.0565
433.0000	  1.0560
432.5000	  1.0552
432.0000	  1.0564
431.5000	  1.0579
431.0000	  1.0579
430.5000	  1.0607
430.0000	  1.0560
429.5000	  1.0588
429.0000	  1.0616
428.5000	  1.0623
428.0000	  1.0566
427.5000	  1.0601
427.0000	  1.0598
426.5000	  1.0643
426.0000	  1.0591
425.5000	  1.0622
425.0000	  1.0614
424.5000	  1.0622
424.0000	  1.0664
423.5000	  1.0603
423.0000	  1.0652
422.5000	  1.0658
422.0000	  1.0673
421.5000	  1.0659
421.0000	  1.0669
420.5000	  1.0684
420.0000	  1.0703
419.5000	  1.0706
419.0000	  1.0680
418.5000	  1.0716
418.0000	  1.0712
417.5000	  1.0751
417.0000	  1.0731
416.5000	  1.0738
416.0000	  1.0736
415.5000	  1.0699
415.0000	  1.0715
414.5000	  1.0764
414.0000	  1.0754
413.5000	  1.0764
413.0000	  1.0756
412.5000	  1.0735
412.0000	  1.0752
411.5000	  1.0777
411.0000	  1.0797
410.5000	  1.0781
410.0000	  1.0793
409.5000	  1.0806
409.0000	  1.0814
408.5000	  1.0785
408.0000	  1.0786
407.5000	  1.0798
407.0000	  1.0784
406.5000	  1.0841
406.0000	  1.0798
405.5000	  1.0834
405.0000	  1.0864
404.5000	  1.0846
404.0000	  1.0788
403.5000	  1.0849
403.0000	  1.0863
402.5000	  1.0860
402.0000	  1.0877
401.5000	  1.0896
401.0000	  1.0851
400.5000	  1.0889
400.0000	  1.0926
399.5000	  1.0852
399.0000	  1.0889
398.5000	  1.0903
398.0000	  1.0909
397.5000	  1.0917
397.0000	  1.0876
396.5000	  1.0920
396.0000	  1.0891
395.5000	  1.0949
395.0000	  1.0903
394.5000	  1.0890
394.0000	  1.0990
393.5000	  1.0939
393.0000	  1.0897
392.5000	  1.0990
392.0000	  1.0981
391.5000	  1.0976
391.0000	  1.0983
390.5000	  1.0972
390.0000	  1.0993
389.5000	  1.1049
389.0000	  1.1039
388.5000	  1.0998
388.0000	  1.1094
387.5000	  1.1100
387.0000	  1.1104
386.5000	  1.1103
386.0000	  1.1052
385.5000	  1.1054
385.0000	  1.1169
384.5000	  1.1132
384.0000	  1.1136
383.5000	  1.1144
383.0000	  1.1224
382.5000	  1.1132
382.0000	  1.1136
381.5000	  1.1230
381.0000	  1.1240
380.5000	  1.1181
380.0000	  1.1311
379.5000	  1.1221
379.0000	  1.1216
378.5000	  1.1320
378.0000	  1.1259
377.5000	  1.1220
377.0000	  1.1354
376.5000	  1.1257
376.0000	  1.1262
375.5000	  1.1284
375.0000	  1.1320
374.5000	  1.1315
374.0000	  1.1406
373.5000	  1.1394
373.0000	  1.1344
372.5000	  1.1394
372.0000	  1.1449
371.5000	  1.1398
371.0000	  1.1433
370.5000	  1.1408
370.0000	  1.1385
369.5000	  1.1445
369.0000	  1.1442
368.5000	  1.1345
368.0000	  1.1407
367.5000	  1.1454
367.0000	  1.1383
366.5000	  1.1464
366.0000	  1.1392
365.5000	  1.1422
365.0000	  1.1473
364.5000	  1.1556
364.0000	  1.1494
363.5000	  1.1449
363.0000	  1.1517
362.5000	  1.1538
362.0000	  1.1580
361.5000	  1.1499
361.0000	  1.1481
360.5000	  1.1550
360.0000	  1.1619
359.5000	  1.1559
359.0000	  1.1507
358.5000	  1.1637
358.0000	  1.1665
357.5000	  1.1547
357.0000	  1.1435
356.5000	  1.1489
356.0000	  1.1704
355.5000	  1.1714
355.0000	  1.1689
354.5000	  1.1683
354.0000	  1.1656
353.5000	  1.1664
353.0000	  1.1777
352.5000	  1.1640
352.0000	  1.1693
351.5000	  1.1727
351.0000	  1.1860
350.5000	  1.1655
350.0000	  1.1570
