26/05/2023 16.33.20
26/05/2023 16.40.40

900.0000	 49.6500

900.0000	 49.6500

900.0000	 47.2000



  1.0000
900.0000
  3.0000
340.0000
  1.0000
1101.0000
  5.0000
  6.0000
  1.0000
  1.0000
  0.0000
  0.0000
100.0000
  0.0000
  1.0000
  0.0000
500.0000
900.0000
350.0000
  4.0000
  1.0000
 18.0000
  2.0000
  1.0000
255.0000
  0.9041
  1.0000
 30.0000
  4.0000
500.0000
  0.0000
  0.0000
  4.0000
900.0000
350.0000
  0.0000
100.0000
  0.0000
  1.0000
  0.0000
500.0000
  1.0000
  1.0000
  1.0000
  1.0000
  4.0000
  0.0000
  1.0000
  1.0000
  1.0000
  1.0000
  1.0000
  2.0000
  1.0000
  1.0000
  1.0000
  3.0000
  1.0000
  1.0000
  1.0000
  4.0000
  5.0000
440.651
0.000
900.0000	  0.4619
899.5000	  0.4575
899.0000	  0.4376
898.5000	  0.4520
898.0000	  0.4644
897.5000	  0.4917
897.0000	  0.4766
896.5000	  0.4514
896.0000	  0.4304
895.5000	  0.4470
895.0000	  0.4083
894.5000	  0.4663
894.0000	  0.4729
893.5000	  0.4666
893.0000	  0.4703
892.5000	  0.4571
892.0000	  0.4435
891.5000	  0.4696
891.0000	  0.4203
890.5000	  0.4452
890.0000	  0.4432
889.5000	  0.4310
889.0000	  0.4510
888.5000	  0.4486
888.0000	  0.4554
887.5000	  0.4587
887.0000	  0.4422
886.5000	  0.4755
886.0000	  0.4516
885.5000	  0.4497
885.0000	  0.4352
884.5000	  0.4478
884.0000	  0.4565
883.5000	  0.4586
883.0000	  0.4538
882.5000	  0.4436
882.0000	  0.4466
881.5000	  0.4588
881.0000	  0.4453
880.5000	  0.4517
880.0000	  0.4443
879.5000	  0.4361
879.0000	  0.4518
878.5000	  0.4491
878.0000	  0.4425
877.5000	  0.4474
877.0000	  0.4435
876.5000	  0.4487
876.0000	  0.4372
875.5000	  0.4445
875.0000	  0.4520
874.5000	  0.4424
874.0000	  0.4436
873.5000	  0.4429
873.0000	  0.4419
872.5000	  0.4468
872.0000	  0.4444
871.5000	  0.4478
871.0000	  0.4454
870.5000	  0.4416
870.0000	  0.4469
869.5000	  0.4435
869.0000	  0.4423
868.5000	  0.4386
868.0000	  0.4429
867.5000	  0.4389
867.0000	  0.4380
866.5000	  0.4414
866.0000	  0.4416
865.5000	  0.4419
865.0000	  0.4419
864.5000	  0.4444
864.0000	  0.4420
863.5000	  0.4429
863.0000	  0.4427
862.5000	  0.4447
862.0000	  0.4384
861.5000	  0.4429
861.0000	  0.4390
860.5000	  0.4389
860.0000	  0.4407
859.5000	  0.4420
859.0000	  0.4404
858.5000	  0.4382
858.0000	  0.4378
857.5000	  0.4421
857.0000	  0.4410
856.5000	  0.4391
856.0000	  0.4398
855.5000	  0.4396
855.0000	  0.4400
854.5000	  0.4400
854.0000	  0.4412
853.5000	  0.4395
853.0000	  0.4416
852.5000	  0.4387
852.0000	  0.4385
851.5000	  0.4392
851.0000	  0.4393
850.5000	  0.4391
850.0000	  0.4387
849.5000	  0.4400
849.0000	  0.4406
848.5000	  0.4389
848.0000	  0.4386
847.5000	  0.4387
847.0000	  0.4404
846.5000	  0.4387
846.0000	  0.4379
845.5000	  0.4390
845.0000	  0.4394
844.5000	  0.4383
844.0000	  0.4369
843.5000	  0.4381
843.0000	  0.4394
842.5000	  0.4378
842.0000	  0.4389
841.5000	  0.4396
841.0000	  0.4376
840.5000	  0.4382
840.0000	  0.4382
839.5000	  0.4369
839.0000	  0.4385
838.5000	  0.4373
838.0000	  0.4378
837.5000	  0.4372
837.0000	  0.4374
836.5000	  0.4370
836.0000	  0.4356
835.5000	  0.4362
835.0000	  0.4369
834.5000	  0.4379
834.0000	  0.4371
833.5000	  0.4371
833.0000	  0.4357
832.5000	  0.4360
832.0000	  0.4369
831.5000	  0.4358
831.0000	  0.4352
830.5000	  0.4350
830.0000	  0.4358
829.5000	  0.4358
829.0000	  0.4344
828.5000	  0.4344
828.0000	  0.4357
827.5000	  0.4343
827.0000	  0.4351
826.5000	  0.4346
826.0000	  0.4344
825.5000	  0.4349
825.0000	  0.4332
824.5000	  0.4341
824.0000	  0.4333
823.5000	  0.4348
823.0000	  0.4334
822.5000	  0.4336
822.0000	  0.4335
821.5000	  0.4343
821.0000	  0.4330
820.5000	  0.4332
820.0000	  0.4336
819.5000	  0.4327
819.0000	  0.4333
818.5000	  0.4330
818.0000	  0.4332
817.5000	  0.4327
817.0000	  0.4339
816.5000	  0.4332
816.0000	  0.4328
815.5000	  0.4327
815.0000	  0.4332
814.5000	  0.4325
814.0000	  0.4325
813.5000	  0.4321
813.0000	  0.4323
812.5000	  0.4322
812.0000	  0.4319
811.5000	  0.4321
811.0000	  0.4319
810.5000	  0.4326
810.0000	  0.4313
809.5000	  0.4315
809.0000	  0.4323
808.5000	  0.4328
808.0000	  0.4324
807.5000	  0.4314
807.0000	  0.4312
806.5000	  0.4326
806.0000	  0.4329
805.5000	  0.4316
805.0000	  0.4324
804.5000	  0.4318
804.0000	  0.4326
803.5000	  0.4326
803.0000	  0.4321
802.5000	  0.4320
802.0000	  0.4321
801.5000	  0.4314
801.0000	  0.4311
800.5000	  0.4316
800.0000	  0.4318
799.5000	  0.4322
799.0000	  0.4320
798.5000	  0.4316
798.0000	  0.4314
797.5000	  0.4323
797.0000	  0.4320
796.5000	  0.4321
796.0000	  0.4322
795.5000	  0.4321
795.0000	  0.4315
794.5000	  0.4320
794.0000	  0.4319
793.5000	  0.4331
793.0000	  0.4315
792.5000	  0.4320
792.0000	  0.4322
791.5000	  0.4332
791.0000	  0.4323
790.5000	  0.4320
790.0000	  0.4329
789.5000	  0.4326
789.0000	  0.4325
788.5000	  0.4325
788.0000	  0.4329
787.5000	  0.4326
787.0000	  0.4330
786.5000	  0.4334
786.0000	  0.4335
785.5000	  0.4336
785.0000	  0.4337
784.5000	  0.4332
784.0000	  0.4335
783.5000	  0.4337
783.0000	  0.4339
782.5000	  0.4340
782.0000	  0.4333
781.5000	  0.4351
781.0000	  0.4340
780.5000	  0.4338
780.0000	  0.4332
779.5000	  0.4339
779.0000	  0.4328
778.5000	  0.4337
778.0000	  0.4344
777.5000	  0.4349
777.0000	  0.4344
776.5000	  0.4350
776.0000	  0.4343
775.5000	  0.4350
775.0000	  0.4340
774.5000	  0.4363
774.0000	  0.4349
773.5000	  0.4340
773.0000	  0.4369
772.5000	  0.4358
772.0000	  0.4358
771.5000	  0.4361
771.0000	  0.4348
770.5000	  0.4360
770.0000	  0.4364
769.5000	  0.4363
769.0000	  0.4371
768.5000	  0.4357
768.0000	  0.4372
767.5000	  0.4375
767.0000	  0.4364
766.5000	  0.4371
766.0000	  0.4376
765.5000	  0.4368
765.0000	  0.4380
764.5000	  0.4383
764.0000	  0.4382
763.5000	  0.4379
763.0000	  0.4370
762.5000	  0.4390
762.0000	  0.4395
761.5000	  0.4382
761.0000	  0.4388
760.5000	  0.4391
760.0000	  0.4395
759.5000	  0.4404
759.0000	  0.4393
758.5000	  0.4402
758.0000	  0.4403
757.5000	  0.4399
757.0000	  0.4412
756.5000	  0.4400
756.0000	  0.4410
755.5000	  0.4414
755.0000	  0.4415
754.5000	  0.4419
754.0000	  0.4425
753.5000	  0.4426
753.0000	  0.4423
752.5000	  0.4420
752.0000	  0.4432
751.5000	  0.4435
751.0000	  0.4427
750.5000	  0.4434
750.0000	  0.4438
749.5000	  0.4442
749.0000	  0.4439
748.5000	  0.4445
748.0000	  0.4449
747.5000	  0.4449
747.0000	  0.4455
746.5000	  0.4463
746.0000	  0.4458
745.5000	  0.4459
745.0000	  0.4465
744.5000	  0.4464
744.0000	  0.4467
743.5000	  0.4479
743.0000	  0.4480
742.5000	  0.4478
742.0000	  0.4484
741.5000	  0.4496
741.0000	  0.4495
740.5000	  0.4495
740.0000	  0.4489
739.5000	  0.4501
739.0000	  0.4503
738.5000	  0.4513
738.0000	  0.4508
737.5000	  0.4512
737.0000	  0.4526
736.5000	  0.4528
736.0000	  0.4522
735.5000	  0.4525
735.0000	  0.4538
734.5000	  0.4539
734.0000	  0.4551
733.5000	  0.4545
733.0000	  0.4555
732.5000	  0.4559
732.0000	  0.4570
731.5000	  0.4570
731.0000	  0.4577
730.5000	  0.4573
730.0000	  0.4575
729.5000	  0.4596
729.0000	  0.4590
728.5000	  0.4608
728.0000	  0.4607
727.5000	  0.4614
727.0000	  0.4617
726.5000	  0.4632
726.0000	  0.4647
725.5000	  0.4650
725.0000	  0.4665
724.5000	  0.4675
724.0000	  0.4686
723.5000	  0.4688
723.0000	  0.4704
722.5000	  0.4723
722.0000	  0.4735
721.5000	  0.4762
721.0000	  0.4771
720.5000	  0.4785
720.0000	  0.4807
719.5000	  0.4832
719.0000	  0.4844
718.5000	  0.4863
718.0000	  0.4883
717.5000	  0.4905
717.0000	  0.4894
716.5000	  0.4919
716.0000	  0.4925
715.5000	  0.4915
715.0000	  0.4926
714.5000	  0.4904
714.0000	  0.4904
713.5000	  0.4887
713.0000	  0.4884
712.5000	  0.4864
712.0000	  0.4857
711.5000	  0.4844
711.0000	  0.4833
710.5000	  0.4832
710.0000	  0.4822
709.5000	  0.4819
709.0000	  0.4815
708.5000	  0.4811
708.0000	  0.4811
707.5000	  0.4819
707.0000	  0.4813
706.5000	  0.4816
706.0000	  0.4822
705.5000	  0.4830
705.0000	  0.4835
704.5000	  0.4838
704.0000	  0.4847
703.5000	  0.4856
703.0000	  0.4859
702.5000	  0.4866
702.0000	  0.4866
701.5000	  0.4879
701.0000	  0.4885
700.5000	  0.4890
700.0000	  0.4889
699.5000	  0.4898
699.0000	  0.4911
698.5000	  0.4917
698.0000	  0.4914
697.5000	  0.4917
697.0000	  0.4932
696.5000	  0.4933
696.0000	  0.4948
695.5000	  0.4946
695.0000	  0.4958
694.5000	  0.4968
694.0000	  0.4971
693.5000	  0.4977
693.0000	  0.4992
692.5000	  0.4988
692.0000	  0.5004
691.5000	  0.5003
691.0000	  0.5009
690.5000	  0.5021
690.0000	  0.5031
689.5000	  0.5025
689.0000	  0.5045
688.5000	  0.5046
688.0000	  0.5045
687.5000	  0.5067
687.0000	  0.5066
686.5000	  0.5083
686.0000	  0.5080
685.5000	  0.5096
685.0000	  0.5096
684.5000	  0.5111
684.0000	  0.5116
683.5000	  0.5127
683.0000	  0.5129
682.5000	  0.5138
682.0000	  0.5147
681.5000	  0.5158
681.0000	  0.5162
680.5000	  0.5173
680.0000	  0.5176
679.5000	  0.5186
679.0000	  0.5197
678.5000	  0.5202
678.0000	  0.5213
677.5000	  0.5218
677.0000	  0.5230
676.5000	  0.5235
676.0000	  0.5246
675.5000	  0.5250
675.0000	  0.5262
674.5000	  0.5263
674.0000	  0.5282
673.5000	  0.5290
673.0000	  0.5300
672.5000	  0.5305
672.0000	  0.5310
671.5000	  0.5324
671.0000	  0.5328
670.5000	  0.5337
670.0000	  0.5348
669.5000	  0.5365
669.0000	  0.5365
668.5000	  0.5377
668.0000	  0.5378
667.5000	  0.5394
667.0000	  0.5394
666.5000	  0.5411
666.0000	  0.5419
665.5000	  0.5425
665.0000	  0.5437
664.5000	  0.5445
664.0000	  0.5452
663.5000	  0.5459
663.0000	  0.5473
662.5000	  0.5480
662.0000	  0.5481
661.5000	  0.5496
661.0000	  0.5502
660.5000	  0.5511
660.0000	  0.5526
659.5000	  0.5536
659.0000	  0.5539
658.5000	  0.5548
658.0000	  0.5563
657.5000	  0.5565
657.0000	  0.5578
656.5000	  0.5589
656.0000	  0.5595
655.5000	  0.5602
655.0000	  0.5619
654.5000	  0.5628
654.0000	  0.5635
653.5000	  0.5645
653.0000	  0.5643
652.5000	  0.5663
652.0000	  0.5668
651.5000	  0.5681
651.0000	  0.5692
650.5000	  0.5700
650.0000	  0.5712
649.5000	  0.5722
649.0000	  0.5727
648.5000	  0.5738
648.0000	  0.5747
647.5000	  0.5758
647.0000	  0.5765
646.5000	  0.5775
646.0000	  0.5782
645.5000	  0.5796
645.0000	  0.5803
644.5000	  0.5819
644.0000	  0.5826
643.5000	  0.5833
643.0000	  0.5840
642.5000	  0.5853
642.0000	  0.5866
641.5000	  0.5867
641.0000	  0.5886
640.5000	  0.5889
640.0000	  0.5900
639.5000	  0.5907
639.0000	  0.5920
638.5000	  0.5933
638.0000	  0.5942
637.5000	  0.5949
637.0000	  0.5967
636.5000	  0.5964
636.0000	  0.5978
635.5000	  0.5990
635.0000	  0.6004
634.5000	  0.6011
634.0000	  0.6030
633.5000	  0.6034
633.0000	  0.6047
632.5000	  0.6064
632.0000	  0.6075
631.5000	  0.6089
631.0000	  0.6102
630.5000	  0.6123
630.0000	  0.6132
629.5000	  0.6148
629.0000	  0.6168
628.5000	  0.6190
628.0000	  0.6202
627.5000	  0.6219
627.0000	  0.6247
626.5000	  0.6264
626.0000	  0.6278
625.5000	  0.6301
625.0000	  0.6326
624.5000	  0.6350
624.0000	  0.6359
623.5000	  0.6384
623.0000	  0.6403
622.5000	  0.6422
622.0000	  0.6455
621.5000	  0.6462
621.0000	  0.6474
620.5000	  0.6489
620.0000	  0.6513
619.5000	  0.6521
619.0000	  0.6537
618.5000	  0.6549
618.0000	  0.6564
617.5000	  0.6577
617.0000	  0.6573
616.5000	  0.6589
616.0000	  0.6588
615.5000	  0.6599
615.0000	  0.6616
614.5000	  0.6633
614.0000	  0.6644
613.5000	  0.6637
613.0000	  0.6662
612.5000	  0.6669
612.0000	  0.6677
611.5000	  0.6694
611.0000	  0.6701
610.5000	  0.6705
610.0000	  0.6727
609.5000	  0.6736
609.0000	  0.6753
608.5000	  0.6766
608.0000	  0.6781
607.5000	  0.6783
607.0000	  0.6806
606.5000	  0.6807
606.0000	  0.6824
605.5000	  0.6836
605.0000	  0.6848
604.5000	  0.6855
604.0000	  0.6869
603.5000	  0.6875
603.0000	  0.6895
602.5000	  0.6904
602.0000	  0.6913
601.5000	  0.6925
601.0000	  0.6942
600.5000	  0.6949
600.0000	  0.6962
599.5000	  0.6980
599.0000	  0.6984
598.5000	  0.6996
598.0000	  0.7007
597.5000	  0.7023
597.0000	  0.7033
596.5000	  0.7056
596.0000	  0.7057
595.5000	  0.7071
595.0000	  0.7083
594.5000	  0.7098
594.0000	  0.7110
593.5000	  0.7121
593.0000	  0.7135
592.5000	  0.7157
592.0000	  0.7156
591.5000	  0.7170
591.0000	  0.7189
590.5000	  0.7190
590.0000	  0.7201
589.5000	  0.7215
589.0000	  0.7224
588.5000	  0.7242
588.0000	  0.7246
587.5000	  0.7255
587.0000	  0.7271
586.5000	  0.7284
586.0000	  0.7302
585.5000	  0.7303
585.0000	  0.7318
584.5000	  0.7336
584.0000	  0.7343
583.5000	  0.7355
583.0000	  0.7357
582.5000	  0.7377
582.0000	  0.7384
581.5000	  0.7405
581.0000	  0.7412
580.5000	  0.7412
580.0000	  0.7430
579.5000	  0.7443
579.0000	  0.7445
578.5000	  0.7469
578.0000	  0.7479
577.5000	  0.7482
577.0000	  0.7501
576.5000	  0.7507
576.0000	  0.7532
575.5000	  0.7535
575.0000	  0.7544
574.5000	  0.7550
574.0000	  0.7561
573.5000	  0.7580
573.0000	  0.7584
572.5000	  0.7590
572.0000	  0.7607
571.5000	  0.7622
571.0000	  0.7639
570.5000	  0.7633
570.0000	  0.7649
569.5000	  0.7661
569.0000	  0.7677
568.5000	  0.7687
568.0000	  0.7691
567.5000	  0.7705
567.0000	  0.7722
566.5000	  0.7731
566.0000	  0.7740
565.5000	  0.7745
565.0000	  0.7765
564.5000	  0.7772
564.0000	  0.7779
563.5000	  0.7793
563.0000	  0.7809
562.5000	  0.7812
562.0000	  0.7826
561.5000	  0.7835
561.0000	  0.7838
560.5000	  0.7856
560.0000	  0.7915
559.5000	  0.7929
559.0000	  0.7936
558.5000	  0.7942
558.0000	  0.7954
557.5000	  0.7968
557.0000	  0.7983
556.5000	  0.7986
556.0000	  0.8000
555.5000	  0.8013
555.0000	  0.8018
554.5000	  0.8027
554.0000	  0.8039
553.5000	  0.8047
553.0000	  0.8058
552.5000	  0.8073
552.0000	  0.8080
551.5000	  0.8088
551.0000	  0.8101
550.5000	  0.8108
550.0000	  0.8107
549.5000	  0.8129
549.0000	  0.8141
548.5000	  0.8144
548.0000	  0.8146
547.5000	  0.8164
547.0000	  0.8178
546.5000	  0.8170
546.0000	  0.8191
545.5000	  0.8189
545.0000	  0.8208
544.5000	  0.8217
544.0000	  0.8232
543.5000	  0.8224
543.0000	  0.8241
542.5000	  0.8251
542.0000	  0.8266
541.5000	  0.8262
541.0000	  0.8283
540.5000	  0.8290
540.0000	  0.8295
539.5000	  0.8304
539.0000	  0.8307
538.5000	  0.8318
538.0000	  0.8328
537.5000	  0.8339
537.0000	  0.8336
536.5000	  0.8348
536.0000	  0.8364
535.5000	  0.8378
535.0000	  0.8376
534.5000	  0.8382
534.0000	  0.8391
533.5000	  0.8402
533.0000	  0.8410
532.5000	  0.8412
532.0000	  0.8423
531.5000	  0.8428
531.0000	  0.8438
530.5000	  0.8442
530.0000	  0.8446
529.5000	  0.8457
529.0000	  0.8469
528.5000	  0.8469
528.0000	  0.8472
527.5000	  0.8485
527.0000	  0.8490
526.5000	  0.8497
526.0000	  0.8509
525.5000	  0.8515
525.0000	  0.8519
524.5000	  0.8524
524.0000	  0.8532
523.5000	  0.8534
523.0000	  0.8536
522.5000	  0.8557
522.0000	  0.8550
521.5000	  0.8562
521.0000	  0.8572
520.5000	  0.8579
520.0000	  0.8579
519.5000	  0.8575
519.0000	  0.8594
518.5000	  0.8595
518.0000	  0.8595
517.5000	  0.8594
517.0000	  0.8609
516.5000	  0.8617
516.0000	  0.8624
515.5000	  0.8618
515.0000	  0.8632
514.5000	  0.8639
514.0000	  0.8656
513.5000	  0.8638
513.0000	  0.8657
512.5000	  0.8671
512.0000	  0.8665
511.5000	  0.8662
511.0000	  0.8676
510.5000	  0.8692
510.0000	  0.8690
509.5000	  0.8708
509.0000	  0.8695
508.5000	  0.8707
508.0000	  0.8725
507.5000	  0.8734
507.0000	  0.8742
506.5000	  0.8748
506.0000	  0.8758
505.5000	  0.8761
505.0000	  0.8773
504.5000	  0.8773
504.0000	  0.8795
503.5000	  0.8797
503.0000	  0.8809
502.5000	  0.8814
502.0000	  0.8826
501.5000	  0.8830
501.0000	  0.8846
500.5000	  0.8852
500.0000	  0.8851
499.5000	  0.8865
499.0000	  0.8878
498.5000	  0.8873
498.0000	  0.8878
497.5000	  0.8884
497.0000	  0.8893
496.5000	  0.8899
496.0000	  0.8903
495.5000	  0.8909
495.0000	  0.8921
494.5000	  0.8908
494.0000	  0.8915
493.5000	  0.8912
493.0000	  0.8930
492.5000	  0.8938
492.0000	  0.8927
491.5000	  0.8921
491.0000	  0.8924
490.5000	  0.8932
490.0000	  0.8927
489.5000	  0.8931
489.0000	  0.8928
488.5000	  0.8925
488.0000	  0.8920
487.5000	  0.8914
487.0000	  0.8900
486.5000	  0.8918
486.0000	  0.8911
485.5000	  0.8908
485.0000	  0.8907
484.5000	  0.8909
484.0000	  0.8911
483.5000	  0.8893
483.0000	  0.8907
482.5000	  0.8913
482.0000	  0.8900
481.5000	  0.8906
481.0000	  0.8908
480.5000	  0.8905
480.0000	  0.8902
479.5000	  0.8905
479.0000	  0.8890
478.5000	  0.8908
478.0000	  0.8899
477.5000	  0.8899
477.0000	  0.8894
476.5000	  0.8892
476.0000	  0.8900
475.5000	  0.8900
475.0000	  0.8887
474.5000	  0.8893
474.0000	  0.8892
473.5000	  0.8902
473.0000	  0.8891
472.5000	  0.8895
472.0000	  0.8891
471.5000	  0.8898
471.0000	  0.8899
470.5000	  0.8891
470.0000	  0.8910
469.5000	  0.8906
469.0000	  0.8907
468.5000	  0.8898
468.0000	  0.8911
467.5000	  0.8913
467.0000	  0.8917
466.5000	  0.8913
466.0000	  0.8937
465.5000	  0.8932
465.0000	  0.8944
464.5000	  0.8941
464.0000	  0.8937
463.5000	  0.8961
463.0000	  0.8967
462.5000	  0.8965
462.0000	  0.8997
461.5000	  0.8995
461.0000	  0.8991
460.5000	  0.8992
460.0000	  0.9013
459.5000	  0.9038
459.0000	  0.9031
458.5000	  0.9054
458.0000	  0.9067
457.5000	  0.9069
457.0000	  0.9065
456.5000	  0.9065
456.0000	  0.9079
455.5000	  0.9079
455.0000	  0.9071
454.5000	  0.9079
454.0000	  0.9076
453.5000	  0.9079
453.0000	  0.9067
452.5000	  0.9076
452.0000	  0.9038
451.5000	  0.9047
451.0000	  0.9032
450.5000	  0.9023
450.0000	  0.8999
449.5000	  0.8985
449.0000	  0.8968
448.5000	  0.8952
448.0000	  0.8938
447.5000	  0.8918
447.0000	  0.8907
446.5000	  0.8886
446.0000	  0.8874
445.5000	  0.8858
445.0000	  0.8848
444.5000	  0.8835
444.0000	  0.8815
443.5000	  0.8816
443.0000	  0.8795
442.5000	  0.8778
442.0000	  0.8776
441.5000	  0.8760
441.0000	  0.8762
440.5000	  0.8738
440.0000	  0.8735
439.5000	  0.8735
439.0000	  0.8728
438.5000	  0.8722
438.0000	  0.8706
437.5000	  0.8703
437.0000	  0.8698
436.5000	  0.8700
436.0000	  0.8693
435.5000	  0.8688
435.0000	  0.8674
434.5000	  0.8667
434.0000	  0.8665
433.5000	  0.8666
433.0000	  0.8658
432.5000	  0.8660
432.0000	  0.8649
431.5000	  0.8654
431.0000	  0.8648
430.5000	  0.8648
430.0000	  0.8645
429.5000	  0.8638
429.0000	  0.8639
428.5000	  0.8628
428.0000	  0.8638
427.5000	  0.8626
427.0000	  0.8630
426.5000	  0.8610
426.0000	  0.8615
425.5000	  0.8616
425.0000	  0.8635
424.5000	  0.8614
424.0000	  0.8618
423.5000	  0.8632
423.0000	  0.8614
422.5000	  0.8622
422.0000	  0.8625
421.5000	  0.8635
421.0000	  0.8616
420.5000	  0.8625
420.0000	  0.8617
419.5000	  0.8618
419.0000	  0.8618
418.5000	  0.8624
418.0000	  0.8620
417.5000	  0.8605
417.0000	  0.8610
416.5000	  0.8622
416.0000	  0.8613
415.5000	  0.8612
415.0000	  0.8617
414.5000	  0.8606
414.0000	  0.8617
413.5000	  0.8613
413.0000	  0.8611
412.5000	  0.8593
412.0000	  0.8611
411.5000	  0.8599
411.0000	  0.8606
410.5000	  0.8617
410.0000	  0.8624
409.5000	  0.8597
409.0000	  0.8620
408.5000	  0.8606
408.0000	  0.8619
407.5000	  0.8602
407.0000	  0.8608
406.5000	  0.8602
406.0000	  0.8602
405.5000	  0.8616
405.0000	  0.8608
404.5000	  0.8619
404.0000	  0.8592
403.5000	  0.8618
403.0000	  0.8588
402.5000	  0.8606
402.0000	  0.8600
401.5000	  0.8619
401.0000	  0.8610
400.5000	  0.8606
400.0000	  0.8617
399.5000	  0.8610
399.0000	  0.8595
398.5000	  0.8613
398.0000	  0.8614
397.5000	  0.8612
397.0000	  0.8617
396.5000	  0.8613
396.0000	  0.8605
395.5000	  0.8604
395.0000	  0.8607
394.5000	  0.8614
394.0000	  0.8630
393.5000	  0.8622
393.0000	  0.8628
392.5000	  0.8632
392.0000	  0.8625
391.5000	  0.8630
391.0000	  0.8655
390.5000	  0.8633
390.0000	  0.8649
389.5000	  0.8653
389.0000	  0.8647
388.5000	  0.8655
388.0000	  0.8658
387.5000	  0.8650
387.0000	  0.8653
386.5000	  0.8666
386.0000	  0.8664
385.5000	  0.8690
385.0000	  0.8675
384.5000	  0.8686
384.0000	  0.8686
383.5000	  0.8696
383.0000	  0.8708
382.5000	  0.8706
382.0000	  0.8722
381.5000	  0.8716
381.0000	  0.8717
380.5000	  0.8721
380.0000	  0.8716
379.5000	  0.8748
379.0000	  0.8747
378.5000	  0.8723
378.0000	  0.8732
377.5000	  0.8740
377.0000	  0.8757
376.5000	  0.8732
376.0000	  0.8762
375.5000	  0.8736
375.0000	  0.8753
374.5000	  0.8783
374.0000	  0.8765
373.5000	  0.8750
373.0000	  0.8750
372.5000	  0.8760
372.0000	  0.8767
371.5000	  0.8756
371.0000	  0.8761
370.5000	  0.8764
370.0000	  0.8753
369.5000	  0.8789
369.0000	  0.8811
368.5000	  0.8780
368.0000	  0.8808
367.5000	  0.8800
367.0000	  0.8809
366.5000	  0.8802
366.0000	  0.8822
365.5000	  0.8832
365.0000	  0.8813
364.5000	  0.8828
364.0000	  0.8832
363.5000	  0.8817
363.0000	  0.8832
362.5000	  0.8867
362.0000	  0.8826
361.5000	  0.8832
361.0000	  0.8808
360.5000	  0.8859
360.0000	  0.8859
359.5000	  0.8862
359.0000	  0.8878
358.5000	  0.8825
358.0000	  0.8859
357.5000	  0.8860
357.0000	  0.8914
356.5000	  0.8865
356.0000	  0.8877
355.5000	  0.8884
355.0000	  0.8881
354.5000	  0.8897
354.0000	  0.8896
353.5000	  0.8903
353.0000	  0.8900
352.5000	  0.8907
352.0000	  0.8899
351.5000	  0.8925
351.0000	  0.8907
350.5000	  0.8928
350.0000	  0.8943
