26/05/2023 16.24.00
26/05/2023 16.31.20

900.0000	 22.2600

900.0000	 22.2600

900.0000	 22.2800



  1.0000
900.0000
  3.0000
340.0000
  1.0000
1101.0000
  5.0000
  6.0000
  1.0000
  1.0000
  0.0000
  0.0000
100.0000
  0.0000
  1.0000
  0.0000
500.0000
900.0000
350.0000
  4.0000
  1.0000
 18.0000
  2.0000
  1.0000
255.0000
  0.9041
  1.0000
 30.0000
  4.0000
500.0000
  0.0000
  0.0000
  4.0000
900.0000
350.0000
  0.0000
100.0000
  0.0000
  1.0000
  0.0000
500.0000
  1.0000
  1.0000
  1.0000
  1.0000
  4.0000
  0.0000
  1.0000
  1.0000
  1.0000
  1.0000
  1.0000
  2.0000
  1.0000
  1.0000
  1.0000
  3.0000
  1.0000
  1.0000
  1.0000
  4.0000
  5.0000
440.658
0.000
900.0000	  0.2537
899.5000	  0.2603
899.0000	  0.2139
898.5000	  0.2270
898.0000	  0.2037
897.5000	  0.2038
897.0000	  0.2322
896.5000	  0.2251
896.0000	  0.2253
895.5000	  0.1628
895.0000	  0.2376
894.5000	  0.1966
894.0000	  0.2120
893.5000	  0.1861
893.0000	  0.2084
892.5000	  0.2276
892.0000	  0.1830
891.5000	  0.2580
891.0000	  0.2052
890.5000	  0.2142
890.0000	  0.2026
889.5000	  0.1736
889.0000	  0.2033
888.5000	  0.1861
888.0000	  0.2076
887.5000	  0.1831
887.0000	  0.2043
886.5000	  0.2178
886.0000	  0.2160
885.5000	  0.1899
885.0000	  0.1949
884.5000	  0.2258
884.0000	  0.2078
883.5000	  0.2289
883.0000	  0.2108
882.5000	  0.2198
882.0000	  0.2187
881.5000	  0.2219
881.0000	  0.2313
880.5000	  0.2099
880.0000	  0.2115
879.5000	  0.2144
879.0000	  0.2091
878.5000	  0.2138
878.0000	  0.2236
877.5000	  0.2115
877.0000	  0.2163
876.5000	  0.2156
876.0000	  0.2197
875.5000	  0.2124
875.0000	  0.2199
874.5000	  0.2132
874.0000	  0.2258
873.5000	  0.2130
873.0000	  0.2207
872.5000	  0.2200
872.0000	  0.2187
871.5000	  0.2203
871.0000	  0.2234
870.5000	  0.2186
870.0000	  0.2190
869.5000	  0.2191
869.0000	  0.2246
868.5000	  0.2227
868.0000	  0.2258
867.5000	  0.2222
867.0000	  0.2252
866.5000	  0.2233
866.0000	  0.2260
865.5000	  0.2243
865.0000	  0.2250
864.5000	  0.2261
864.0000	  0.2256
863.5000	  0.2251
863.0000	  0.2267
862.5000	  0.2278
862.0000	  0.2290
861.5000	  0.2257
861.0000	  0.2280
860.5000	  0.2274
860.0000	  0.2246
859.5000	  0.2249
859.0000	  0.2280
858.5000	  0.2314
858.0000	  0.2295
857.5000	  0.2278
857.0000	  0.2287
856.5000	  0.2322
856.0000	  0.2323
855.5000	  0.2315
855.0000	  0.2316
854.5000	  0.2342
854.0000	  0.2317
853.5000	  0.2325
853.0000	  0.2340
852.5000	  0.2360
852.0000	  0.2341
851.5000	  0.2344
851.0000	  0.2345
850.5000	  0.2346
850.0000	  0.2354
849.5000	  0.2361
849.0000	  0.2359
848.5000	  0.2374
848.0000	  0.2377
847.5000	  0.2384
847.0000	  0.2382
846.5000	  0.2401
846.0000	  0.2394
845.5000	  0.2400
845.0000	  0.2400
844.5000	  0.2409
844.0000	  0.2407
843.5000	  0.2411
843.0000	  0.2409
842.5000	  0.2406
842.0000	  0.2418
841.5000	  0.2428
841.0000	  0.2424
840.5000	  0.2436
840.0000	  0.2439
839.5000	  0.2438
839.0000	  0.2453
838.5000	  0.2446
838.0000	  0.2444
837.5000	  0.2448
837.0000	  0.2456
836.5000	  0.2461
836.0000	  0.2470
835.5000	  0.2470
835.0000	  0.2478
834.5000	  0.2478
834.0000	  0.2483
833.5000	  0.2488
833.0000	  0.2489
832.5000	  0.2487
832.0000	  0.2495
831.5000	  0.2489
831.0000	  0.2503
830.5000	  0.2503
830.0000	  0.2502
829.5000	  0.2521
829.0000	  0.2525
828.5000	  0.2520
828.0000	  0.2528
827.5000	  0.2524
827.0000	  0.2526
826.5000	  0.2531
826.0000	  0.2542
825.5000	  0.2550
825.0000	  0.2544
824.5000	  0.2555
824.0000	  0.2551
823.5000	  0.2562
823.0000	  0.2572
822.5000	  0.2562
822.0000	  0.2567
821.5000	  0.2570
821.0000	  0.2584
820.5000	  0.2591
820.0000	  0.2586
819.5000	  0.2595
819.0000	  0.2602
818.5000	  0.2612
818.0000	  0.2606
817.5000	  0.2607
817.0000	  0.2625
816.5000	  0.2616
816.0000	  0.2627
815.5000	  0.2626
815.0000	  0.2633
814.5000	  0.2633
814.0000	  0.2646
813.5000	  0.2652
813.0000	  0.2650
812.5000	  0.2658
812.0000	  0.2661
811.5000	  0.2658
811.0000	  0.2680
810.5000	  0.2680
810.0000	  0.2689
809.5000	  0.2681
809.0000	  0.2691
808.5000	  0.2695
808.0000	  0.2708
807.5000	  0.2702
807.0000	  0.2710
806.5000	  0.2720
806.0000	  0.2725
805.5000	  0.2736
805.0000	  0.2733
804.5000	  0.2738
804.0000	  0.2741
803.5000	  0.2758
803.0000	  0.2746
802.5000	  0.2756
802.0000	  0.2765
801.5000	  0.2770
801.0000	  0.2776
800.5000	  0.2788
800.0000	  0.2788
799.5000	  0.2793
799.0000	  0.2795
798.5000	  0.2804
798.0000	  0.2807
797.5000	  0.2822
797.0000	  0.2818
796.5000	  0.2825
796.0000	  0.2834
795.5000	  0.2832
795.0000	  0.2848
794.5000	  0.2853
794.0000	  0.2850
793.5000	  0.2859
793.0000	  0.2868
792.5000	  0.2862
792.0000	  0.2875
791.5000	  0.2880
791.0000	  0.2887
790.5000	  0.2892
790.0000	  0.2891
789.5000	  0.2897
789.0000	  0.2912
788.5000	  0.2899
788.0000	  0.2918
787.5000	  0.2926
787.0000	  0.2927
786.5000	  0.2928
786.0000	  0.2941
785.5000	  0.2940
785.0000	  0.2955
784.5000	  0.2963
784.0000	  0.2957
783.5000	  0.2970
783.0000	  0.2979
782.5000	  0.2984
782.0000	  0.2984
781.5000	  0.2985
781.0000	  0.2996
780.5000	  0.3018
780.0000	  0.3015
779.5000	  0.3016
779.0000	  0.3021
778.5000	  0.3029
778.0000	  0.3035
777.5000	  0.3038
777.0000	  0.3043
776.5000	  0.3049
776.0000	  0.3059
775.5000	  0.3061
775.0000	  0.3077
774.5000	  0.3077
774.0000	  0.3084
773.5000	  0.3089
773.0000	  0.3098
772.5000	  0.3094
772.0000	  0.3110
771.5000	  0.3111
771.0000	  0.3120
770.5000	  0.3130
770.0000	  0.3134
769.5000	  0.3142
769.0000	  0.3141
768.5000	  0.3142
768.0000	  0.3162
767.5000	  0.3172
767.0000	  0.3170
766.5000	  0.3176
766.0000	  0.3185
765.5000	  0.3201
765.0000	  0.3197
764.5000	  0.3205
764.0000	  0.3220
763.5000	  0.3223
763.0000	  0.3229
762.5000	  0.3223
762.0000	  0.3240
761.5000	  0.3253
761.0000	  0.3253
760.5000	  0.3254
760.0000	  0.3267
759.5000	  0.3272
759.0000	  0.3281
758.5000	  0.3283
758.0000	  0.3299
757.5000	  0.3303
757.0000	  0.3309
756.5000	  0.3311
756.0000	  0.3320
755.5000	  0.3321
755.0000	  0.3333
754.5000	  0.3334
754.0000	  0.3349
753.5000	  0.3354
753.0000	  0.3365
752.5000	  0.3378
752.0000	  0.3372
751.5000	  0.3388
751.0000	  0.3399
750.5000	  0.3394
750.0000	  0.3406
749.5000	  0.3408
749.0000	  0.3412
748.5000	  0.3430
748.0000	  0.3435
747.5000	  0.3439
747.0000	  0.3456
746.5000	  0.3453
746.0000	  0.3462
745.5000	  0.3467
745.0000	  0.3478
744.5000	  0.3486
744.0000	  0.3493
743.5000	  0.3499
743.0000	  0.3511
742.5000	  0.3518
742.0000	  0.3521
741.5000	  0.3521
741.0000	  0.3537
740.5000	  0.3539
740.0000	  0.3548
739.5000	  0.3565
739.0000	  0.3563
738.5000	  0.3580
738.0000	  0.3580
737.5000	  0.3591
737.0000	  0.3601
736.5000	  0.3603
736.0000	  0.3617
735.5000	  0.3625
735.0000	  0.3626
734.5000	  0.3647
734.0000	  0.3642
733.5000	  0.3661
733.0000	  0.3660
732.5000	  0.3671
732.0000	  0.3687
731.5000	  0.3695
731.0000	  0.3708
730.5000	  0.3707
730.0000	  0.3720
729.5000	  0.3728
729.0000	  0.3749
728.5000	  0.3756
728.0000	  0.3756
727.5000	  0.3770
727.0000	  0.3778
726.5000	  0.3786
726.0000	  0.3797
725.5000	  0.3807
725.0000	  0.3833
724.5000	  0.3833
724.0000	  0.3857
723.5000	  0.3866
723.0000	  0.3884
722.5000	  0.3896
722.0000	  0.3898
721.5000	  0.3929
721.0000	  0.3914
720.5000	  0.3946
720.0000	  0.3965
719.5000	  0.3979
719.0000	  0.3992
718.5000	  0.4004
718.0000	  0.4010
717.5000	  0.4018
717.0000	  0.4045
716.5000	  0.4037
716.0000	  0.4050
715.5000	  0.4053
715.0000	  0.4043
714.5000	  0.4055
714.0000	  0.4045
713.5000	  0.4059
713.0000	  0.4052
712.5000	  0.4065
712.0000	  0.4058
711.5000	  0.4046
711.0000	  0.4061
710.5000	  0.4052
710.0000	  0.4069
709.5000	  0.4055
709.0000	  0.4070
708.5000	  0.4067
708.0000	  0.4086
707.5000	  0.4086
707.0000	  0.4082
706.5000	  0.4100
706.0000	  0.4102
705.5000	  0.4121
705.0000	  0.4119
704.5000	  0.4130
704.0000	  0.4138
703.5000	  0.4144
703.0000	  0.4158
702.5000	  0.4153
702.0000	  0.4179
701.5000	  0.4180
701.0000	  0.4187
700.5000	  0.4195
700.0000	  0.4206
699.5000	  0.4222
699.0000	  0.4217
698.5000	  0.4235
698.0000	  0.4229
697.5000	  0.4254
697.0000	  0.4249
696.5000	  0.4270
696.0000	  0.4271
695.5000	  0.4285
695.0000	  0.4294
694.5000	  0.4296
694.0000	  0.4313
693.5000	  0.4312
693.0000	  0.4337
692.5000	  0.4332
692.0000	  0.4354
691.5000	  0.4344
691.0000	  0.4365
690.5000	  0.4361
690.0000	  0.4382
689.5000	  0.4381
689.0000	  0.4400
688.5000	  0.4403
688.0000	  0.4413
687.5000	  0.4424
687.0000	  0.4429
686.5000	  0.4445
686.0000	  0.4443
685.5000	  0.4467
685.0000	  0.4466
684.5000	  0.4489
684.0000	  0.4481
683.5000	  0.4506
683.0000	  0.4498
682.5000	  0.4527
682.0000	  0.4510
681.5000	  0.4540
681.0000	  0.4539
680.5000	  0.4561
680.0000	  0.4550
679.5000	  0.4574
679.0000	  0.4578
678.5000	  0.4591
678.0000	  0.4592
677.5000	  0.4607
677.0000	  0.4614
676.5000	  0.4629
676.0000	  0.4635
675.5000	  0.4644
675.0000	  0.4650
674.5000	  0.4661
674.0000	  0.4678
673.5000	  0.4678
673.0000	  0.4691
672.5000	  0.4703
672.0000	  0.4716
671.5000	  0.4721
671.0000	  0.4723
670.5000	  0.4739
670.0000	  0.4750
669.5000	  0.4750
669.0000	  0.4771
668.5000	  0.4772
668.0000	  0.4789
667.5000	  0.4795
667.0000	  0.4806
666.5000	  0.4806
666.0000	  0.4825
665.5000	  0.4824
665.0000	  0.4847
664.5000	  0.4844
664.0000	  0.4857
663.5000	  0.4867
663.0000	  0.4870
662.5000	  0.4885
662.0000	  0.4888
661.5000	  0.4902
661.0000	  0.4911
660.5000	  0.4918
660.0000	  0.4931
659.5000	  0.4938
659.0000	  0.4947
658.5000	  0.4959
658.0000	  0.4969
657.5000	  0.4979
657.0000	  0.4979
656.5000	  0.4988
656.0000	  0.5002
655.5000	  0.5010
655.0000	  0.5021
654.5000	  0.5028
654.0000	  0.5042
653.5000	  0.5051
653.0000	  0.5060
652.5000	  0.5055
652.0000	  0.5068
651.5000	  0.5085
651.0000	  0.5091
650.5000	  0.5099
650.0000	  0.5114
649.5000	  0.5122
649.0000	  0.5130
648.5000	  0.5132
648.0000	  0.5139
647.5000	  0.5161
647.0000	  0.5170
646.5000	  0.5171
646.0000	  0.5182
645.5000	  0.5194
645.0000	  0.5205
644.5000	  0.5204
644.0000	  0.5224
643.5000	  0.5226
643.0000	  0.5239
642.5000	  0.5239
642.0000	  0.5247
641.5000	  0.5260
641.0000	  0.5271
640.5000	  0.5279
640.0000	  0.5277
639.5000	  0.5292
639.0000	  0.5306
638.5000	  0.5317
638.0000	  0.5312
637.5000	  0.5329
637.0000	  0.5336
636.5000	  0.5352
636.0000	  0.5343
635.5000	  0.5365
635.0000	  0.5372
634.5000	  0.5379
634.0000	  0.5384
633.5000	  0.5401
633.0000	  0.5409
632.5000	  0.5423
632.0000	  0.5429
631.5000	  0.5433
631.0000	  0.5451
630.5000	  0.5459
630.0000	  0.5474
629.5000	  0.5480
629.0000	  0.5492
628.5000	  0.5511
628.0000	  0.5526
627.5000	  0.5537
627.0000	  0.5558
626.5000	  0.5568
626.0000	  0.5592
625.5000	  0.5599
625.0000	  0.5615
624.5000	  0.5629
624.0000	  0.5647
623.5000	  0.5649
623.0000	  0.5681
622.5000	  0.5692
622.0000	  0.5704
621.5000	  0.5708
621.0000	  0.5730
620.5000	  0.5741
620.0000	  0.5752
619.5000	  0.5761
619.0000	  0.5776
618.5000	  0.5790
618.0000	  0.5793
617.5000	  0.5804
617.0000	  0.5806
616.5000	  0.5823
616.0000	  0.5828
615.5000	  0.5840
615.0000	  0.5839
614.5000	  0.5851
614.0000	  0.5861
613.5000	  0.5876
613.0000	  0.5869
612.5000	  0.5887
612.0000	  0.5896
611.5000	  0.5905
611.0000	  0.5905
610.5000	  0.5927
610.0000	  0.5927
609.5000	  0.5945
609.0000	  0.5951
608.5000	  0.5958
608.0000	  0.5975
607.5000	  0.5981
607.0000	  0.5996
606.5000	  0.5997
606.0000	  0.6003
605.5000	  0.6016
605.0000	  0.6029
604.5000	  0.6032
604.0000	  0.6049
603.5000	  0.6046
603.0000	  0.6071
602.5000	  0.6065
602.0000	  0.6079
601.5000	  0.6090
601.0000	  0.6106
600.5000	  0.6108
600.0000	  0.6118
599.5000	  0.6120
599.0000	  0.6147
598.5000	  0.6140
598.0000	  0.6150
597.5000	  0.6160
597.0000	  0.6173
596.5000	  0.6190
596.0000	  0.6178
595.5000	  0.6198
595.0000	  0.6209
594.5000	  0.6217
594.0000	  0.6224
593.5000	  0.6240
593.0000	  0.6240
592.5000	  0.6260
592.0000	  0.6264
591.5000	  0.6280
591.0000	  0.6286
590.5000	  0.6289
590.0000	  0.6311
589.5000	  0.6296
589.0000	  0.6312
588.5000	  0.6328
588.0000	  0.6343
587.5000	  0.6342
587.0000	  0.6357
586.5000	  0.6362
586.0000	  0.6373
585.5000	  0.6379
585.0000	  0.6385
584.5000	  0.6392
584.0000	  0.6410
583.5000	  0.6414
583.0000	  0.6423
582.5000	  0.6423
582.0000	  0.6434
581.5000	  0.6448
581.0000	  0.6451
580.5000	  0.6460
580.0000	  0.6477
579.5000	  0.6484
579.0000	  0.6479
578.5000	  0.6499
578.0000	  0.6504
577.5000	  0.6509
577.0000	  0.6512
576.5000	  0.6532
576.0000	  0.6532
575.5000	  0.6551
575.0000	  0.6556
574.5000	  0.6561
574.0000	  0.6572
573.5000	  0.6573
573.0000	  0.6589
572.5000	  0.6589
572.0000	  0.6598
571.5000	  0.6607
571.0000	  0.6626
570.5000	  0.6630
570.0000	  0.6630
569.5000	  0.6641
569.0000	  0.6654
568.5000	  0.6654
568.0000	  0.6662
567.5000	  0.6675
567.0000	  0.6676
566.5000	  0.6697
566.0000	  0.6695
565.5000	  0.6698
565.0000	  0.6706
564.5000	  0.6723
564.0000	  0.6724
563.5000	  0.6732
563.0000	  0.6738
562.5000	  0.6755
562.0000	  0.6761
561.5000	  0.6754
561.0000	  0.6760
560.5000	  0.6782
560.0000	  0.6780
559.5000	  0.6781
559.0000	  0.6797
558.5000	  0.6801
558.0000	  0.6808
557.5000	  0.6806
557.0000	  0.6819
556.5000	  0.6825
556.0000	  0.6838
555.5000	  0.6835
555.0000	  0.6845
554.5000	  0.6856
554.0000	  0.6865
553.5000	  0.6859
553.0000	  0.6871
552.5000	  0.6881
552.0000	  0.6891
551.5000	  0.6894
551.0000	  0.6886
550.5000	  0.6902
550.0000	  0.6906
549.5000	  0.6923
549.0000	  0.6918
548.5000	  0.6925
548.0000	  0.6928
547.5000	  0.6947
547.0000	  0.6934
546.5000	  0.6958
546.0000	  0.6952
545.5000	  0.6963
545.0000	  0.6971
544.5000	  0.6971
544.0000	  0.6977
543.5000	  0.6983
543.0000	  0.6995
542.5000	  0.6988
542.0000	  0.7002
541.5000	  0.7005
541.0000	  0.7019
540.5000	  0.7004
540.0000	  0.7026
539.5000	  0.7018
539.0000	  0.7026
538.5000	  0.7036
538.0000	  0.7037
537.5000	  0.7040
537.0000	  0.7043
536.5000	  0.7054
536.0000	  0.7054
535.5000	  0.7062
535.0000	  0.7059
534.5000	  0.7077
534.0000	  0.7060
533.5000	  0.7080
533.0000	  0.7082
532.5000	  0.7087
532.0000	  0.7075
531.5000	  0.7094
531.0000	  0.7095
530.5000	  0.7104
530.0000	  0.7103
529.5000	  0.7103
529.0000	  0.7103
528.5000	  0.7114
528.0000	  0.7118
527.5000	  0.7111
527.0000	  0.7118
526.5000	  0.7120
526.0000	  0.7134
525.5000	  0.7111
525.0000	  0.7135
524.5000	  0.7129
524.0000	  0.7141
523.5000	  0.7129
523.0000	  0.7137
522.5000	  0.7138
522.0000	  0.7138
521.5000	  0.7138
521.0000	  0.7141
520.5000	  0.7138
520.0000	  0.7136
519.5000	  0.7153
519.0000	  0.7142
518.5000	  0.7150
518.0000	  0.7143
517.5000	  0.7157
517.0000	  0.7131
516.5000	  0.7152
516.0000	  0.7151
515.5000	  0.7153
515.0000	  0.7150
514.5000	  0.7158
514.0000	  0.7143
513.5000	  0.7152
513.0000	  0.7144
512.5000	  0.7148
512.0000	  0.7146
511.5000	  0.7145
511.0000	  0.7158
510.5000	  0.7144
510.0000	  0.7149
509.5000	  0.7145
509.0000	  0.7155
508.5000	  0.7134
508.0000	  0.7147
507.5000	  0.7146
507.0000	  0.7155
506.5000	  0.7147
506.0000	  0.7159
505.5000	  0.7151
505.0000	  0.7167
504.5000	  0.7158
504.0000	  0.7163
503.5000	  0.7156
503.0000	  0.7177
502.5000	  0.7169
502.0000	  0.7169
501.5000	  0.7178
501.0000	  0.7170
500.5000	  0.7181
500.0000	  0.7168
499.5000	  0.7183
499.0000	  0.7175
498.5000	  0.7180
498.0000	  0.7171
497.5000	  0.7182
497.0000	  0.7175
496.5000	  0.7174
496.0000	  0.7158
495.5000	  0.7170
495.0000	  0.7155
494.5000	  0.7157
494.0000	  0.7146
493.5000	  0.7142
493.0000	  0.7138
492.5000	  0.7134
492.0000	  0.7128
491.5000	  0.7125
491.0000	  0.7116
490.5000	  0.7103
490.0000	  0.7109
489.5000	  0.7078
489.0000	  0.7080
488.5000	  0.7064
488.0000	  0.7066
487.5000	  0.7038
487.0000	  0.7050
486.5000	  0.7033
486.0000	  0.7030
485.5000	  0.7012
485.0000	  0.7006
484.5000	  0.6991
484.0000	  0.6996
483.5000	  0.6976
483.0000	  0.6977
482.5000	  0.6962
482.0000	  0.6957
481.5000	  0.6953
481.0000	  0.6939
480.5000	  0.6934
480.0000	  0.6917
479.5000	  0.6917
479.0000	  0.6898
478.5000	  0.6902
478.0000	  0.6896
477.5000	  0.6881
477.0000	  0.6857
476.5000	  0.6877
476.0000	  0.6867
475.5000	  0.6856
475.0000	  0.6830
474.5000	  0.6836
474.0000	  0.6841
473.5000	  0.6832
473.0000	  0.6814
472.5000	  0.6816
472.0000	  0.6802
471.5000	  0.6802
471.0000	  0.6794
470.5000	  0.6798
470.0000	  0.6796
469.5000	  0.6779
469.0000	  0.6784
468.5000	  0.6771
468.0000	  0.6780
467.5000	  0.6773
467.0000	  0.6762
466.5000	  0.6753
466.0000	  0.6766
465.5000	  0.6759
465.0000	  0.6769
464.5000	  0.6753
464.0000	  0.6746
463.5000	  0.6754
463.0000	  0.6758
462.5000	  0.6745
462.0000	  0.6747
461.5000	  0.6738
461.0000	  0.6749
460.5000	  0.6759
460.0000	  0.6733
459.5000	  0.6746
459.0000	  0.6753
458.5000	  0.6757
458.0000	  0.6739
457.5000	  0.6735
457.0000	  0.6736
456.5000	  0.6748
456.0000	  0.6722
455.5000	  0.6706
455.0000	  0.6715
454.5000	  0.6698
454.0000	  0.6685
453.5000	  0.6691
453.0000	  0.6675
452.5000	  0.6657
452.0000	  0.6628
451.5000	  0.6631
451.0000	  0.6605
450.5000	  0.6592
450.0000	  0.6579
449.5000	  0.6561
449.0000	  0.6547
448.5000	  0.6532
448.0000	  0.6521
447.5000	  0.6492
447.0000	  0.6485
446.5000	  0.6456
446.0000	  0.6457
445.5000	  0.6445
445.0000	  0.6421
444.5000	  0.6394
444.0000	  0.6396
443.5000	  0.6378
443.0000	  0.6378
442.5000	  0.6366
442.0000	  0.6357
441.5000	  0.6336
441.0000	  0.6327
440.5000	  0.6331
440.0000	  0.6306
439.5000	  0.6302
439.0000	  0.6289
438.5000	  0.6280
438.0000	  0.6275
437.5000	  0.6286
437.0000	  0.6251
436.5000	  0.6271
436.0000	  0.6248
435.5000	  0.6253
435.0000	  0.6238
434.5000	  0.6226
434.0000	  0.6236
433.5000	  0.6222
433.0000	  0.6215
432.5000	  0.6206
432.0000	  0.6210
431.5000	  0.6197
431.0000	  0.6187
430.5000	  0.6179
430.0000	  0.6181
429.5000	  0.6188
429.0000	  0.6166
428.5000	  0.6165
428.0000	  0.6172
427.5000	  0.6149
427.0000	  0.6160
426.5000	  0.6166
426.0000	  0.6134
425.5000	  0.6151
425.0000	  0.6139
424.5000	  0.6141
424.0000	  0.6139
423.5000	  0.6143
423.0000	  0.6135
422.5000	  0.6140
422.0000	  0.6116
421.5000	  0.6111
421.0000	  0.6125
420.5000	  0.6118
420.0000	  0.6109
419.5000	  0.6109
419.0000	  0.6099
418.5000	  0.6101
418.0000	  0.6101
417.5000	  0.6086
417.0000	  0.6098
416.5000	  0.6099
416.0000	  0.6099
415.5000	  0.6081
415.0000	  0.6080
414.5000	  0.6076
414.0000	  0.6073
413.5000	  0.6085
413.0000	  0.6063
412.5000	  0.6071
412.0000	  0.6062
411.5000	  0.6063
411.0000	  0.6061
410.5000	  0.6062
410.0000	  0.6057
409.5000	  0.6046
409.0000	  0.6052
408.5000	  0.6048
408.0000	  0.6046
407.5000	  0.6043
407.0000	  0.6058
406.5000	  0.6035
406.0000	  0.6039
405.5000	  0.6044
405.0000	  0.6035
404.5000	  0.6029
404.0000	  0.6033
403.5000	  0.6030
403.0000	  0.6020
402.5000	  0.6029
402.0000	  0.5996
401.5000	  0.6030
401.0000	  0.6010
400.5000	  0.6016
400.0000	  0.6017
399.5000	  0.6005
399.0000	  0.6023
398.5000	  0.6018
398.0000	  0.6010
397.5000	  0.5996
397.0000	  0.6004
396.5000	  0.6000
396.0000	  0.6006
395.5000	  0.5984
395.0000	  0.6014
394.5000	  0.5993
394.0000	  0.6000
393.5000	  0.6003
393.0000	  0.5996
392.5000	  0.6011
392.0000	  0.5994
391.5000	  0.6002
391.0000	  0.6014
390.5000	  0.6005
390.0000	  0.6020
389.5000	  0.6021
389.0000	  0.5999
388.5000	  0.6001
388.0000	  0.6018
387.5000	  0.6007
387.0000	  0.6015
386.5000	  0.6034
386.0000	  0.6022
385.5000	  0.6027
385.0000	  0.6025
384.5000	  0.6021
384.0000	  0.6042
383.5000	  0.6036
383.0000	  0.6040
382.5000	  0.6022
382.0000	  0.6052
381.5000	  0.6046
381.0000	  0.6043
380.5000	  0.6045
380.0000	  0.6055
379.5000	  0.6042
379.0000	  0.6031
378.5000	  0.6044
378.0000	  0.6052
377.5000	  0.6062
377.0000	  0.6068
376.5000	  0.6058
376.0000	  0.6052
375.5000	  0.6049
375.0000	  0.6060
374.5000	  0.6064
374.0000	  0.6067
373.5000	  0.6065
373.0000	  0.6070
372.5000	  0.6062
372.0000	  0.6080
371.5000	  0.6054
371.0000	  0.6051
370.5000	  0.6071
370.0000	  0.6059
369.5000	  0.6076
369.0000	  0.6075
368.5000	  0.6097
368.0000	  0.6085
367.5000	  0.6077
367.0000	  0.6092
366.5000	  0.6082
366.0000	  0.6078
365.5000	  0.6096
365.0000	  0.6095
364.5000	  0.6105
364.0000	  0.6100
363.5000	  0.6103
363.0000	  0.6086
362.5000	  0.6089
362.0000	  0.6099
361.5000	  0.6097
361.0000	  0.6091
360.5000	  0.6105
360.0000	  0.6102
359.5000	  0.6105
359.0000	  0.6106
358.5000	  0.6094
358.0000	  0.6115
357.5000	  0.6122
357.0000	  0.6115
356.5000	  0.6096
356.0000	  0.6097
355.5000	  0.6126
355.0000	  0.6133
354.5000	  0.6119
354.0000	  0.6147
353.5000	  0.6126
353.0000	  0.6125
352.5000	  0.6168
352.0000	  0.6134
351.5000	  0.6121
351.0000	  0.6147
350.5000	  0.6108
350.0000	  0.6132
