26/05/2023 16.11.52
26/05/2023 16.19.13

900.0000	 28.2700

900.0000	 28.2700

900.0000	 23.3100



  1.0000
900.0000
  3.0000
340.0000
  1.0000
1101.0000
  5.0000
  6.0000
  1.0000
  1.0000
  0.0000
  0.0000
100.0000
  0.0000
  1.0000
  0.0000
500.0000
900.0000
350.0000
  4.0000
  1.0000
 18.0000
  2.0000
  1.0000
255.0000
  0.9041
  1.0000
 30.0000
  4.0000
500.0000
  0.0000
  0.0000
  4.0000
900.0000
350.0000
  0.0000
100.0000
  0.0000
  1.0000
  0.0000
500.0000
  1.0000
  1.0000
  1.0000
  1.0000
  4.0000
  0.0000
  1.0000
  1.0000
  1.0000
  1.0000
  1.0000
  2.0000
  1.0000
  1.0000
  1.0000
  3.0000
  1.0000
  1.0000
  1.0000
  4.0000
  5.0000
440.624
0.000
900.0000	  0.2056
899.5000	  0.1972
899.0000	  0.2066
898.5000	  0.1831
898.0000	  0.1774
897.5000	  0.2298
897.0000	  0.1786
896.5000	  0.2117
896.0000	  0.1910
895.5000	  0.2326
895.0000	  0.1870
894.5000	  0.2054
894.0000	  0.2088
893.5000	  0.2412
893.0000	  0.2132
892.5000	  0.1847
892.0000	  0.2053
891.5000	  0.2253
891.0000	  0.1877
890.5000	  0.2072
890.0000	  0.2039
889.5000	  0.2247
889.0000	  0.2123
888.5000	  0.2057
888.0000	  0.2077
887.5000	  0.1995
887.0000	  0.2210
886.5000	  0.2275
886.0000	  0.2383
885.5000	  0.2152
885.0000	  0.2107
884.5000	  0.2085
884.0000	  0.2249
883.5000	  0.2196
883.0000	  0.2196
882.5000	  0.2289
882.0000	  0.2029
881.5000	  0.2178
881.0000	  0.2070
880.5000	  0.2153
880.0000	  0.2190
879.5000	  0.2222
879.0000	  0.2123
878.5000	  0.2153
878.0000	  0.2176
877.5000	  0.2235
877.0000	  0.2208
876.5000	  0.2198
876.0000	  0.2131
875.5000	  0.2146
875.0000	  0.2178
874.5000	  0.2228
874.0000	  0.2119
873.5000	  0.2201
873.0000	  0.2152
872.5000	  0.2140
872.0000	  0.2160
871.5000	  0.2192
871.0000	  0.2188
870.5000	  0.2199
870.0000	  0.2186
869.5000	  0.2165
869.0000	  0.2197
868.5000	  0.2250
868.0000	  0.2258
867.5000	  0.2236
867.0000	  0.2242
866.5000	  0.2247
866.0000	  0.2240
865.5000	  0.2239
865.0000	  0.2253
864.5000	  0.2256
864.0000	  0.2232
863.5000	  0.2237
863.0000	  0.2243
862.5000	  0.2247
862.0000	  0.2246
861.5000	  0.2282
861.0000	  0.2289
860.5000	  0.2282
860.0000	  0.2263
859.5000	  0.2285
859.0000	  0.2302
858.5000	  0.2301
858.0000	  0.2317
857.5000	  0.2295
857.0000	  0.2300
856.5000	  0.2291
856.0000	  0.2306
855.5000	  0.2311
855.0000	  0.2298
854.5000	  0.2329
854.0000	  0.2344
853.5000	  0.2318
853.0000	  0.2337
852.5000	  0.2346
852.0000	  0.2340
851.5000	  0.2339
851.0000	  0.2360
850.5000	  0.2372
850.0000	  0.2355
849.5000	  0.2369
849.0000	  0.2366
848.5000	  0.2371
848.0000	  0.2379
847.5000	  0.2377
847.0000	  0.2396
846.5000	  0.2406
846.0000	  0.2390
845.5000	  0.2388
845.0000	  0.2402
844.5000	  0.2397
844.0000	  0.2398
843.5000	  0.2403
843.0000	  0.2421
842.5000	  0.2422
842.0000	  0.2413
841.5000	  0.2428
841.0000	  0.2427
840.5000	  0.2422
840.0000	  0.2435
839.5000	  0.2446
839.0000	  0.2444
838.5000	  0.2443
838.0000	  0.2447
837.5000	  0.2450
837.0000	  0.2459
836.5000	  0.2457
836.0000	  0.2466
835.5000	  0.2465
835.0000	  0.2459
834.5000	  0.2469
834.0000	  0.2475
833.5000	  0.2472
833.0000	  0.2469
832.5000	  0.2481
832.0000	  0.2490
831.5000	  0.2494
831.0000	  0.2488
830.5000	  0.2492
830.0000	  0.2491
829.5000	  0.2504
829.0000	  0.2508
828.5000	  0.2509
828.0000	  0.2509
827.5000	  0.2516
827.0000	  0.2519
826.5000	  0.2516
826.0000	  0.2517
825.5000	  0.2528
825.0000	  0.2537
824.5000	  0.2534
824.0000	  0.2540
823.5000	  0.2539
823.0000	  0.2537
822.5000	  0.2551
822.0000	  0.2552
821.5000	  0.2560
821.0000	  0.2558
820.5000	  0.2564
820.0000	  0.2563
819.5000	  0.2571
819.0000	  0.2578
818.5000	  0.2571
818.0000	  0.2581
817.5000	  0.2581
817.0000	  0.2594
816.5000	  0.2592
816.0000	  0.2602
815.5000	  0.2595
815.0000	  0.2604
814.5000	  0.2611
814.0000	  0.2613
813.5000	  0.2620
813.0000	  0.2625
812.5000	  0.2629
812.0000	  0.2622
811.5000	  0.2633
811.0000	  0.2639
810.5000	  0.2643
810.0000	  0.2646
809.5000	  0.2643
809.0000	  0.2649
808.5000	  0.2653
808.0000	  0.2662
807.5000	  0.2669
807.0000	  0.2666
806.5000	  0.2674
806.0000	  0.2684
805.5000	  0.2685
805.0000	  0.2683
804.5000	  0.2693
804.0000	  0.2693
803.5000	  0.2694
803.0000	  0.2716
802.5000	  0.2715
802.0000	  0.2712
801.5000	  0.2715
801.0000	  0.2726
800.5000	  0.2730
800.0000	  0.2737
799.5000	  0.2734
799.0000	  0.2739
798.5000	  0.2751
798.0000	  0.2749
797.5000	  0.2761
797.0000	  0.2757
796.5000	  0.2761
796.0000	  0.2776
795.5000	  0.2778
795.0000	  0.2780
794.5000	  0.2786
794.0000	  0.2778
793.5000	  0.2796
793.0000	  0.2801
792.5000	  0.2794
792.0000	  0.2812
791.5000	  0.2815
791.0000	  0.2811
790.5000	  0.2825
790.0000	  0.2831
789.5000	  0.2825
789.0000	  0.2842
788.5000	  0.2834
788.0000	  0.2841
787.5000	  0.2853
787.0000	  0.2850
786.5000	  0.2863
786.0000	  0.2876
785.5000	  0.2857
785.0000	  0.2872
784.5000	  0.2877
784.0000	  0.2866
783.5000	  0.2893
783.0000	  0.2892
782.5000	  0.2893
782.0000	  0.2914
781.5000	  0.2904
781.0000	  0.2908
780.5000	  0.2928
780.0000	  0.2911
779.5000	  0.2928
779.0000	  0.2939
778.5000	  0.2925
778.0000	  0.2947
777.5000	  0.2946
777.0000	  0.2945
776.5000	  0.2966
776.0000	  0.2957
775.5000	  0.2959
775.0000	  0.2979
774.5000	  0.2971
774.0000	  0.2991
773.5000	  0.2990
773.0000	  0.2985
772.5000	  0.3004
772.0000	  0.2996
771.5000	  0.3013
771.0000	  0.3019
770.5000	  0.3002
770.0000	  0.3028
769.5000	  0.3027
769.0000	  0.3027
768.5000	  0.3054
768.0000	  0.3038
767.5000	  0.3058
767.0000	  0.3056
766.5000	  0.3046
766.0000	  0.3077
765.5000	  0.3066
765.0000	  0.3071
764.5000	  0.3095
764.0000	  0.3074
763.5000	  0.3100
763.0000	  0.3100
762.5000	  0.3092
762.0000	  0.3120
761.5000	  0.3098
761.0000	  0.3130
760.5000	  0.3133
760.0000	  0.3121
759.5000	  0.3149
759.0000	  0.3131
758.5000	  0.3154
758.0000	  0.3160
757.5000	  0.3143
757.0000	  0.3185
756.5000	  0.3170
756.0000	  0.3176
755.5000	  0.3190
755.0000	  0.3166
754.5000	  0.3207
754.0000	  0.3185
753.5000	  0.3204
753.0000	  0.3223
752.5000	  0.3199
752.0000	  0.3235
751.5000	  0.3224
751.0000	  0.3232
750.5000	  0.3256
750.0000	  0.3233
749.5000	  0.3264
749.0000	  0.3254
748.5000	  0.3258
748.0000	  0.3288
747.5000	  0.3255
747.0000	  0.3290
746.5000	  0.3281
746.0000	  0.3276
745.5000	  0.3314
745.0000	  0.3297
744.5000	  0.3316
744.0000	  0.3325
743.5000	  0.3311
743.0000	  0.3345
742.5000	  0.3329
742.0000	  0.3342
741.5000	  0.3361
741.0000	  0.3335
740.5000	  0.3385
740.0000	  0.3355
739.5000	  0.3377
739.0000	  0.3379
738.5000	  0.3365
738.0000	  0.3407
737.5000	  0.3384
737.0000	  0.3417
736.5000	  0.3420
736.0000	  0.3409
735.5000	  0.3442
735.0000	  0.3416
734.5000	  0.3454
734.0000	  0.3444
733.5000	  0.3451
733.0000	  0.3479
732.5000	  0.3451
732.0000	  0.3492
731.5000	  0.3479
731.0000	  0.3498
730.5000	  0.3505
730.0000	  0.3502
729.5000	  0.3542
729.0000	  0.3508
728.5000	  0.3559
728.0000	  0.3536
727.5000	  0.3564
727.0000	  0.3572
726.5000	  0.3569
726.0000	  0.3607
725.5000	  0.3584
725.0000	  0.3623
724.5000	  0.3618
724.0000	  0.3644
723.5000	  0.3646
723.0000	  0.3653
722.5000	  0.3693
722.0000	  0.3680
721.5000	  0.3717
721.0000	  0.3709
720.5000	  0.3746
720.0000	  0.3756
719.5000	  0.3767
719.0000	  0.3804
718.5000	  0.3783
718.0000	  0.3827
717.5000	  0.3806
717.0000	  0.3839
716.5000	  0.3835
716.0000	  0.3837
715.5000	  0.3851
715.0000	  0.3822
714.5000	  0.3845
714.0000	  0.3810
713.5000	  0.3826
713.0000	  0.3811
712.5000	  0.3816
712.0000	  0.3797
711.5000	  0.3797
711.0000	  0.3802
710.5000	  0.3791
710.0000	  0.3808
709.5000	  0.3782
709.0000	  0.3815
708.5000	  0.3791
708.0000	  0.3804
707.5000	  0.3807
707.0000	  0.3811
706.5000	  0.3816
706.0000	  0.3812
705.5000	  0.3839
705.0000	  0.3822
704.5000	  0.3857
704.0000	  0.3842
703.5000	  0.3854
703.0000	  0.3870
702.5000	  0.3870
702.0000	  0.3887
701.5000	  0.3880
701.0000	  0.3908
700.5000	  0.3894
700.0000	  0.3916
699.5000	  0.3908
699.0000	  0.3918
698.5000	  0.3924
698.0000	  0.3925
697.5000	  0.3947
697.0000	  0.3934
696.5000	  0.3958
696.0000	  0.3952
695.5000	  0.3971
695.0000	  0.3958
694.5000	  0.3993
694.0000	  0.3983
693.5000	  0.3997
693.0000	  0.3994
692.5000	  0.4010
692.0000	  0.4017
691.5000	  0.4019
691.0000	  0.4035
690.5000	  0.4033
690.0000	  0.4050
689.5000	  0.4050
689.0000	  0.4060
688.5000	  0.4057
688.0000	  0.4079
687.5000	  0.4082
687.0000	  0.4088
686.5000	  0.4093
686.0000	  0.4106
685.5000	  0.4105
685.0000	  0.4123
684.5000	  0.4116
684.0000	  0.4138
683.5000	  0.4138
683.0000	  0.4161
682.5000	  0.4146
682.0000	  0.4171
681.5000	  0.4167
681.0000	  0.4186
680.5000	  0.4175
680.0000	  0.4200
679.5000	  0.4199
679.0000	  0.4216
678.5000	  0.4210
678.0000	  0.4220
677.5000	  0.4229
677.0000	  0.4238
676.5000	  0.4251
676.0000	  0.4252
675.5000	  0.4261
675.0000	  0.4269
674.5000	  0.4279
674.0000	  0.4284
673.5000	  0.4295
673.0000	  0.4298
672.5000	  0.4303
672.0000	  0.4310
671.5000	  0.4320
671.0000	  0.4332
670.5000	  0.4334
670.0000	  0.4351
669.5000	  0.4347
669.0000	  0.4363
668.5000	  0.4368
668.0000	  0.4379
667.5000	  0.4378
667.0000	  0.4398
666.5000	  0.4394
666.0000	  0.4411
665.5000	  0.4415
665.0000	  0.4423
664.5000	  0.4429
664.0000	  0.4437
663.5000	  0.4443
663.0000	  0.4452
662.5000	  0.4457
662.0000	  0.4472
661.5000	  0.4473
661.0000	  0.4475
660.5000	  0.4490
660.0000	  0.4494
659.5000	  0.4507
659.0000	  0.4516
658.5000	  0.4514
658.0000	  0.4523
657.5000	  0.4534
657.0000	  0.4544
656.5000	  0.4546
656.0000	  0.4556
655.5000	  0.4565
655.0000	  0.4575
654.5000	  0.4574
654.0000	  0.4590
653.5000	  0.4590
653.0000	  0.4607
652.5000	  0.4608
652.0000	  0.4612
651.5000	  0.4618
651.0000	  0.4634
650.5000	  0.4639
650.0000	  0.4641
649.5000	  0.4649
649.0000	  0.4656
648.5000	  0.4673
648.0000	  0.4669
647.5000	  0.4680
647.0000	  0.4682
646.5000	  0.4704
646.0000	  0.4702
645.5000	  0.4708
645.0000	  0.4719
644.5000	  0.4728
644.0000	  0.4733
643.5000	  0.4732
643.0000	  0.4749
642.5000	  0.4754
642.0000	  0.4766
641.5000	  0.4758
641.0000	  0.4775
640.5000	  0.4774
640.0000	  0.4787
639.5000	  0.4795
639.0000	  0.4796
638.5000	  0.4800
638.0000	  0.4811
637.5000	  0.4829
637.0000	  0.4824
636.5000	  0.4838
636.0000	  0.4839
635.5000	  0.4848
635.0000	  0.4854
634.5000	  0.4862
634.0000	  0.4866
633.5000	  0.4877
633.0000	  0.4888
632.5000	  0.4891
632.0000	  0.4899
631.5000	  0.4909
631.0000	  0.4925
630.5000	  0.4921
630.0000	  0.4945
629.5000	  0.4957
629.0000	  0.4966
628.5000	  0.4974
628.0000	  0.4993
627.5000	  0.5009
627.0000	  0.5019
626.5000	  0.5046
626.0000	  0.5045
625.5000	  0.5062
625.0000	  0.5086
624.5000	  0.5095
624.0000	  0.5098
623.5000	  0.5130
623.0000	  0.5136
622.5000	  0.5158
622.0000	  0.5162
621.5000	  0.5175
621.0000	  0.5187
620.5000	  0.5198
620.0000	  0.5216
619.5000	  0.5221
619.0000	  0.5235
618.5000	  0.5239
618.0000	  0.5249
617.5000	  0.5258
617.0000	  0.5266
616.5000	  0.5269
616.0000	  0.5267
615.5000	  0.5281
615.0000	  0.5278
614.5000	  0.5295
614.0000	  0.5299
613.5000	  0.5310
613.0000	  0.5318
612.5000	  0.5324
612.0000	  0.5330
611.5000	  0.5341
611.0000	  0.5343
610.5000	  0.5352
610.0000	  0.5356
609.5000	  0.5370
609.0000	  0.5389
608.5000	  0.5380
608.0000	  0.5393
607.5000	  0.5398
607.0000	  0.5419
606.5000	  0.5417
606.0000	  0.5425
605.5000	  0.5431
605.0000	  0.5448
604.5000	  0.5465
604.0000	  0.5454
603.5000	  0.5467
603.0000	  0.5477
602.5000	  0.5491
602.0000	  0.5487
601.5000	  0.5501
601.0000	  0.5503
600.5000	  0.5512
600.0000	  0.5522
599.5000	  0.5529
599.0000	  0.5531
598.5000	  0.5549
598.0000	  0.5558
597.5000	  0.5556
597.0000	  0.5570
596.5000	  0.5589
596.0000	  0.5590
595.5000	  0.5594
595.0000	  0.5605
594.5000	  0.5607
594.0000	  0.5614
593.5000	  0.5636
593.0000	  0.5633
592.5000	  0.5646
592.0000	  0.5654
591.5000	  0.5663
591.0000	  0.5662
590.5000	  0.5673
590.0000	  0.5685
589.5000	  0.5689
589.0000	  0.5691
588.5000	  0.5700
588.0000	  0.5711
587.5000	  0.5719
587.0000	  0.5737
586.5000	  0.5724
586.0000	  0.5746
585.5000	  0.5750
585.0000	  0.5758
584.5000	  0.5760
584.0000	  0.5771
583.5000	  0.5777
583.0000	  0.5787
582.5000	  0.5791
582.0000	  0.5802
581.5000	  0.5804
581.0000	  0.5811
580.5000	  0.5826
580.0000	  0.5830
579.5000	  0.5830
579.0000	  0.5845
578.5000	  0.5858
578.0000	  0.5848
577.5000	  0.5870
577.0000	  0.5879
576.5000	  0.5880
576.0000	  0.5885
575.5000	  0.5896
575.0000	  0.5898
574.5000	  0.5911
574.0000	  0.5915
573.5000	  0.5917
573.0000	  0.5930
572.5000	  0.5935
572.0000	  0.5937
571.5000	  0.5939
571.0000	  0.5949
570.5000	  0.5966
570.0000	  0.5973
569.5000	  0.5963
569.0000	  0.5983
568.5000	  0.5981
568.0000	  0.6002
567.5000	  0.6000
567.0000	  0.6002
566.5000	  0.6015
566.0000	  0.6023
565.5000	  0.6033
565.0000	  0.6028
564.5000	  0.6051
564.0000	  0.6046
563.5000	  0.6059
563.0000	  0.6051
562.5000	  0.6066
562.0000	  0.6076
561.5000	  0.6081
561.0000	  0.6079
560.5000	  0.6097
560.0000	  0.6086
559.5000	  0.6094
559.0000	  0.6093
558.5000	  0.6103
558.0000	  0.6107
557.5000	  0.6113
557.0000	  0.6127
556.5000	  0.6119
556.0000	  0.6127
555.5000	  0.6138
555.0000	  0.6152
554.5000	  0.6143
554.0000	  0.6148
553.5000	  0.6159
553.0000	  0.6175
552.5000	  0.6163
552.0000	  0.6172
551.5000	  0.6174
551.0000	  0.6191
550.5000	  0.6177
550.0000	  0.6191
549.5000	  0.6197
549.0000	  0.6201
548.5000	  0.6213
548.0000	  0.6200
547.5000	  0.6214
547.0000	  0.6224
546.5000	  0.6228
546.0000	  0.6225
545.5000	  0.6239
545.0000	  0.6232
544.5000	  0.6245
544.0000	  0.6242
543.5000	  0.6239
543.0000	  0.6260
542.5000	  0.6257
542.0000	  0.6266
541.5000	  0.6264
541.0000	  0.6272
540.5000	  0.6270
540.0000	  0.6277
539.5000	  0.6277
539.0000	  0.6283
538.5000	  0.6282
538.0000	  0.6285
537.5000	  0.6289
537.0000	  0.6287
536.5000	  0.6300
536.0000	  0.6299
535.5000	  0.6311
535.0000	  0.6299
534.5000	  0.6312
534.0000	  0.6302
533.5000	  0.6312
533.0000	  0.6317
532.5000	  0.6311
532.0000	  0.6320
531.5000	  0.6314
531.0000	  0.6326
530.5000	  0.6314
530.0000	  0.6324
529.5000	  0.6322
529.0000	  0.6329
528.5000	  0.6330
528.0000	  0.6326
527.5000	  0.6330
527.0000	  0.6328
526.5000	  0.6333
526.0000	  0.6329
525.5000	  0.6335
525.0000	  0.6335
524.5000	  0.6332
524.0000	  0.6325
523.5000	  0.6331
523.0000	  0.6326
522.5000	  0.6330
522.0000	  0.6332
521.5000	  0.6313
521.0000	  0.6327
520.5000	  0.6328
520.0000	  0.6330
519.5000	  0.6320
519.0000	  0.6324
518.5000	  0.6317
518.0000	  0.6320
517.5000	  0.6325
517.0000	  0.6309
516.5000	  0.6315
516.0000	  0.6314
515.5000	  0.6308
515.0000	  0.6299
514.5000	  0.6302
514.0000	  0.6297
513.5000	  0.6291
513.0000	  0.6298
512.5000	  0.6273
512.0000	  0.6281
511.5000	  0.6279
511.0000	  0.6281
510.5000	  0.6269
510.0000	  0.6272
509.5000	  0.6265
509.0000	  0.6262
508.5000	  0.6263
508.0000	  0.6247
507.5000	  0.6251
507.0000	  0.6251
506.5000	  0.6256
506.0000	  0.6237
505.5000	  0.6247
505.0000	  0.6240
504.5000	  0.6245
504.0000	  0.6249
503.5000	  0.6233
503.0000	  0.6231
502.5000	  0.6234
502.0000	  0.6231
501.5000	  0.6218
501.0000	  0.6219
500.5000	  0.6211
500.0000	  0.6216
499.5000	  0.6207
499.0000	  0.6203
498.5000	  0.6198
498.0000	  0.6193
497.5000	  0.6187
497.0000	  0.6163
496.5000	  0.6165
496.0000	  0.6157
495.5000	  0.6155
495.0000	  0.6144
494.5000	  0.6125
494.0000	  0.6112
493.5000	  0.6105
493.0000	  0.6108
492.5000	  0.6082
492.0000	  0.6082
491.5000	  0.6067
491.0000	  0.6055
490.5000	  0.6040
490.0000	  0.6026
489.5000	  0.6008
489.0000	  0.5998
488.5000	  0.5989
488.0000	  0.5967
487.5000	  0.5959
487.0000	  0.5952
486.5000	  0.5922
486.0000	  0.5904
485.5000	  0.5896
485.0000	  0.5880
484.5000	  0.5865
484.0000	  0.5846
483.5000	  0.5833
483.0000	  0.5825
482.5000	  0.5802
482.0000	  0.5798
481.5000	  0.5779
481.0000	  0.5769
480.5000	  0.5749
480.0000	  0.5738
479.5000	  0.5733
479.0000	  0.5710
478.5000	  0.5707
478.0000	  0.5696
477.5000	  0.5676
477.0000	  0.5660
476.5000	  0.5654
476.0000	  0.5632
475.5000	  0.5623
475.0000	  0.5623
474.5000	  0.5594
474.0000	  0.5591
473.5000	  0.5583
473.0000	  0.5570
472.5000	  0.5557
472.0000	  0.5549
471.5000	  0.5532
471.0000	  0.5534
470.5000	  0.5521
470.0000	  0.5502
469.5000	  0.5502
469.0000	  0.5488
468.5000	  0.5486
468.0000	  0.5469
467.5000	  0.5471
467.0000	  0.5457
466.5000	  0.5456
466.0000	  0.5441
465.5000	  0.5439
465.0000	  0.5431
464.5000	  0.5434
464.0000	  0.5422
463.5000	  0.5419
463.0000	  0.5412
462.5000	  0.5391
462.0000	  0.5404
461.5000	  0.5398
461.0000	  0.5379
460.5000	  0.5387
460.0000	  0.5380
459.5000	  0.5375
459.0000	  0.5372
458.5000	  0.5360
458.0000	  0.5348
457.5000	  0.5341
457.0000	  0.5352
456.5000	  0.5334
456.0000	  0.5311
455.5000	  0.5307
455.0000	  0.5306
454.5000	  0.5278
454.0000	  0.5271
453.5000	  0.5266
453.0000	  0.5250
452.5000	  0.5240
452.0000	  0.5213
451.5000	  0.5206
451.0000	  0.5177
450.5000	  0.5172
450.0000	  0.5160
449.5000	  0.5122
449.0000	  0.5108
448.5000	  0.5097
448.0000	  0.5085
447.5000	  0.5056
447.0000	  0.5054
446.5000	  0.5032
446.0000	  0.5026
445.5000	  0.5009
445.0000	  0.4996
444.5000	  0.4970
444.0000	  0.4964
443.5000	  0.4954
443.0000	  0.4936
442.5000	  0.4918
442.0000	  0.4912
441.5000	  0.4904
441.0000	  0.4891
440.5000	  0.4886
440.0000	  0.4872
439.5000	  0.4856
439.0000	  0.4863
438.5000	  0.4831
438.0000	  0.4836
437.5000	  0.4825
437.0000	  0.4813
436.5000	  0.4806
436.0000	  0.4793
435.5000	  0.4787
435.0000	  0.4783
434.5000	  0.4777
434.0000	  0.4764
433.5000	  0.4759
433.0000	  0.4748
432.5000	  0.4752
432.0000	  0.4735
431.5000	  0.4725
431.0000	  0.4725
430.5000	  0.4713
430.0000	  0.4713
429.5000	  0.4699
429.0000	  0.4705
428.5000	  0.4697
428.0000	  0.4686
427.5000	  0.4677
427.0000	  0.4674
426.5000	  0.4679
426.0000	  0.4669
425.5000	  0.4667
425.0000	  0.4651
424.5000	  0.4651
424.0000	  0.4656
423.5000	  0.4644
423.0000	  0.4642
422.5000	  0.4633
422.0000	  0.4627
421.5000	  0.4630
421.0000	  0.4628
420.5000	  0.4614
420.0000	  0.4610
419.5000	  0.4600
419.0000	  0.4611
418.5000	  0.4596
418.0000	  0.4596
417.5000	  0.4601
417.0000	  0.4598
416.5000	  0.4585
416.0000	  0.4573
415.5000	  0.4573
415.0000	  0.4569
414.5000	  0.4560
414.0000	  0.4565
413.5000	  0.4565
413.0000	  0.4554
412.5000	  0.4555
412.0000	  0.4550
411.5000	  0.4538
411.0000	  0.4542
410.5000	  0.4535
410.0000	  0.4530
409.5000	  0.4527
409.0000	  0.4530
408.5000	  0.4518
408.0000	  0.4518
407.5000	  0.4518
407.0000	  0.4504
406.5000	  0.4506
406.0000	  0.4508
405.5000	  0.4499
405.0000	  0.4486
404.5000	  0.4500
404.0000	  0.4489
403.5000	  0.4492
403.0000	  0.4481
402.5000	  0.4483
402.0000	  0.4473
401.5000	  0.4470
401.0000	  0.4481
400.5000	  0.4456
400.0000	  0.4461
399.5000	  0.4454
399.0000	  0.4463
398.5000	  0.4452
398.0000	  0.4453
397.5000	  0.4458
397.0000	  0.4448
396.5000	  0.4449
396.0000	  0.4438
395.5000	  0.4447
395.0000	  0.4444
394.5000	  0.4443
394.0000	  0.4438
393.5000	  0.4429
393.0000	  0.4428
392.5000	  0.4428
392.0000	  0.4442
391.5000	  0.4423
391.0000	  0.4441
390.5000	  0.4439
390.0000	  0.4430
389.5000	  0.4424
389.0000	  0.4424
388.5000	  0.4440
388.0000	  0.4439
387.5000	  0.4440
387.0000	  0.4421
386.5000	  0.4440
386.0000	  0.4424
385.5000	  0.4436
385.0000	  0.4442
384.5000	  0.4431
384.0000	  0.4446
383.5000	  0.4446
383.0000	  0.4448
382.5000	  0.4426
382.0000	  0.4445
381.5000	  0.4432
381.0000	  0.4441
380.5000	  0.4434
380.0000	  0.4437
379.5000	  0.4450
379.0000	  0.4437
378.5000	  0.4452
378.0000	  0.4430
377.5000	  0.4410
377.0000	  0.4432
376.5000	  0.4452
376.0000	  0.4440
375.5000	  0.4456
375.0000	  0.4456
374.5000	  0.4435
374.0000	  0.4449
373.5000	  0.4443
373.0000	  0.4447
372.5000	  0.4435
372.0000	  0.4435
371.5000	  0.4426
371.0000	  0.4440
370.5000	  0.4442
370.0000	  0.4447
369.5000	  0.4451
369.0000	  0.4436
368.5000	  0.4441
368.0000	  0.4447
367.5000	  0.4447
367.0000	  0.4433
366.5000	  0.4455
366.0000	  0.4458
365.5000	  0.4430
365.0000	  0.4435
364.5000	  0.4434
364.0000	  0.4440
363.5000	  0.4440
363.0000	  0.4438
362.5000	  0.4465
362.0000	  0.4436
361.5000	  0.4454
361.0000	  0.4433
360.5000	  0.4429
360.0000	  0.4442
359.5000	  0.4449
359.0000	  0.4464
358.5000	  0.4427
358.0000	  0.4454
357.5000	  0.4456
357.0000	  0.4435
356.5000	  0.4433
356.0000	  0.4419
355.5000	  0.4450
355.0000	  0.4460
354.5000	  0.4433
354.0000	  0.4429
353.5000	  0.4426
353.0000	  0.4426
352.5000	  0.4456
352.0000	  0.4416
351.5000	  0.4422
351.0000	  0.4439
350.5000	  0.4420
350.0000	  0.4413
