26/05/2023 16.02.27
26/05/2023 16.09.48

900.0000	 20.0200

900.0000	 20.0200

900.0000	 19.8400



  1.0000
900.0000
  3.0000
340.0000
  1.0000
1101.0000
  5.0000
  6.0000
  1.0000
  1.0000
  0.0000
  0.0000
100.0000
  0.0000
  1.0000
  0.0000
500.0000
900.0000
350.0000
  4.0000
  1.0000
 18.0000
  2.0000
  1.0000
255.0000
  0.9041
  1.0000
 30.0000
  4.0000
500.0000
  0.0000
  0.0000
  4.0000
900.0000
350.0000
  0.0000
100.0000
  0.0000
  1.0000
  0.0000
500.0000
  1.0000
  1.0000
  1.0000
  1.0000
  4.0000
  0.0000
  1.0000
  1.0000
  1.0000
  1.0000
  1.0000
  2.0000
  1.0000
  1.0000
  1.0000
  3.0000
  1.0000
  1.0000
  1.0000
  4.0000
  5.0000
440.653
0.000
900.0000	  0.1987
899.5000	  0.1900
899.0000	  0.2127
898.5000	  0.1937
898.0000	  0.1863
897.5000	  0.1957
897.0000	  0.2070
896.5000	  0.1777
896.0000	  0.1996
895.5000	  0.2049
895.0000	  0.2035
894.5000	  0.2009
894.0000	  0.1898
893.5000	  0.1900
893.0000	  0.2100
892.5000	  0.1957
892.0000	  0.1890
891.5000	  0.2042
891.0000	  0.1951
890.5000	  0.1912
890.0000	  0.2038
889.5000	  0.2094
889.0000	  0.1962
888.5000	  0.1964
888.0000	  0.2026
887.5000	  0.2008
887.0000	  0.2065
886.5000	  0.1881
886.0000	  0.1984
885.5000	  0.2016
885.0000	  0.2031
884.5000	  0.2007
884.0000	  0.2050
883.5000	  0.2056
883.0000	  0.2063
882.5000	  0.2088
882.0000	  0.2033
881.5000	  0.2075
881.0000	  0.2031
880.5000	  0.2047
880.0000	  0.2089
879.5000	  0.2039
879.0000	  0.2040
878.5000	  0.2081
878.0000	  0.2054
877.5000	  0.2041
877.0000	  0.2072
876.5000	  0.2051
876.0000	  0.2023
875.5000	  0.2071
875.0000	  0.2059
874.5000	  0.2060
874.0000	  0.2078
873.5000	  0.2084
873.0000	  0.2113
872.5000	  0.2142
872.0000	  0.2068
871.5000	  0.2088
871.0000	  0.2095
870.5000	  0.2085
870.0000	  0.2099
869.5000	  0.2088
869.0000	  0.2103
868.5000	  0.2101
868.0000	  0.2107
867.5000	  0.2092
867.0000	  0.2119
866.5000	  0.2110
866.0000	  0.2108
865.5000	  0.2135
865.0000	  0.2116
864.5000	  0.2150
864.0000	  0.2162
863.5000	  0.2134
863.0000	  0.2158
862.5000	  0.2156
862.0000	  0.2150
861.5000	  0.2169
861.0000	  0.2148
860.5000	  0.2177
860.0000	  0.2175
859.5000	  0.2182
859.0000	  0.2181
858.5000	  0.2179
858.0000	  0.2189
857.5000	  0.2183
857.0000	  0.2184
856.5000	  0.2194
856.0000	  0.2198
855.5000	  0.2212
855.0000	  0.2201
854.5000	  0.2208
854.0000	  0.2233
853.5000	  0.2222
853.0000	  0.2235
852.5000	  0.2237
852.0000	  0.2236
851.5000	  0.2256
851.0000	  0.2250
850.5000	  0.2253
850.0000	  0.2257
849.5000	  0.2253
849.0000	  0.2261
848.5000	  0.2253
848.0000	  0.2267
847.5000	  0.2275
847.0000	  0.2276
846.5000	  0.2277
846.0000	  0.2290
845.5000	  0.2299
845.0000	  0.2291
844.5000	  0.2297
844.0000	  0.2304
843.5000	  0.2303
843.0000	  0.2305
842.5000	  0.2315
842.0000	  0.2316
841.5000	  0.2331
841.0000	  0.2329
840.5000	  0.2332
840.0000	  0.2335
839.5000	  0.2343
839.0000	  0.2347
838.5000	  0.2344
838.0000	  0.2351
837.5000	  0.2352
837.0000	  0.2357
836.5000	  0.2365
836.0000	  0.2363
835.5000	  0.2367
835.0000	  0.2371
834.5000	  0.2382
834.0000	  0.2391
833.5000	  0.2385
833.0000	  0.2385
832.5000	  0.2392
832.0000	  0.2391
831.5000	  0.2397
831.0000	  0.2405
830.5000	  0.2413
830.0000	  0.2421
829.5000	  0.2411
829.0000	  0.2422
828.5000	  0.2422
828.0000	  0.2431
827.5000	  0.2436
827.0000	  0.2432
826.5000	  0.2437
826.0000	  0.2441
825.5000	  0.2452
825.0000	  0.2445
824.5000	  0.2451
824.0000	  0.2459
823.5000	  0.2463
823.0000	  0.2467
822.5000	  0.2480
822.0000	  0.2477
821.5000	  0.2475
821.0000	  0.2492
820.5000	  0.2490
820.0000	  0.2496
819.5000	  0.2494
819.0000	  0.2502
818.5000	  0.2506
818.0000	  0.2512
817.5000	  0.2522
817.0000	  0.2520
816.5000	  0.2528
816.0000	  0.2518
815.5000	  0.2533
815.0000	  0.2534
814.5000	  0.2548
814.0000	  0.2547
813.5000	  0.2548
813.0000	  0.2551
812.5000	  0.2560
812.0000	  0.2569
811.5000	  0.2571
811.0000	  0.2578
810.5000	  0.2576
810.0000	  0.2584
809.5000	  0.2587
809.0000	  0.2599
808.5000	  0.2598
808.0000	  0.2611
807.5000	  0.2608
807.0000	  0.2610
806.5000	  0.2627
806.0000	  0.2617
805.5000	  0.2634
805.0000	  0.2639
804.5000	  0.2631
804.0000	  0.2644
803.5000	  0.2652
803.0000	  0.2651
802.5000	  0.2662
802.0000	  0.2668
801.5000	  0.2669
801.0000	  0.2678
800.5000	  0.2680
800.0000	  0.2681
799.5000	  0.2697
799.0000	  0.2698
798.5000	  0.2692
798.0000	  0.2711
797.5000	  0.2710
797.0000	  0.2712
796.5000	  0.2730
796.0000	  0.2723
795.5000	  0.2732
795.0000	  0.2738
794.5000	  0.2750
794.0000	  0.2745
793.5000	  0.2760
793.0000	  0.2755
792.5000	  0.2770
792.0000	  0.2773
791.5000	  0.2771
791.0000	  0.2784
790.5000	  0.2789
790.0000	  0.2791
789.5000	  0.2808
789.0000	  0.2806
788.5000	  0.2812
788.0000	  0.2820
787.5000	  0.2821
787.0000	  0.2828
786.5000	  0.2841
786.0000	  0.2838
785.5000	  0.2838
785.0000	  0.2844
784.5000	  0.2850
784.0000	  0.2861
783.5000	  0.2870
783.0000	  0.2862
782.5000	  0.2878
782.0000	  0.2884
781.5000	  0.2891
781.0000	  0.2892
780.5000	  0.2899
780.0000	  0.2907
779.5000	  0.2914
779.0000	  0.2919
778.5000	  0.2917
778.0000	  0.2926
777.5000	  0.2933
777.0000	  0.2940
776.5000	  0.2941
776.0000	  0.2950
775.5000	  0.2957
775.0000	  0.2968
774.5000	  0.2972
774.0000	  0.2975
773.5000	  0.2977
773.0000	  0.2989
772.5000	  0.2999
772.0000	  0.2999
771.5000	  0.3006
771.0000	  0.3016
770.5000	  0.3017
770.0000	  0.3032
769.5000	  0.3026
769.0000	  0.3038
768.5000	  0.3051
768.0000	  0.3054
767.5000	  0.3054
767.0000	  0.3060
766.5000	  0.3067
766.0000	  0.3083
765.5000	  0.3082
765.0000	  0.3090
764.5000	  0.3095
764.0000	  0.3103
763.5000	  0.3106
763.0000	  0.3121
762.5000	  0.3114
762.0000	  0.3128
761.5000	  0.3138
761.0000	  0.3137
760.5000	  0.3144
760.0000	  0.3153
759.5000	  0.3165
759.0000	  0.3169
758.5000	  0.3176
758.0000	  0.3184
757.5000	  0.3189
757.0000	  0.3192
756.5000	  0.3196
756.0000	  0.3211
755.5000	  0.3214
755.0000	  0.3221
754.5000	  0.3225
754.0000	  0.3234
753.5000	  0.3242
753.0000	  0.3244
752.5000	  0.3254
752.0000	  0.3254
751.5000	  0.3266
751.0000	  0.3282
750.5000	  0.3286
750.0000	  0.3288
749.5000	  0.3296
749.0000	  0.3309
748.5000	  0.3318
748.0000	  0.3316
747.5000	  0.3327
747.0000	  0.3336
746.5000	  0.3340
746.0000	  0.3351
745.5000	  0.3346
745.0000	  0.3359
744.5000	  0.3361
744.0000	  0.3372
743.5000	  0.3382
743.0000	  0.3388
742.5000	  0.3389
742.0000	  0.3405
741.5000	  0.3411
741.0000	  0.3413
740.5000	  0.3424
740.0000	  0.3429
739.5000	  0.3444
739.0000	  0.3445
738.5000	  0.3452
738.0000	  0.3464
737.5000	  0.3471
737.0000	  0.3485
736.5000	  0.3486
736.0000	  0.3493
735.5000	  0.3500
735.0000	  0.3508
734.5000	  0.3527
734.0000	  0.3523
733.5000	  0.3544
733.0000	  0.3546
732.5000	  0.3556
732.0000	  0.3572
731.5000	  0.3574
731.0000	  0.3588
730.5000	  0.3596
730.0000	  0.3603
729.5000	  0.3610
729.0000	  0.3614
728.5000	  0.3638
728.0000	  0.3636
727.5000	  0.3655
727.0000	  0.3663
726.5000	  0.3676
726.0000	  0.3688
725.5000	  0.3699
725.0000	  0.3725
724.5000	  0.3731
724.0000	  0.3756
723.5000	  0.3761
723.0000	  0.3777
722.5000	  0.3802
722.0000	  0.3815
721.5000	  0.3840
721.0000	  0.3838
720.5000	  0.3878
720.0000	  0.3900
719.5000	  0.3915
719.0000	  0.3945
718.5000	  0.3946
718.0000	  0.3969
717.5000	  0.3969
717.0000	  0.3995
716.5000	  0.3992
716.0000	  0.3994
715.5000	  0.3996
715.0000	  0.3996
714.5000	  0.3994
714.0000	  0.3974
713.5000	  0.3975
713.0000	  0.3968
712.5000	  0.3959
712.0000	  0.3963
711.5000	  0.3951
711.0000	  0.3956
710.5000	  0.3941
710.0000	  0.3945
709.5000	  0.3938
709.0000	  0.3944
708.5000	  0.3943
708.0000	  0.3950
707.5000	  0.3949
707.0000	  0.3952
706.5000	  0.3968
706.0000	  0.3962
705.5000	  0.3976
705.0000	  0.3985
704.5000	  0.3996
704.0000	  0.3999
703.5000	  0.4015
703.0000	  0.4025
702.5000	  0.4026
702.0000	  0.4042
701.5000	  0.4039
701.0000	  0.4056
700.5000	  0.4052
700.0000	  0.4067
699.5000	  0.4070
699.0000	  0.4076
698.5000	  0.4086
698.0000	  0.4097
697.5000	  0.4115
697.0000	  0.4111
696.5000	  0.4121
696.0000	  0.4124
695.5000	  0.4141
695.0000	  0.4147
694.5000	  0.4148
694.0000	  0.4158
693.5000	  0.4171
693.0000	  0.4174
692.5000	  0.4183
692.0000	  0.4197
691.5000	  0.4193
691.0000	  0.4215
690.5000	  0.4222
690.0000	  0.4232
689.5000	  0.4229
689.0000	  0.4247
688.5000	  0.4250
688.0000	  0.4262
687.5000	  0.4275
687.0000	  0.4288
686.5000	  0.4280
686.0000	  0.4300
685.5000	  0.4305
685.0000	  0.4318
684.5000	  0.4319
684.0000	  0.4326
683.5000	  0.4342
683.0000	  0.4347
682.5000	  0.4356
682.0000	  0.4370
681.5000	  0.4377
681.0000	  0.4381
680.5000	  0.4392
680.0000	  0.4391
679.5000	  0.4413
679.0000	  0.4415
678.5000	  0.4438
678.0000	  0.4422
677.5000	  0.4452
677.0000	  0.4450
676.5000	  0.4461
676.0000	  0.4467
675.5000	  0.4489
675.0000	  0.4491
674.5000	  0.4501
674.0000	  0.4503
673.5000	  0.4517
673.0000	  0.4523
672.5000	  0.4529
672.0000	  0.4534
671.5000	  0.4549
671.0000	  0.4559
670.5000	  0.4569
670.0000	  0.4577
669.5000	  0.4584
669.0000	  0.4594
668.5000	  0.4601
668.0000	  0.4605
667.5000	  0.4616
667.0000	  0.4627
666.5000	  0.4635
666.0000	  0.4650
665.5000	  0.4661
665.0000	  0.4658
664.5000	  0.4668
664.0000	  0.4681
663.5000	  0.4690
663.0000	  0.4696
662.5000	  0.4699
662.0000	  0.4710
661.5000	  0.4722
661.0000	  0.4736
660.5000	  0.4735
660.0000	  0.4750
659.5000	  0.4754
659.0000	  0.4766
658.5000	  0.4768
658.0000	  0.4779
657.5000	  0.4790
657.0000	  0.4799
656.5000	  0.4805
656.0000	  0.4813
655.5000	  0.4819
655.0000	  0.4824
654.5000	  0.4851
654.0000	  0.4842
653.5000	  0.4861
653.0000	  0.4862
652.5000	  0.4877
652.0000	  0.4885
651.5000	  0.4897
651.0000	  0.4898
650.5000	  0.4911
650.0000	  0.4917
649.5000	  0.4923
649.0000	  0.4935
648.5000	  0.4945
648.0000	  0.4950
647.5000	  0.4950
647.0000	  0.4972
646.5000	  0.4974
646.0000	  0.4981
645.5000	  0.4997
645.0000	  0.5001
644.5000	  0.5000
644.0000	  0.5016
643.5000	  0.5028
643.0000	  0.5030
642.5000	  0.5042
642.0000	  0.5051
641.5000	  0.5056
641.0000	  0.5058
640.5000	  0.5064
640.0000	  0.5075
639.5000	  0.5087
639.0000	  0.5098
638.5000	  0.5095
638.0000	  0.5111
637.5000	  0.5114
637.0000	  0.5128
636.5000	  0.5126
636.0000	  0.5137
635.5000	  0.5145
635.0000	  0.5152
634.5000	  0.5162
634.0000	  0.5168
633.5000	  0.5178
633.0000	  0.5193
632.5000	  0.5201
632.0000	  0.5206
631.5000	  0.5221
631.0000	  0.5233
630.5000	  0.5243
630.0000	  0.5251
629.5000	  0.5274
629.0000	  0.5283
628.5000	  0.5298
628.0000	  0.5321
627.5000	  0.5322
627.0000	  0.5349
626.5000	  0.5359
626.0000	  0.5382
625.5000	  0.5391
625.0000	  0.5422
624.5000	  0.5429
624.0000	  0.5450
623.5000	  0.5475
623.0000	  0.5476
622.5000	  0.5493
622.0000	  0.5509
621.5000	  0.5540
621.0000	  0.5544
620.5000	  0.5562
620.0000	  0.5564
619.5000	  0.5580
619.0000	  0.5588
618.5000	  0.5602
618.0000	  0.5606
617.5000	  0.5621
617.0000	  0.5630
616.5000	  0.5625
616.0000	  0.5637
615.5000	  0.5639
615.0000	  0.5652
614.5000	  0.5658
614.0000	  0.5672
613.5000	  0.5672
613.0000	  0.5687
612.5000	  0.5691
612.0000	  0.5698
611.5000	  0.5702
611.0000	  0.5714
610.5000	  0.5724
610.0000	  0.5730
609.5000	  0.5751
609.0000	  0.5749
608.5000	  0.5772
608.0000	  0.5769
607.5000	  0.5780
607.0000	  0.5794
606.5000	  0.5801
606.0000	  0.5819
605.5000	  0.5821
605.0000	  0.5822
604.5000	  0.5838
604.0000	  0.5850
603.5000	  0.5850
603.0000	  0.5864
602.5000	  0.5862
602.0000	  0.5881
601.5000	  0.5892
601.0000	  0.5906
600.5000	  0.5904
600.0000	  0.5920
599.5000	  0.5925
599.0000	  0.5932
598.5000	  0.5944
598.0000	  0.5957
597.5000	  0.5964
597.0000	  0.5971
596.5000	  0.5986
596.0000	  0.5991
595.5000	  0.6000
595.0000	  0.6013
594.5000	  0.6007
594.0000	  0.6030
593.5000	  0.6034
593.0000	  0.6038
592.5000	  0.6046
592.0000	  0.6052
591.5000	  0.6062
591.0000	  0.6070
590.5000	  0.6091
590.0000	  0.6089
589.5000	  0.6103
589.0000	  0.6112
588.5000	  0.6123
588.0000	  0.6121
587.5000	  0.6128
587.0000	  0.6139
586.5000	  0.6151
586.0000	  0.6160
585.5000	  0.6165
585.0000	  0.6172
584.5000	  0.6183
584.0000	  0.6194
583.5000	  0.6196
583.0000	  0.6214
582.5000	  0.6213
582.0000	  0.6222
581.5000	  0.6235
581.0000	  0.6237
580.5000	  0.6245
580.0000	  0.6253
579.5000	  0.6275
579.0000	  0.6262
578.5000	  0.6285
578.0000	  0.6287
577.5000	  0.6292
577.0000	  0.6301
576.5000	  0.6307
576.0000	  0.6320
575.5000	  0.6328
575.0000	  0.6336
574.5000	  0.6327
574.0000	  0.6352
573.5000	  0.6353
573.0000	  0.6370
572.5000	  0.6375
572.0000	  0.6381
571.5000	  0.6386
571.0000	  0.6396
570.5000	  0.6405
570.0000	  0.6405
569.5000	  0.6418
569.0000	  0.6430
568.5000	  0.6434
568.0000	  0.6435
567.5000	  0.6443
567.0000	  0.6461
566.5000	  0.6461
566.0000	  0.6467
565.5000	  0.6470
565.0000	  0.6481
564.5000	  0.6483
564.0000	  0.6494
563.5000	  0.6513
563.0000	  0.6506
562.5000	  0.6514
562.0000	  0.6516
561.5000	  0.6534
561.0000	  0.6537
560.5000	  0.6551
560.0000	  0.6538
559.5000	  0.6543
559.0000	  0.6557
558.5000	  0.6558
558.0000	  0.6569
557.5000	  0.6574
557.0000	  0.6587
556.5000	  0.6582
556.0000	  0.6597
555.5000	  0.6594
555.0000	  0.6608
554.5000	  0.6622
554.0000	  0.6611
553.5000	  0.6622
553.0000	  0.6626
552.5000	  0.6643
552.0000	  0.6637
551.5000	  0.6642
551.0000	  0.6648
550.5000	  0.6655
550.0000	  0.6665
549.5000	  0.6656
549.0000	  0.6680
548.5000	  0.6676
548.0000	  0.6681
547.5000	  0.6687
547.0000	  0.6694
546.5000	  0.6699
546.0000	  0.6700
545.5000	  0.6715
545.0000	  0.6704
544.5000	  0.6723
544.0000	  0.6722
543.5000	  0.6731
543.0000	  0.6735
542.5000	  0.6731
542.0000	  0.6737
541.5000	  0.6745
541.0000	  0.6751
540.5000	  0.6745
540.0000	  0.6754
539.5000	  0.6751
539.0000	  0.6767
538.5000	  0.6768
538.0000	  0.6763
537.5000	  0.6773
537.0000	  0.6772
536.5000	  0.6785
536.0000	  0.6779
535.5000	  0.6795
535.0000	  0.6789
534.5000	  0.6796
534.0000	  0.6805
533.5000	  0.6799
533.0000	  0.6802
532.5000	  0.6807
532.0000	  0.6813
531.5000	  0.6806
531.0000	  0.6818
530.5000	  0.6818
530.0000	  0.6816
529.5000	  0.6823
529.0000	  0.6810
528.5000	  0.6828
528.0000	  0.6820
527.5000	  0.6832
527.0000	  0.6830
526.5000	  0.6828
526.0000	  0.6833
525.5000	  0.6831
525.0000	  0.6841
524.5000	  0.6831
524.0000	  0.6841
523.5000	  0.6834
523.0000	  0.6839
522.5000	  0.6841
522.0000	  0.6832
521.5000	  0.6835
521.0000	  0.6836
520.5000	  0.6849
520.0000	  0.6824
519.5000	  0.6835
519.0000	  0.6831
518.5000	  0.6836
518.0000	  0.6837
517.5000	  0.6830
517.0000	  0.6824
516.5000	  0.6829
516.0000	  0.6829
515.5000	  0.6824
515.0000	  0.6831
514.5000	  0.6818
514.0000	  0.6821
513.5000	  0.6820
513.0000	  0.6816
512.5000	  0.6811
512.0000	  0.6812
511.5000	  0.6811
511.0000	  0.6801
510.5000	  0.6812
510.0000	  0.6801
509.5000	  0.6809
509.0000	  0.6799
508.5000	  0.6798
508.0000	  0.6794
507.5000	  0.6797
507.0000	  0.6804
506.5000	  0.6798
506.0000	  0.6799
505.5000	  0.6790
505.0000	  0.6800
504.5000	  0.6797
504.0000	  0.6785
503.5000	  0.6801
503.0000	  0.6797
502.5000	  0.6803
502.0000	  0.6795
501.5000	  0.6797
501.0000	  0.6794
500.5000	  0.6798
500.0000	  0.6802
499.5000	  0.6786
499.0000	  0.6783
498.5000	  0.6787
498.0000	  0.6792
497.5000	  0.6772
497.0000	  0.6774
496.5000	  0.6773
496.0000	  0.6770
495.5000	  0.6767
495.0000	  0.6741
494.5000	  0.6743
494.0000	  0.6735
493.5000	  0.6728
493.0000	  0.6723
492.5000	  0.6710
492.0000	  0.6703
491.5000	  0.6701
491.0000	  0.6695
490.5000	  0.6670
490.0000	  0.6662
489.5000	  0.6651
489.0000	  0.6642
488.5000	  0.6628
488.0000	  0.6615
487.5000	  0.6603
487.0000	  0.6588
486.5000	  0.6582
486.0000	  0.6563
485.5000	  0.6555
485.0000	  0.6542
484.5000	  0.6533
484.0000	  0.6534
483.5000	  0.6507
483.0000	  0.6505
482.5000	  0.6486
482.0000	  0.6484
481.5000	  0.6467
481.0000	  0.6466
480.5000	  0.6441
480.0000	  0.6444
479.5000	  0.6436
479.0000	  0.6410
478.5000	  0.6403
478.0000	  0.6401
477.5000	  0.6391
477.0000	  0.6366
476.5000	  0.6362
476.0000	  0.6360
475.5000	  0.6343
475.0000	  0.6347
474.5000	  0.6327
474.0000	  0.6324
473.5000	  0.6310
473.0000	  0.6311
472.5000	  0.6288
472.0000	  0.6290
471.5000	  0.6275
471.0000	  0.6281
470.5000	  0.6265
470.0000	  0.6252
469.5000	  0.6259
469.0000	  0.6247
468.5000	  0.6248
468.0000	  0.6233
467.5000	  0.6229
467.0000	  0.6231
466.5000	  0.6224
466.0000	  0.6216
465.5000	  0.6204
465.0000	  0.6203
464.5000	  0.6211
464.0000	  0.6206
463.5000	  0.6186
463.0000	  0.6201
462.5000	  0.6191
462.0000	  0.6190
461.5000	  0.6198
461.0000	  0.6177
460.5000	  0.6178
460.0000	  0.6177
459.5000	  0.6173
459.0000	  0.6167
458.5000	  0.6167
458.0000	  0.6149
457.5000	  0.6153
457.0000	  0.6155
456.5000	  0.6140
456.0000	  0.6134
455.5000	  0.6111
455.0000	  0.6119
454.5000	  0.6104
454.0000	  0.6089
453.5000	  0.6082
453.0000	  0.6067
452.5000	  0.6066
452.0000	  0.6039
451.5000	  0.6019
451.0000	  0.5998
450.5000	  0.5985
450.0000	  0.5968
449.5000	  0.5949
449.0000	  0.5932
448.5000	  0.5906
448.0000	  0.5891
447.5000	  0.5870
447.0000	  0.5867
446.5000	  0.5850
446.0000	  0.5834
445.5000	  0.5823
445.0000	  0.5801
444.5000	  0.5782
444.0000	  0.5775
443.5000	  0.5761
443.0000	  0.5743
442.5000	  0.5746
442.0000	  0.5731
441.5000	  0.5713
441.0000	  0.5709
440.5000	  0.5693
440.0000	  0.5683
439.5000	  0.5674
439.0000	  0.5667
438.5000	  0.5654
438.0000	  0.5650
437.5000	  0.5650
437.0000	  0.5641
436.5000	  0.5629
436.0000	  0.5620
435.5000	  0.5612
435.0000	  0.5605
434.5000	  0.5592
434.0000	  0.5592
433.5000	  0.5587
433.0000	  0.5568
432.5000	  0.5566
432.0000	  0.5573
431.5000	  0.5553
431.0000	  0.5556
430.5000	  0.5548
430.0000	  0.5542
429.5000	  0.5534
429.0000	  0.5530
428.5000	  0.5522
428.0000	  0.5524
427.5000	  0.5515
427.0000	  0.5504
426.5000	  0.5505
426.0000	  0.5497
425.5000	  0.5498
425.0000	  0.5485
424.5000	  0.5496
424.0000	  0.5482
423.5000	  0.5477
423.0000	  0.5486
422.5000	  0.5473
422.0000	  0.5467
421.5000	  0.5466
421.0000	  0.5465
420.5000	  0.5466
420.0000	  0.5458
419.5000	  0.5448
419.0000	  0.5460
418.5000	  0.5457
418.0000	  0.5437
417.5000	  0.5441
417.0000	  0.5455
416.5000	  0.5444
416.0000	  0.5430
415.5000	  0.5430
415.0000	  0.5415
414.5000	  0.5426
414.0000	  0.5422
413.5000	  0.5411
413.0000	  0.5418
412.5000	  0.5413
412.0000	  0.5405
411.5000	  0.5405
411.0000	  0.5397
410.5000	  0.5390
410.0000	  0.5375
409.5000	  0.5377
409.0000	  0.5381
408.5000	  0.5375
408.0000	  0.5374
407.5000	  0.5369
407.0000	  0.5377
406.5000	  0.5372
406.0000	  0.5372
405.5000	  0.5365
405.0000	  0.5365
404.5000	  0.5364
404.0000	  0.5351
403.5000	  0.5339
403.0000	  0.5349
402.5000	  0.5344
402.0000	  0.5342
401.5000	  0.5338
401.0000	  0.5344
400.5000	  0.5333
400.0000	  0.5337
399.5000	  0.5337
399.0000	  0.5337
398.5000	  0.5322
398.0000	  0.5320
397.5000	  0.5316
397.0000	  0.5338
396.5000	  0.5320
396.0000	  0.5322
395.5000	  0.5314
395.0000	  0.5314
394.5000	  0.5305
394.0000	  0.5295
393.5000	  0.5302
393.0000	  0.5308
392.5000	  0.5303
392.0000	  0.5304
391.5000	  0.5314
391.0000	  0.5314
390.5000	  0.5305
390.0000	  0.5311
389.5000	  0.5330
389.0000	  0.5331
388.5000	  0.5321
388.0000	  0.5323
387.5000	  0.5318
387.0000	  0.5323
386.5000	  0.5329
386.0000	  0.5326
385.5000	  0.5328
385.0000	  0.5330
384.5000	  0.5326
384.0000	  0.5333
383.5000	  0.5313
383.0000	  0.5346
382.5000	  0.5359
382.0000	  0.5342
381.5000	  0.5326
381.0000	  0.5326
380.5000	  0.5334
380.0000	  0.5350
379.5000	  0.5328
379.0000	  0.5346
378.5000	  0.5356
378.0000	  0.5353
377.5000	  0.5357
377.0000	  0.5338
376.5000	  0.5350
376.0000	  0.5346
375.5000	  0.5361
375.0000	  0.5336
374.5000	  0.5352
374.0000	  0.5361
373.5000	  0.5347
373.0000	  0.5354
372.5000	  0.5346
372.0000	  0.5345
371.5000	  0.5342
371.0000	  0.5367
370.5000	  0.5340
370.0000	  0.5354
369.5000	  0.5342
369.0000	  0.5354
368.5000	  0.5362
368.0000	  0.5358
367.5000	  0.5372
367.0000	  0.5382
366.5000	  0.5363
366.0000	  0.5364
365.5000	  0.5369
365.0000	  0.5360
364.5000	  0.5354
364.0000	  0.5376
363.5000	  0.5362
363.0000	  0.5369
362.5000	  0.5374
362.0000	  0.5360
361.5000	  0.5373
361.0000	  0.5365
360.5000	  0.5355
360.0000	  0.5363
359.5000	  0.5369
359.0000	  0.5364
358.5000	  0.5372
358.0000	  0.5366
357.5000	  0.5389
357.0000	  0.5385
356.5000	  0.5378
356.0000	  0.5360
355.5000	  0.5367
355.0000	  0.5392
354.5000	  0.5394
354.0000	  0.5393
353.5000	  0.5364
353.0000	  0.5391
352.5000	  0.5386
352.0000	  0.5368
351.5000	  0.5391
351.0000	  0.5379
350.5000	  0.5391
350.0000	  0.5350
