26/05/2023 15.43.38
26/05/2023 15.50.58

900.0000	103.6600

900.0000	103.6600

900.0000	100.5500



  1.0000
900.0000
  3.0000
340.0000
  1.0000
1101.0000
  5.0000
  6.0000
  1.0000
  1.0000
  0.0000
  0.0000
100.0000
  0.0000
  1.0000
  0.0000
500.0000
900.0000
350.0000
  4.0000
  1.0000
 18.0000
  2.0000
  1.0000
255.0000
  0.9041
  1.0000
 30.0000
  4.0000
500.0000
  0.0000
  0.0000
  4.0000
900.0000
350.0000
  0.0000
100.0000
  0.0000
  1.0000
  0.0000
500.0000
  1.0000
  1.0000
  1.0000
  1.0000
  4.0000
  0.0000
  1.0000
  1.0000
  1.0000
  1.0000
  1.0000
  2.0000
  1.0000
  1.0000
  1.0000
  3.0000
  1.0000
  1.0000
  1.0000
  4.0000
  5.0000
440.687
0.000
900.0000	 -0.0762
899.5000	 -0.0127
899.0000	 -0.0947
898.5000	 -0.8152
898.0000	  0.4386
897.5000	  0.1001
897.0000	 -0.7056
896.5000	 -0.5318
896.0000	  0.7966
895.5000	  0.8174
895.0000	  0.4994
894.5000	  0.2647
894.0000	  0.8754
893.5000	  0.2961
893.0000	  0.3040
892.5000	  0.5223
892.0000	  0.7041
891.5000	  0.0171
891.0000	  0.5631
890.5000	  0.2014
890.0000	  0.1592
889.5000	  0.7702
889.0000	  0.6078
888.5000	  0.3023
888.0000	  0.2105
887.5000	  0.6727
887.0000	  0.2256
886.5000	  0.1434
886.0000	  0.2569
885.5000	  0.4400
885.0000	  0.4603
884.5000	  0.3569
884.0000	  0.2629
883.5000	  0.1659
883.0000	  0.3192
882.5000	  0.5537
882.0000	  0.2539
881.5000	  0.1716
881.0000	  0.4584
880.5000	  0.2743
880.0000	  0.2071
879.5000	  0.4841
879.0000	  0.4879
878.5000	  0.4371
878.0000	  0.5349
877.5000	  0.2622
877.0000	  0.3857
876.5000	  0.4134
876.0000	  0.4589
875.5000	  0.3943
875.0000	  0.3547
874.5000	  0.3519
874.0000	  0.4331
873.5000	  0.3004
873.0000	  0.3753
872.5000	  0.3838
872.0000	  0.3195
871.5000	  0.3901
871.0000	  0.3178
870.5000	  0.3211
870.0000	  0.3217
869.5000	  0.3656
869.0000	  0.3953
868.5000	  0.3392
868.0000	  0.3388
867.5000	  0.3876
867.0000	  0.3620
866.5000	  0.3016
866.0000	  0.3455
865.5000	  0.3285
865.0000	  0.3658
864.5000	  0.2719
864.0000	  0.3242
863.5000	  0.3464
863.0000	  0.2611
862.5000	  0.3460
862.0000	  0.3261
861.5000	  0.3275
861.0000	  0.3345
860.5000	  0.3103
860.0000	  0.3268
859.5000	  0.3500
859.0000	  0.3347
858.5000	  0.3214
858.0000	  0.3423
857.5000	  0.3254
857.0000	  0.3049
856.5000	  0.3209
856.0000	  0.3229
855.5000	  0.3149
855.0000	  0.3391
854.5000	  0.3154
854.0000	  0.3190
853.5000	  0.3022
853.0000	  0.3194
852.5000	  0.3245
852.0000	  0.3289
851.5000	  0.3338
851.0000	  0.3349
850.5000	  0.3363
850.0000	  0.3238
849.5000	  0.3186
849.0000	  0.3195
848.5000	  0.3313
848.0000	  0.3281
847.5000	  0.3280
847.0000	  0.3259
846.5000	  0.3352
846.0000	  0.3257
845.5000	  0.3278
845.0000	  0.3284
844.5000	  0.3255
844.0000	  0.3291
843.5000	  0.3330
843.0000	  0.3361
842.5000	  0.3264
842.0000	  0.3322
841.5000	  0.3270
841.0000	  0.3291
840.5000	  0.3252
840.0000	  0.3285
839.5000	  0.3320
839.0000	  0.3223
838.5000	  0.3255
838.0000	  0.3294
837.5000	  0.3303
837.0000	  0.3244
836.5000	  0.3323
836.0000	  0.3272
835.5000	  0.3287
835.0000	  0.3287
834.5000	  0.3283
834.0000	  0.3293
833.5000	  0.3307
833.0000	  0.3289
832.5000	  0.3271
832.0000	  0.3227
831.5000	  0.3305
831.0000	  0.3310
830.5000	  0.3248
830.0000	  0.3291
829.5000	  0.3283
829.0000	  0.3263
828.5000	  0.3293
828.0000	  0.3293
827.5000	  0.3301
827.0000	  0.3238
826.5000	  0.3282
826.0000	  0.3299
825.5000	  0.3296
825.0000	  0.3305
824.5000	  0.3298
824.0000	  0.3274
823.5000	  0.3279
823.0000	  0.3261
822.5000	  0.3313
822.0000	  0.3275
821.5000	  0.3285
821.0000	  0.3301
820.5000	  0.3282
820.0000	  0.3277
819.5000	  0.3268
819.0000	  0.3301
818.5000	  0.3302
818.0000	  0.3272
817.5000	  0.3298
817.0000	  0.3289
816.5000	  0.3297
816.0000	  0.3289
815.5000	  0.3270
815.0000	  0.3292
814.5000	  0.3274
814.0000	  0.3297
813.5000	  0.3288
813.0000	  0.3282
812.5000	  0.3304
812.0000	  0.3288
811.5000	  0.3278
811.0000	  0.3321
810.5000	  0.3285
810.0000	  0.3301
809.5000	  0.3288
809.0000	  0.3279
808.5000	  0.3288
808.0000	  0.3308
807.5000	  0.3300
807.0000	  0.3287
806.5000	  0.3278
806.0000	  0.3305
805.5000	  0.3295
805.0000	  0.3305
804.5000	  0.3298
804.0000	  0.3316
803.5000	  0.3324
803.0000	  0.3336
802.5000	  0.3289
802.0000	  0.3308
801.5000	  0.3305
801.0000	  0.3326
800.5000	  0.3306
800.0000	  0.3311
799.5000	  0.3330
799.0000	  0.3327
798.5000	  0.3325
798.0000	  0.3349
797.5000	  0.3334
797.0000	  0.3331
796.5000	  0.3350
796.0000	  0.3336
795.5000	  0.3336
795.0000	  0.3354
794.5000	  0.3337
794.0000	  0.3341
793.5000	  0.3340
793.0000	  0.3346
792.5000	  0.3343
792.0000	  0.3340
791.5000	  0.3355
791.0000	  0.3371
790.5000	  0.3353
790.0000	  0.3359
789.5000	  0.3365
789.0000	  0.3349
788.5000	  0.3358
788.0000	  0.3358
787.5000	  0.3359
787.0000	  0.3354
786.5000	  0.3381
786.0000	  0.3389
785.5000	  0.3375
785.0000	  0.3373
784.5000	  0.3387
784.0000	  0.3386
783.5000	  0.3375
783.0000	  0.3392
782.5000	  0.3398
782.0000	  0.3398
781.5000	  0.3390
781.0000	  0.3390
780.5000	  0.3375
780.0000	  0.3397
779.5000	  0.3412
779.0000	  0.3395
778.5000	  0.3410
778.0000	  0.3435
777.5000	  0.3429
777.0000	  0.3394
776.5000	  0.3431
776.0000	  0.3442
775.5000	  0.3409
775.0000	  0.3417
774.5000	  0.3440
774.0000	  0.3436
773.5000	  0.3448
773.0000	  0.3439
772.5000	  0.3444
772.0000	  0.3462
771.5000	  0.3447
771.0000	  0.3455
770.5000	  0.3464
770.0000	  0.3447
769.5000	  0.3460
769.0000	  0.3488
768.5000	  0.3456
768.0000	  0.3479
767.5000	  0.3475
767.0000	  0.3487
766.5000	  0.3488
766.0000	  0.3481
765.5000	  0.3501
765.0000	  0.3485
764.5000	  0.3496
764.0000	  0.3501
763.5000	  0.3488
763.0000	  0.3508
762.5000	  0.3513
762.0000	  0.3498
761.5000	  0.3518
761.0000	  0.3526
760.5000	  0.3537
760.0000	  0.3540
759.5000	  0.3522
759.0000	  0.3539
758.5000	  0.3557
758.0000	  0.3541
757.5000	  0.3546
757.0000	  0.3544
756.5000	  0.3549
756.0000	  0.3576
755.5000	  0.3558
755.0000	  0.3568
754.5000	  0.3567
754.0000	  0.3569
753.5000	  0.3593
753.0000	  0.3586
752.5000	  0.3579
752.0000	  0.3599
751.5000	  0.3603
751.0000	  0.3607
750.5000	  0.3581
750.0000	  0.3624
749.5000	  0.3627
749.0000	  0.3600
748.5000	  0.3634
748.0000	  0.3626
747.5000	  0.3637
747.0000	  0.3648
746.5000	  0.3624
746.0000	  0.3652
745.5000	  0.3660
745.0000	  0.3674
744.5000	  0.3675
744.0000	  0.3648
743.5000	  0.3686
743.0000	  0.3677
742.5000	  0.3685
742.0000	  0.3699
741.5000	  0.3696
741.0000	  0.3710
740.5000	  0.3713
740.0000	  0.3708
739.5000	  0.3717
739.0000	  0.3720
738.5000	  0.3750
738.0000	  0.3725
737.5000	  0.3736
737.0000	  0.3751
736.5000	  0.3748
736.0000	  0.3768
735.5000	  0.3773
735.0000	  0.3773
734.5000	  0.3801
734.0000	  0.3784
733.5000	  0.3786
733.0000	  0.3806
732.5000	  0.3801
732.0000	  0.3834
731.5000	  0.3826
731.0000	  0.3833
730.5000	  0.3829
730.0000	  0.3852
729.5000	  0.3878
729.0000	  0.3863
728.5000	  0.3897
728.0000	  0.3890
727.5000	  0.3907
727.0000	  0.3914
726.5000	  0.3930
726.0000	  0.3935
725.5000	  0.3961
725.0000	  0.3987
724.5000	  0.3961
724.0000	  0.4007
723.5000	  0.4032
723.0000	  0.4028
722.5000	  0.4065
722.0000	  0.4064
721.5000	  0.4105
721.0000	  0.4080
720.5000	  0.4159
720.0000	  0.4158
719.5000	  0.4160
719.0000	  0.4200
718.5000	  0.4217
718.0000	  0.4232
717.5000	  0.4240
717.0000	  0.4245
716.5000	  0.4269
716.0000	  0.4273
715.5000	  0.4278
715.0000	  0.4229
714.5000	  0.4234
714.0000	  0.4231
713.5000	  0.4203
713.0000	  0.4198
712.5000	  0.4196
712.0000	  0.4190
711.5000	  0.4177
711.0000	  0.4161
710.5000	  0.4141
710.0000	  0.4150
709.5000	  0.4160
709.0000	  0.4131
708.5000	  0.4152
708.0000	  0.4151
707.5000	  0.4154
707.0000	  0.4148
706.5000	  0.4168
706.0000	  0.4164
705.5000	  0.4170
705.0000	  0.4195
704.5000	  0.4184
704.0000	  0.4200
703.5000	  0.4217
703.0000	  0.4218
702.5000	  0.4219
702.0000	  0.4230
701.5000	  0.4252
701.0000	  0.4251
700.5000	  0.4258
700.0000	  0.4258
699.5000	  0.4263
699.0000	  0.4270
698.5000	  0.4278
698.0000	  0.4286
697.5000	  0.4289
697.0000	  0.4305
696.5000	  0.4312
696.0000	  0.4333
695.5000	  0.4337
695.0000	  0.4331
694.5000	  0.4351
694.0000	  0.4360
693.5000	  0.4356
693.0000	  0.4361
692.5000	  0.4384
692.0000	  0.4389
691.5000	  0.4397
691.0000	  0.4402
690.5000	  0.4412
690.0000	  0.4423
689.5000	  0.4422
689.0000	  0.4438
688.5000	  0.4434
688.0000	  0.4465
687.5000	  0.4464
687.0000	  0.4469
686.5000	  0.4466
686.0000	  0.4504
685.5000	  0.4492
685.0000	  0.4532
684.5000	  0.4512
684.0000	  0.4526
683.5000	  0.4519
683.0000	  0.4553
682.5000	  0.4548
682.0000	  0.4569
681.5000	  0.4581
681.0000	  0.4590
680.5000	  0.4583
680.0000	  0.4597
679.5000	  0.4615
679.0000	  0.4612
678.5000	  0.4657
678.0000	  0.4615
677.5000	  0.4652
677.0000	  0.4648
676.5000	  0.4682
676.0000	  0.4651
675.5000	  0.4694
675.0000	  0.4679
674.5000	  0.4719
674.0000	  0.4701
673.5000	  0.4726
673.0000	  0.4718
672.5000	  0.4755
672.0000	  0.4738
671.5000	  0.4763
671.0000	  0.4758
670.5000	  0.4785
670.0000	  0.4776
669.5000	  0.4804
669.0000	  0.4795
668.5000	  0.4812
668.0000	  0.4820
667.5000	  0.4844
667.0000	  0.4834
666.5000	  0.4850
666.0000	  0.4862
665.5000	  0.4861
665.0000	  0.4887
664.5000	  0.4880
664.0000	  0.4908
663.5000	  0.4898
663.0000	  0.4926
662.5000	  0.4918
662.0000	  0.4940
661.5000	  0.4949
661.0000	  0.4965
660.5000	  0.4957
660.0000	  0.4987
659.5000	  0.4972
659.0000	  0.5001
658.5000	  0.5002
658.0000	  0.5013
657.5000	  0.5016
657.0000	  0.5052
656.5000	  0.5038
656.0000	  0.5058
655.5000	  0.5055
655.0000	  0.5075
654.5000	  0.5076
654.0000	  0.5098
653.5000	  0.5100
653.0000	  0.5107
652.5000	  0.5112
652.0000	  0.5140
651.5000	  0.5129
651.0000	  0.5159
650.5000	  0.5153
650.0000	  0.5173
649.5000	  0.5184
649.0000	  0.5191
648.5000	  0.5197
648.0000	  0.5201
647.5000	  0.5227
647.0000	  0.5218
646.5000	  0.5247
646.0000	  0.5241
645.5000	  0.5256
645.0000	  0.5260
644.5000	  0.5274
644.0000	  0.5268
643.5000	  0.5299
643.0000	  0.5302
642.5000	  0.5312
642.0000	  0.5318
641.5000	  0.5326
641.0000	  0.5334
640.5000	  0.5345
640.0000	  0.5356
639.5000	  0.5358
639.0000	  0.5372
638.5000	  0.5382
638.0000	  0.5377
637.5000	  0.5393
637.0000	  0.5408
636.5000	  0.5409
636.0000	  0.5425
635.5000	  0.5431
635.0000	  0.5442
634.5000	  0.5455
634.0000	  0.5471
633.5000	  0.5470
633.0000	  0.5480
632.5000	  0.5501
632.0000	  0.5507
631.5000	  0.5526
631.0000	  0.5526
630.5000	  0.5553
630.0000	  0.5566
629.5000	  0.5593
629.0000	  0.5586
628.5000	  0.5612
628.0000	  0.5646
627.5000	  0.5662
627.0000	  0.5681
626.5000	  0.5702
626.0000	  0.5733
625.5000	  0.5749
625.0000	  0.5780
624.5000	  0.5788
624.0000	  0.5813
623.5000	  0.5843
623.0000	  0.5855
622.5000	  0.5867
622.0000	  0.5890
621.5000	  0.5910
621.0000	  0.5921
620.5000	  0.5946
620.0000	  0.5940
619.5000	  0.5967
619.0000	  0.5992
618.5000	  0.6002
618.0000	  0.5999
617.5000	  0.6007
617.0000	  0.6019
616.5000	  0.6035
616.0000	  0.6053
615.5000	  0.6036
615.0000	  0.6050
614.5000	  0.6061
614.0000	  0.6072
613.5000	  0.6086
613.0000	  0.6087
612.5000	  0.6100
612.0000	  0.6110
611.5000	  0.6139
611.0000	  0.6123
610.5000	  0.6136
610.0000	  0.6153
609.5000	  0.6171
609.0000	  0.6185
608.5000	  0.6190
608.0000	  0.6202
607.5000	  0.6218
607.0000	  0.6226
606.5000	  0.6215
606.0000	  0.6242
605.5000	  0.6250
605.0000	  0.6271
604.5000	  0.6271
604.0000	  0.6277
603.5000	  0.6309
603.0000	  0.6314
602.5000	  0.6321
602.0000	  0.6325
601.5000	  0.6344
601.0000	  0.6351
600.5000	  0.6367
600.0000	  0.6383
599.5000	  0.6382
599.0000	  0.6406
598.5000	  0.6404
598.0000	  0.6426
597.5000	  0.6436
597.0000	  0.6442
596.5000	  0.6463
596.0000	  0.6471
595.5000	  0.6488
595.0000	  0.6489
594.5000	  0.6506
594.0000	  0.6514
593.5000	  0.6531
593.0000	  0.6538
592.5000	  0.6540
592.0000	  0.6544
591.5000	  0.6570
591.0000	  0.6581
590.5000	  0.6577
590.0000	  0.6592
589.5000	  0.6613
589.0000	  0.6613
588.5000	  0.6630
588.0000	  0.6634
587.5000	  0.6637
587.0000	  0.6659
586.5000	  0.6680
586.0000	  0.6673
585.5000	  0.6695
585.0000	  0.6704
584.5000	  0.6713
584.0000	  0.6713
583.5000	  0.6732
583.0000	  0.6746
582.5000	  0.6752
582.0000	  0.6779
581.5000	  0.6763
581.0000	  0.6787
580.5000	  0.6783
580.0000	  0.6800
579.5000	  0.6814
579.0000	  0.6821
578.5000	  0.6836
578.0000	  0.6835
577.5000	  0.6859
577.0000	  0.6850
576.5000	  0.6880
576.0000	  0.6882
575.5000	  0.6890
575.0000	  0.6915
574.5000	  0.6912
574.0000	  0.6915
573.5000	  0.6943
573.0000	  0.6945
572.5000	  0.6947
572.0000	  0.6972
571.5000	  0.6977
571.0000	  0.6978
570.5000	  0.6996
570.0000	  0.6989
569.5000	  0.7007
569.0000	  0.7013
568.5000	  0.7033
568.0000	  0.7018
567.5000	  0.7057
567.0000	  0.7057
566.5000	  0.7062
566.0000	  0.7084
565.5000	  0.7070
565.0000	  0.7098
564.5000	  0.7111
564.0000	  0.7117
563.5000	  0.7110
563.0000	  0.7140
562.5000	  0.7141
562.0000	  0.7148
561.5000	  0.7168
561.0000	  0.7166
560.5000	  0.7182
560.0000	  0.7167
559.5000	  0.7183
559.0000	  0.7190
558.5000	  0.7191
558.0000	  0.7219
557.5000	  0.7215
557.0000	  0.7217
556.5000	  0.7225
556.0000	  0.7257
555.5000	  0.7244
555.0000	  0.7258
554.5000	  0.7266
554.0000	  0.7274
553.5000	  0.7286
553.0000	  0.7290
552.5000	  0.7303
552.0000	  0.7312
551.5000	  0.7320
551.0000	  0.7312
550.5000	  0.7342
550.0000	  0.7342
549.5000	  0.7355
549.0000	  0.7367
548.5000	  0.7362
548.0000	  0.7379
547.5000	  0.7378
547.0000	  0.7398
546.5000	  0.7391
546.0000	  0.7409
545.5000	  0.7418
545.0000	  0.7410
544.5000	  0.7439
544.0000	  0.7424
543.5000	  0.7446
543.0000	  0.7454
542.5000	  0.7462
542.0000	  0.7462
541.5000	  0.7466
541.0000	  0.7474
540.5000	  0.7479
540.0000	  0.7504
539.5000	  0.7496
539.0000	  0.7511
538.5000	  0.7521
538.0000	  0.7517
537.5000	  0.7523
537.0000	  0.7536
536.5000	  0.7539
536.0000	  0.7543
535.5000	  0.7563
535.0000	  0.7554
534.5000	  0.7571
534.0000	  0.7565
533.5000	  0.7580
533.0000	  0.7586
532.5000	  0.7585
532.0000	  0.7597
531.5000	  0.7597
531.0000	  0.7615
530.5000	  0.7611
530.0000	  0.7625
529.5000	  0.7623
529.0000	  0.7640
528.5000	  0.7636
528.0000	  0.7639
527.5000	  0.7636
527.0000	  0.7646
526.5000	  0.7666
526.0000	  0.7649
525.5000	  0.7667
525.0000	  0.7673
524.5000	  0.7675
524.0000	  0.7688
523.5000	  0.7681
523.0000	  0.7694
522.5000	  0.7690
522.0000	  0.7697
521.5000	  0.7697
521.0000	  0.7708
520.5000	  0.7703
520.0000	  0.7720
519.5000	  0.7724
519.0000	  0.7703
518.5000	  0.7724
518.0000	  0.7721
517.5000	  0.7736
517.0000	  0.7727
516.5000	  0.7729
516.0000	  0.7735
515.5000	  0.7727
515.0000	  0.7751
514.5000	  0.7740
514.0000	  0.7755
513.5000	  0.7753
513.0000	  0.7760
512.5000	  0.7762
512.0000	  0.7765
511.5000	  0.7757
511.0000	  0.7768
510.5000	  0.7787
510.0000	  0.7761
509.5000	  0.7774
509.0000	  0.7784
508.5000	  0.7788
508.0000	  0.7797
507.5000	  0.7794
507.0000	  0.7811
506.5000	  0.7815
506.0000	  0.7837
505.5000	  0.7821
505.0000	  0.7837
504.5000	  0.7849
504.0000	  0.7857
503.5000	  0.7864
503.0000	  0.7856
502.5000	  0.7869
502.0000	  0.7882
501.5000	  0.7904
501.0000	  0.7888
500.5000	  0.7914
500.0000	  0.7912
499.5000	  0.7913
499.0000	  0.7937
498.5000	  0.7927
498.0000	  0.7933
497.5000	  0.7942
497.0000	  0.7962
496.5000	  0.7929
496.0000	  0.7934
495.5000	  0.7945
495.0000	  0.7959
494.5000	  0.7967
494.0000	  0.7948
493.5000	  0.7953
493.0000	  0.7952
492.5000	  0.7969
492.0000	  0.7959
491.5000	  0.7958
491.0000	  0.7966
490.5000	  0.7953
490.0000	  0.7969
489.5000	  0.7926
489.0000	  0.7849
488.5000	  0.7933
488.0000	  0.7940
487.5000	  0.7899
487.0000	  0.7998
486.5000	  0.7935
486.0000	  0.7927
485.5000	  0.7931
485.0000	  0.7911
484.5000	  0.7917
484.0000	  0.7919
483.5000	  0.7917
483.0000	  0.7911
482.5000	  0.7899
482.0000	  0.7889
481.5000	  0.7905
481.0000	  0.7912
480.5000	  0.7896
480.0000	  0.7895
479.5000	  0.7896
479.0000	  0.7901
478.5000	  0.7890
478.0000	  0.7879
477.5000	  0.7896
477.0000	  0.7882
476.5000	  0.7899
476.0000	  0.7881
475.5000	  0.7872
475.0000	  0.7886
474.5000	  0.7881
474.0000	  0.7892
473.5000	  0.7873
473.0000	  0.7874
472.5000	  0.7878
472.0000	  0.7877
471.5000	  0.7865
471.0000	  0.7886
470.5000	  0.7874
470.0000	  0.7897
469.5000	  0.7897
469.0000	  0.7870
468.5000	  0.7891
468.0000	  0.7884
467.5000	  0.7892
467.0000	  0.7891
466.5000	  0.7887
466.0000	  0.7893
465.5000	  0.7919
465.0000	  0.7910
464.5000	  0.7900
464.0000	  0.7918
463.5000	  0.7904
463.0000	  0.7928
462.5000	  0.7941
462.0000	  0.7910
461.5000	  0.7941
461.0000	  0.7962
460.5000	  0.7966
460.0000	  0.7930
459.5000	  0.7953
459.0000	  0.7954
458.5000	  0.7965
458.0000	  0.7981
457.5000	  0.7951
457.0000	  0.7989
456.5000	  0.7980
456.0000	  0.7971
455.5000	  0.7947
455.0000	  0.7960
454.5000	  0.7951
454.0000	  0.7949
453.5000	  0.7958
453.0000	  0.7905
452.5000	  0.7916
452.0000	  0.7895
451.5000	  0.7877
451.0000	  0.7860
450.5000	  0.7869
450.0000	  0.7843
449.5000	  0.7814
449.0000	  0.7803
448.5000	  0.7786
448.0000	  0.7779
447.5000	  0.7769
447.0000	  0.7751
446.5000	  0.7728
446.0000	  0.7707
445.5000	  0.7706
445.0000	  0.7681
444.5000	  0.7702
444.0000	  0.7648
443.5000	  0.7657
443.0000	  0.7642
442.5000	  0.7632
442.0000	  0.7613
441.5000	  0.7615
441.0000	  0.7594
440.5000	  0.7596
440.0000	  0.7593
439.5000	  0.7569
439.0000	  0.7571
438.5000	  0.7574
438.0000	  0.7584
437.5000	  0.7549
437.0000	  0.7561
436.5000	  0.7553
436.0000	  0.7549
435.5000	  0.7547
435.0000	  0.7529
434.5000	  0.7533
434.0000	  0.7538
433.5000	  0.7538
433.0000	  0.7502
432.5000	  0.7507
432.0000	  0.7529
431.5000	  0.7520
431.0000	  0.7499
430.5000	  0.7490
430.0000	  0.7496
429.5000	  0.7512
429.0000	  0.7503
428.5000	  0.7486
428.0000	  0.7493
427.5000	  0.7478
427.0000	  0.7501
426.5000	  0.7467
426.0000	  0.7477
425.5000	  0.7491
425.0000	  0.7489
424.5000	  0.7476
424.0000	  0.7484
423.5000	  0.7468
423.0000	  0.7476
422.5000	  0.7489
422.0000	  0.7474
421.5000	  0.7467
421.0000	  0.7468
420.5000	  0.7486
420.0000	  0.7453
419.5000	  0.7469
419.0000	  0.7471
418.5000	  0.7465
418.0000	  0.7472
417.5000	  0.7466
417.0000	  0.7485
416.5000	  0.7469
416.0000	  0.7485
415.5000	  0.7445
415.0000	  0.7454
414.5000	  0.7473
414.0000	  0.7482
413.5000	  0.7470
413.0000	  0.7465
412.5000	  0.7463
412.0000	  0.7474
411.5000	  0.7478
411.0000	  0.7456
410.5000	  0.7449
410.0000	  0.7463
409.5000	  0.7487
409.0000	  0.7454
408.5000	  0.7476
408.0000	  0.7450
407.5000	  0.7467
407.0000	  0.7433
406.5000	  0.7440
406.0000	  0.7445
405.5000	  0.7456
405.0000	  0.7444
404.5000	  0.7445
404.0000	  0.7455
403.5000	  0.7475
403.0000	  0.7439
402.5000	  0.7431
402.0000	  0.7452
401.5000	  0.7431
401.0000	  0.7463
400.5000	  0.7458
400.0000	  0.7455
399.5000	  0.7450
399.0000	  0.7431
398.5000	  0.7487
398.0000	  0.7396
397.5000	  0.7447
397.0000	  0.7470
396.5000	  0.7478
396.0000	  0.7444
395.5000	  0.7454
395.0000	  0.7441
394.5000	  0.7458
394.0000	  0.7433
393.5000	  0.7432
393.0000	  0.7446
392.5000	  0.7454
392.0000	  0.7475
391.5000	  0.7439
391.0000	  0.7502
390.5000	  0.7466
390.0000	  0.7514
389.5000	  0.7517
389.0000	  0.7472
388.5000	  0.7485
388.0000	  0.7501
387.5000	  0.7508
387.0000	  0.7473
386.5000	  0.7498
386.0000	  0.7501
385.5000	  0.7528
385.0000	  0.7539
384.5000	  0.7526
384.0000	  0.7514
383.5000	  0.7549
383.0000	  0.7560
382.5000	  0.7561
382.0000	  0.7555
381.5000	  0.7564
381.0000	  0.7604
380.5000	  0.7533
380.0000	  0.7557
379.5000	  0.7539
379.0000	  0.7567
378.5000	  0.7583
378.0000	  0.7544
377.5000	  0.7536
377.0000	  0.7637
376.5000	  0.7622
376.0000	  0.7550
375.5000	  0.7579
375.0000	  0.7596
374.5000	  0.7633
374.0000	  0.7631
373.5000	  0.7644
373.0000	  0.7637
372.5000	  0.7560
372.0000	  0.7679
371.5000	  0.7595
371.0000	  0.7578
370.5000	  0.7591
370.0000	  0.7630
369.5000	  0.7577
369.0000	  0.7663
368.5000	  0.7667
368.0000	  0.7685
367.5000	  0.7594
367.0000	  0.7638
366.5000	  0.7670
366.0000	  0.7720
365.5000	  0.7671
365.0000	  0.7609
364.5000	  0.7573
364.0000	  0.7700
363.5000	  0.7757
363.0000	  0.7562
362.5000	  0.7732
362.0000	  0.7704
361.5000	  0.7707
361.0000	  0.7743
360.5000	  0.7576
360.0000	  0.7665
359.5000	  0.7657
359.0000	  0.7634
358.5000	  0.7647
358.0000	  0.7650
357.5000	  0.7801
357.0000	  0.7775
356.5000	  0.7734
356.0000	  0.7706
355.5000	  0.7684
355.0000	  0.7802
354.5000	  0.7764
354.0000	  0.7769
353.5000	  0.7741
353.0000	  0.7763
352.5000	  0.7825
352.0000	  0.7726
351.5000	  0.7743
351.0000	  0.7746
350.5000	  0.7815
350.0000	  0.7765
