26/05/2023 15.26.31
26/05/2023 15.33.52

900.0000	 48.5700

900.0000	 48.5700

900.0000	 87.6900



  1.0000
900.0000
  3.0000
340.0000
  1.0000
1101.0000
  5.0000
  6.0000
  1.0000
  1.0000
  0.0000
  0.0000
100.0000
  0.0000
  1.0000
  0.0000
500.0000
900.0000
350.0000
  4.0000
  1.0000
 18.0000
  2.0000
  1.0000
255.0000
  0.9041
  1.0000
 30.0000
  4.0000
500.0000
  0.0000
  0.0000
  4.0000
900.0000
350.0000
  0.0000
100.0000
  0.0000
  1.0000
  0.0000
500.0000
  1.0000
  1.0000
  1.0000
  1.0000
  4.0000
  0.0000
  1.0000
  1.0000
  1.0000
  1.0000
  1.0000
  2.0000
  1.0000
  1.0000
  1.0000
  3.0000
  1.0000
  1.0000
  1.0000
  4.0000
  5.0000
440.640
0.000
900.0000	  0.7580
899.5000	  0.7512
899.0000	  0.6165
898.5000	  0.6457
898.0000	  0.6642
897.5000	  0.6811
897.0000	  0.6663
896.5000	  0.7095
896.0000	  0.7549
895.5000	  0.6893
895.0000	  0.7148
894.5000	  0.6769
894.0000	  0.8169
893.5000	  0.8685
893.0000	  0.7641
892.5000	  0.6900
892.0000	  0.6534
891.5000	  0.7610
891.0000	  0.7964
890.5000	  0.6234
890.0000	  0.6579
889.5000	  0.6631
889.0000	  0.6941
888.5000	  0.6801
888.0000	  0.7402
887.5000	  0.6992
887.0000	  0.6786
886.5000	  0.6033
886.0000	  0.6987
885.5000	  0.7070
885.0000	  0.7130
884.5000	  0.6932
884.0000	  0.7184
883.5000	  0.6824
883.0000	  0.7046
882.5000	  0.7076
882.0000	  0.6946
881.5000	  0.7333
881.0000	  0.6820
880.5000	  0.7161
880.0000	  0.7112
879.5000	  0.6904
879.0000	  0.6421
878.5000	  0.7140
878.0000	  0.6979
877.5000	  0.6917
877.0000	  0.6738
876.5000	  0.6965
876.0000	  0.6857
875.5000	  0.7027
875.0000	  0.7251
874.5000	  0.6830
874.0000	  0.6991
873.5000	  0.6978
873.0000	  0.7009
872.5000	  0.6762
872.0000	  0.6908
871.5000	  0.6956
871.0000	  0.6972
870.5000	  0.6860
870.0000	  0.6990
869.5000	  0.7029
869.0000	  0.7122
868.5000	  0.6863
868.0000	  0.6875
867.5000	  0.6910
867.0000	  0.6906
866.5000	  0.6870
866.0000	  0.6791
865.5000	  0.6946
865.0000	  0.6922
864.5000	  0.6890
864.0000	  0.6930
863.5000	  0.6922
863.0000	  0.6901
862.5000	  0.6815
862.0000	  0.6933
861.5000	  0.6938
861.0000	  0.6936
860.5000	  0.6896
860.0000	  0.6968
859.5000	  0.6900
859.0000	  0.6868
858.5000	  0.6943
858.0000	  0.6956
857.5000	  0.6901
857.0000	  0.6891
856.5000	  0.6892
856.0000	  0.6876
855.5000	  0.6897
855.0000	  0.6901
854.5000	  0.6886
854.0000	  0.6914
853.5000	  0.6887
853.0000	  0.6859
852.5000	  0.6877
852.0000	  0.6904
851.5000	  0.6860
851.0000	  0.6896
850.5000	  0.6884
850.0000	  0.6864
849.5000	  0.6880
849.0000	  0.6872
848.5000	  0.6850
848.0000	  0.6881
847.5000	  0.6853
847.0000	  0.6844
846.5000	  0.6870
846.0000	  0.6867
845.5000	  0.6838
845.0000	  0.6857
844.5000	  0.6872
844.0000	  0.6843
843.5000	  0.6818
843.0000	  0.6862
842.5000	  0.6854
842.0000	  0.6817
841.5000	  0.6862
841.0000	  0.6856
840.5000	  0.6843
840.0000	  0.6843
839.5000	  0.6796
839.0000	  0.6816
838.5000	  0.6831
838.0000	  0.6810
837.5000	  0.6796
837.0000	  0.6812
836.5000	  0.6801
836.0000	  0.6774
835.5000	  0.6791
835.0000	  0.6781
834.5000	  0.6798
834.0000	  0.6787
833.5000	  0.6768
833.0000	  0.6758
832.5000	  0.6765
832.0000	  0.6753
831.5000	  0.6748
831.0000	  0.6763
830.5000	  0.6751
830.0000	  0.6737
829.5000	  0.6730
829.0000	  0.6740
828.5000	  0.6715
828.0000	  0.6717
827.5000	  0.6718
827.0000	  0.6708
826.5000	  0.6711
826.0000	  0.6695
825.5000	  0.6713
825.0000	  0.6690
824.5000	  0.6704
824.0000	  0.6675
823.5000	  0.6682
823.0000	  0.6694
822.5000	  0.6673
822.0000	  0.6661
821.5000	  0.6654
821.0000	  0.6664
820.5000	  0.6657
820.0000	  0.6658
819.5000	  0.6643
819.0000	  0.6651
818.5000	  0.6651
818.0000	  0.6644
817.5000	  0.6636
817.0000	  0.6636
816.5000	  0.6624
816.0000	  0.6618
815.5000	  0.6620
815.0000	  0.6614
814.5000	  0.6603
814.0000	  0.6618
813.5000	  0.6607
813.0000	  0.6609
812.5000	  0.6606
812.0000	  0.6612
811.5000	  0.6580
811.0000	  0.6588
810.5000	  0.6580
810.0000	  0.6582
809.5000	  0.6584
809.0000	  0.6581
808.5000	  0.6554
808.0000	  0.6572
807.5000	  0.6561
807.0000	  0.6565
806.5000	  0.6562
806.0000	  0.6546
805.5000	  0.6548
805.0000	  0.6544
804.5000	  0.6562
804.0000	  0.6547
803.5000	  0.6545
803.0000	  0.6537
802.5000	  0.6538
802.0000	  0.6533
801.5000	  0.6533
801.0000	  0.6521
800.5000	  0.6511
800.0000	  0.6522
799.5000	  0.6514
799.0000	  0.6510
798.5000	  0.6522
798.0000	  0.6506
797.5000	  0.6497
797.0000	  0.6496
796.5000	  0.6496
796.0000	  0.6500
795.5000	  0.6502
795.0000	  0.6475
794.5000	  0.6475
794.0000	  0.6489
793.5000	  0.6492
793.0000	  0.6479
792.5000	  0.6479
792.0000	  0.6465
791.5000	  0.6474
791.0000	  0.6458
790.5000	  0.6460
790.0000	  0.6459
789.5000	  0.6451
789.0000	  0.6466
788.5000	  0.6449
788.0000	  0.6439
787.5000	  0.6432
787.0000	  0.6440
786.5000	  0.6436
786.0000	  0.6435
785.5000	  0.6436
785.0000	  0.6434
784.5000	  0.6420
784.0000	  0.6432
783.5000	  0.6417
783.0000	  0.6418
782.5000	  0.6425
782.0000	  0.6409
781.5000	  0.6412
781.0000	  0.6412
780.5000	  0.6394
780.0000	  0.6397
779.5000	  0.6392
779.0000	  0.6394
778.5000	  0.6404
778.0000	  0.6403
777.5000	  0.6376
777.0000	  0.6378
776.5000	  0.6376
776.0000	  0.6395
775.5000	  0.6371
775.0000	  0.6365
774.5000	  0.6373
774.0000	  0.6351
773.5000	  0.6343
773.0000	  0.6360
772.5000	  0.6345
772.0000	  0.6351
771.5000	  0.6354
771.0000	  0.6334
770.5000	  0.6351
770.0000	  0.6334
769.5000	  0.6341
769.0000	  0.6340
768.5000	  0.6334
768.0000	  0.6337
767.5000	  0.6324
767.0000	  0.6319
766.5000	  0.6317
766.0000	  0.6307
765.5000	  0.6312
765.0000	  0.6326
764.5000	  0.6295
764.0000	  0.6309
763.5000	  0.6291
763.0000	  0.6295
762.5000	  0.6307
762.0000	  0.6280
761.5000	  0.6306
761.0000	  0.6288
760.5000	  0.6278
760.0000	  0.6291
759.5000	  0.6273
759.0000	  0.6282
758.5000	  0.6292
758.0000	  0.6261
757.5000	  0.6267
757.0000	  0.6262
756.5000	  0.6251
756.0000	  0.6270
755.5000	  0.6245
755.0000	  0.6262
754.5000	  0.6246
754.0000	  0.6240
753.5000	  0.6260
753.0000	  0.6243
752.5000	  0.6247
752.0000	  0.6243
751.5000	  0.6219
751.0000	  0.6242
750.5000	  0.6223
750.0000	  0.6235
749.5000	  0.6226
749.0000	  0.6220
748.5000	  0.6233
748.0000	  0.6213
747.5000	  0.6231
747.0000	  0.6232
746.5000	  0.6209
746.0000	  0.6225
745.5000	  0.6223
745.0000	  0.6207
744.5000	  0.6228
744.0000	  0.6193
743.5000	  0.6209
743.0000	  0.6213
742.5000	  0.6191
742.0000	  0.6221
741.5000	  0.6194
741.0000	  0.6202
740.5000	  0.6199
740.0000	  0.6183
739.5000	  0.6216
739.0000	  0.6202
738.5000	  0.6188
738.0000	  0.6206
737.5000	  0.6188
737.0000	  0.6205
736.5000	  0.6181
736.0000	  0.6204
735.5000	  0.6189
735.0000	  0.6183
734.5000	  0.6200
734.0000	  0.6175
733.5000	  0.6189
733.0000	  0.6203
732.5000	  0.6199
732.0000	  0.6209
731.5000	  0.6183
731.0000	  0.6212
730.5000	  0.6202
730.0000	  0.6200
729.5000	  0.6224
729.0000	  0.6210
728.5000	  0.6228
728.0000	  0.6223
727.5000	  0.6224
727.0000	  0.6240
726.5000	  0.6245
726.0000	  0.6266
725.5000	  0.6250
725.0000	  0.6289
724.5000	  0.6287
724.0000	  0.6316
723.5000	  0.6309
723.0000	  0.6326
722.5000	  0.6349
722.0000	  0.6359
721.5000	  0.6401
721.0000	  0.6387
720.5000	  0.6424
720.0000	  0.6444
719.5000	  0.6481
719.0000	  0.6485
718.5000	  0.6497
718.0000	  0.6538
717.5000	  0.6517
717.0000	  0.6537
716.5000	  0.6507
716.0000	  0.6489
715.5000	  0.6493
715.0000	  0.6451
714.5000	  0.6425
714.0000	  0.6385
713.5000	  0.6363
713.0000	  0.6325
712.5000	  0.6299
712.0000	  0.6274
711.5000	  0.6249
711.0000	  0.6222
710.5000	  0.6185
710.0000	  0.6186
709.5000	  0.6151
709.0000	  0.6137
708.5000	  0.6132
708.0000	  0.6111
707.5000	  0.6107
707.0000	  0.6098
706.5000	  0.6113
706.0000	  0.6086
705.5000	  0.6094
705.0000	  0.6088
704.5000	  0.6100
704.0000	  0.6092
703.5000	  0.6079
703.0000	  0.6095
702.5000	  0.6082
702.0000	  0.6093
701.5000	  0.6081
701.0000	  0.6094
700.5000	  0.6070
700.0000	  0.6084
699.5000	  0.6076
699.0000	  0.6079
698.5000	  0.6075
698.0000	  0.6082
697.5000	  0.6092
697.0000	  0.6069
696.5000	  0.6079
696.0000	  0.6064
695.5000	  0.6083
695.0000	  0.6059
694.5000	  0.6072
694.0000	  0.6064
693.5000	  0.6070
693.0000	  0.6068
692.5000	  0.6072
692.0000	  0.6067
691.5000	  0.6061
691.0000	  0.6073
690.5000	  0.6048
690.0000	  0.6067
689.5000	  0.6054
689.0000	  0.6074
688.5000	  0.6047
688.0000	  0.6062
687.5000	  0.6057
687.0000	  0.6061
686.5000	  0.6053
686.0000	  0.6056
685.5000	  0.6063
685.0000	  0.6061
684.5000	  0.6050
684.0000	  0.6050
683.5000	  0.6060
683.0000	  0.6058
682.5000	  0.6064
682.0000	  0.6049
681.5000	  0.6058
681.0000	  0.6052
680.5000	  0.6055
680.0000	  0.6058
679.5000	  0.6062
679.0000	  0.6059
678.5000	  0.6055
678.0000	  0.6056
677.5000	  0.6058
677.0000	  0.6060
676.5000	  0.6063
676.0000	  0.6069
675.5000	  0.6070
675.0000	  0.6061
674.5000	  0.6065
674.0000	  0.6066
673.5000	  0.6076
673.0000	  0.6067
672.5000	  0.6078
672.0000	  0.6068
671.5000	  0.6076
671.0000	  0.6061
670.5000	  0.6075
670.0000	  0.6070
669.5000	  0.6084
669.0000	  0.6065
668.5000	  0.6080
668.0000	  0.6078
667.5000	  0.6081
667.0000	  0.6089
666.5000	  0.6086
666.0000	  0.6080
665.5000	  0.6086
665.0000	  0.6092
664.5000	  0.6085
664.0000	  0.6094
663.5000	  0.6098
663.0000	  0.6100
662.5000	  0.6108
662.0000	  0.6103
661.5000	  0.6107
661.0000	  0.6106
660.5000	  0.6108
660.0000	  0.6109
659.5000	  0.6110
659.0000	  0.6116
658.5000	  0.6125
658.0000	  0.6109
657.5000	  0.6119
657.0000	  0.6130
656.5000	  0.6127
656.0000	  0.6135
655.5000	  0.6131
655.0000	  0.6126
654.5000	  0.6135
654.0000	  0.6139
653.5000	  0.6143
653.0000	  0.6142
652.5000	  0.6140
652.0000	  0.6149
651.5000	  0.6157
651.0000	  0.6142
650.5000	  0.6163
650.0000	  0.6162
649.5000	  0.6171
649.0000	  0.6164
648.5000	  0.6171
648.0000	  0.6173
647.5000	  0.6175
647.0000	  0.6185
646.5000	  0.6175
646.0000	  0.6190
645.5000	  0.6182
645.0000	  0.6193
644.5000	  0.6183
644.0000	  0.6195
643.5000	  0.6200
643.0000	  0.6198
642.5000	  0.6211
642.0000	  0.6207
641.5000	  0.6220
641.0000	  0.6216
640.5000	  0.6224
640.0000	  0.6217
639.5000	  0.6225
639.0000	  0.6233
638.5000	  0.6235
638.0000	  0.6246
637.5000	  0.6235
637.0000	  0.6251
636.5000	  0.6246
636.0000	  0.6256
635.5000	  0.6252
635.0000	  0.6257
634.5000	  0.6261
634.0000	  0.6269
633.5000	  0.6271
633.0000	  0.6275
632.5000	  0.6284
632.0000	  0.6289
631.5000	  0.6307
631.0000	  0.6299
630.5000	  0.6320
630.0000	  0.6319
629.5000	  0.6342
629.0000	  0.6353
628.5000	  0.6357
628.0000	  0.6384
627.5000	  0.6389
627.0000	  0.6420
626.5000	  0.6419
626.0000	  0.6443
625.5000	  0.6461
625.0000	  0.6478
624.5000	  0.6490
624.0000	  0.6505
623.5000	  0.6514
623.0000	  0.6531
622.5000	  0.6558
622.0000	  0.6568
621.5000	  0.6584
621.0000	  0.6594
620.5000	  0.6612
620.0000	  0.6612
619.5000	  0.6622
619.0000	  0.6632
618.5000	  0.6653
618.0000	  0.6655
617.5000	  0.6660
617.0000	  0.6658
616.5000	  0.6667
616.0000	  0.6669
615.5000	  0.6670
615.0000	  0.6676
614.5000	  0.6693
614.0000	  0.6704
613.5000	  0.6692
613.0000	  0.6720
612.5000	  0.6716
612.0000	  0.6726
611.5000	  0.6740
611.0000	  0.6737
610.5000	  0.6749
610.0000	  0.6756
609.5000	  0.6776
609.0000	  0.6769
608.5000	  0.6780
608.0000	  0.6799
607.5000	  0.6804
607.0000	  0.6800
606.5000	  0.6821
606.0000	  0.6832
605.5000	  0.6841
605.0000	  0.6851
604.5000	  0.6854
604.0000	  0.6871
603.5000	  0.6875
603.0000	  0.6881
602.5000	  0.6881
602.0000	  0.6900
601.5000	  0.6926
601.0000	  0.6920
600.5000	  0.6936
600.0000	  0.6937
599.5000	  0.6958
599.0000	  0.6961
598.5000	  0.6979
598.0000	  0.6984
597.5000	  0.6991
597.0000	  0.7002
596.5000	  0.7008
596.0000	  0.7027
595.5000	  0.7018
595.0000	  0.7037
594.5000	  0.7048
594.0000	  0.7060
593.5000	  0.7072
593.0000	  0.7082
592.5000	  0.7096
592.0000	  0.7105
591.5000	  0.7117
591.0000	  0.7114
590.5000	  0.7133
590.0000	  0.7142
589.5000	  0.7152
589.0000	  0.7158
588.5000	  0.7165
588.0000	  0.7187
587.5000	  0.7189
587.0000	  0.7201
586.5000	  0.7203
586.0000	  0.7228
585.5000	  0.7241
585.0000	  0.7244
584.5000	  0.7253
584.0000	  0.7255
583.5000	  0.7273
583.0000	  0.7282
582.5000	  0.7300
582.0000	  0.7304
581.5000	  0.7314
581.0000	  0.7317
580.5000	  0.7332
580.0000	  0.7343
579.5000	  0.7358
579.0000	  0.7363
578.5000	  0.7375
578.0000	  0.7398
577.5000	  0.7389
577.0000	  0.7403
576.5000	  0.7418
576.0000	  0.7430
575.5000	  0.7436
575.0000	  0.7446
574.5000	  0.7465
574.0000	  0.7469
573.5000	  0.7484
573.0000	  0.7487
572.5000	  0.7496
572.0000	  0.7510
571.5000	  0.7515
571.0000	  0.7539
570.5000	  0.7531
570.0000	  0.7551
569.5000	  0.7557
569.0000	  0.7566
568.5000	  0.7585
568.0000	  0.7586
567.5000	  0.7601
567.0000	  0.7609
566.5000	  0.7631
566.0000	  0.7628
565.5000	  0.7651
565.0000	  0.7662
564.5000	  0.7672
564.0000	  0.7681
563.5000	  0.7687
563.0000	  0.7704
562.5000	  0.7703
562.0000	  0.7720
561.5000	  0.7731
561.0000	  0.7740
560.5000	  0.7759
560.0000	  0.7752
559.5000	  0.7761
559.0000	  0.7747
558.5000	  0.7776
558.0000	  0.7788
557.5000	  0.7795
557.0000	  0.7814
556.5000	  0.7813
556.0000	  0.7834
555.5000	  0.7835
555.0000	  0.7856
554.5000	  0.7865
554.0000	  0.7863
553.5000	  0.7876
553.0000	  0.7892
552.5000	  0.7908
552.0000	  0.7905
551.5000	  0.7918
551.0000	  0.7927
550.5000	  0.7937
550.0000	  0.7956
549.5000	  0.7955
549.0000	  0.7973
548.5000	  0.7985
548.0000	  0.7996
547.5000	  0.7992
547.0000	  0.8000
546.5000	  0.8019
546.0000	  0.8020
545.5000	  0.8049
545.0000	  0.8038
544.5000	  0.8061
544.0000	  0.8073
543.5000	  0.8071
543.0000	  0.8092
542.5000	  0.8095
542.0000	  0.8108
541.5000	  0.8113
541.0000	  0.8130
540.5000	  0.8120
540.0000	  0.8142
539.5000	  0.8154
539.0000	  0.8168
538.5000	  0.8177
538.0000	  0.8158
537.5000	  0.8183
537.0000	  0.8195
536.5000	  0.8208
536.0000	  0.8216
535.5000	  0.8221
535.0000	  0.8229
534.5000	  0.8235
534.0000	  0.8262
533.5000	  0.8246
533.0000	  0.8269
532.5000	  0.8274
532.0000	  0.8285
531.5000	  0.8289
531.0000	  0.8297
530.5000	  0.8304
530.0000	  0.8322
529.5000	  0.8332
529.0000	  0.8325
528.5000	  0.8347
528.0000	  0.8346
527.5000	  0.8356
527.0000	  0.8370
526.5000	  0.8364
526.0000	  0.8379
525.5000	  0.8386
525.0000	  0.8400
524.5000	  0.8394
524.0000	  0.8410
523.5000	  0.8416
523.0000	  0.8423
522.5000	  0.8439
522.0000	  0.8423
521.5000	  0.8447
521.0000	  0.8447
520.5000	  0.8465
520.0000	  0.8455
519.5000	  0.8475
519.0000	  0.8479
518.5000	  0.8487
518.0000	  0.8497
517.5000	  0.8496
517.0000	  0.8508
516.5000	  0.8514
516.0000	  0.8524
515.5000	  0.8516
515.0000	  0.8536
514.5000	  0.8531
514.0000	  0.8540
513.5000	  0.8560
513.0000	  0.8547
512.5000	  0.8558
512.0000	  0.8566
511.5000	  0.8585
511.0000	  0.8573
510.5000	  0.8588
510.0000	  0.8586
509.5000	  0.8598
509.0000	  0.8612
508.5000	  0.8610
508.0000	  0.8623
507.5000	  0.8638
507.0000	  0.8654
506.5000	  0.8654
506.0000	  0.8672
505.5000	  0.8679
505.0000	  0.8690
504.5000	  0.8717
504.0000	  0.8711
503.5000	  0.8742
503.0000	  0.8736
502.5000	  0.8766
502.0000	  0.8777
501.5000	  0.8781
501.0000	  0.8799
500.5000	  0.8798
500.0000	  0.8834
499.5000	  0.8825
499.0000	  0.8852
498.5000	  0.8862
498.0000	  0.8866
497.5000	  0.8873
497.0000	  0.8878
496.5000	  0.8898
496.0000	  0.8896
495.5000	  0.8925
495.0000	  0.8909
494.5000	  0.8930
494.0000	  0.8934
493.5000	  0.8938
493.0000	  0.8952
492.5000	  0.8945
492.0000	  0.8949
491.5000	  0.8978
491.0000	  0.8973
490.5000	  0.8969
490.0000	  0.8982
489.5000	  0.8994
489.0000	  0.8977
488.5000	  0.8996
488.0000	  0.8984
487.5000	  0.8990
487.0000	  0.8998
486.5000	  0.9007
486.0000	  0.8992
485.5000	  0.9006
485.0000	  0.9012
484.5000	  0.9017
484.0000	  0.9032
483.5000	  0.9012
483.0000	  0.9037
482.5000	  0.9041
482.0000	  0.9042
481.5000	  0.9039
481.0000	  0.9053
480.5000	  0.9057
480.0000	  0.9063
479.5000	  0.9069
479.0000	  0.9063
478.5000	  0.9074
478.0000	  0.9078
477.5000	  0.9092
477.0000	  0.9077
476.5000	  0.9096
476.0000	  0.9101
475.5000	  0.9100
475.0000	  0.9126
474.5000	  0.9112
474.0000	  0.9131
473.5000	  0.9128
473.0000	  0.9148
472.5000	  0.9136
472.0000	  0.9157
471.5000	  0.9161
471.0000	  0.9176
470.5000	  0.9184
470.0000	  0.9181
469.5000	  0.9193
469.0000	  0.9194
468.5000	  0.9228
468.0000	  0.9211
467.5000	  0.9231
467.0000	  0.9241
466.5000	  0.9255
466.0000	  0.9286
465.5000	  0.9250
465.0000	  0.9285
464.5000	  0.9295
464.0000	  0.9315
463.5000	  0.9314
463.0000	  0.9326
462.5000	  0.9339
462.0000	  0.9344
461.5000	  0.9380
461.0000	  0.9375
460.5000	  0.9399
460.0000	  0.9387
459.5000	  0.9422
459.0000	  0.9407
458.5000	  0.9404
458.0000	  0.9433
457.5000	  0.9433
457.0000	  0.9467
456.5000	  0.9441
456.0000	  0.9463
455.5000	  0.9453
455.0000	  0.9447
454.5000	  0.9439
454.0000	  0.9434
453.5000	  0.9433
453.0000	  0.9430
452.5000	  0.9440
452.0000	  0.9410
451.5000	  0.9425
451.0000	  0.9384
450.5000	  0.9381
450.0000	  0.9357
449.5000	  0.9326
449.0000	  0.9309
448.5000	  0.9319
448.0000	  0.9309
447.5000	  0.9266
447.0000	  0.9274
446.5000	  0.9246
446.0000	  0.9249
445.5000	  0.9239
445.0000	  0.9220
444.5000	  0.9214
444.0000	  0.9193
443.5000	  0.9210
443.0000	  0.9187
442.5000	  0.9177
442.0000	  0.9169
441.5000	  0.9168
441.0000	  0.9144
440.5000	  0.9165
440.0000	  0.9152
439.5000	  0.9151
439.0000	  0.9171
438.5000	  0.9134
438.0000	  0.9152
437.5000	  0.9141
437.0000	  0.9143
436.5000	  0.9126
436.0000	  0.9126
435.5000	  0.9133
435.0000	  0.9124
434.5000	  0.9127
434.0000	  0.9110
433.5000	  0.9120
433.0000	  0.9123
432.5000	  0.9121
432.0000	  0.9116
431.5000	  0.9125
431.0000	  0.9135
430.5000	  0.9121
430.0000	  0.9115
429.5000	  0.9115
429.0000	  0.9134
428.5000	  0.9135
428.0000	  0.9145
427.5000	  0.9125
427.0000	  0.9137
426.5000	  0.9148
426.0000	  0.9136
425.5000	  0.9152
425.0000	  0.9131
424.5000	  0.9125
424.0000	  0.9153
423.5000	  0.9141
423.0000	  0.9161
422.5000	  0.9150
422.0000	  0.9149
421.5000	  0.9144
421.0000	  0.9169
420.5000	  0.9154
420.0000	  0.9158
419.5000	  0.9175
419.0000	  0.9163
418.5000	  0.9172
418.0000	  0.9170
417.5000	  0.9167
417.0000	  0.9176
416.5000	  0.9190
416.0000	  0.9166
415.5000	  0.9167
415.0000	  0.9183
414.5000	  0.9167
414.0000	  0.9176
413.5000	  0.9172
413.0000	  0.9208
412.5000	  0.9191
412.0000	  0.9205
411.5000	  0.9200
411.0000	  0.9207
410.5000	  0.9198
410.0000	  0.9216
409.5000	  0.9202
409.0000	  0.9180
408.5000	  0.9209
408.0000	  0.9200
407.5000	  0.9209
407.0000	  0.9218
406.5000	  0.9200
406.0000	  0.9225
405.5000	  0.9229
405.0000	  0.9229
404.5000	  0.9219
404.0000	  0.9220
403.5000	  0.9227
403.0000	  0.9214
402.5000	  0.9240
402.0000	  0.9212
401.5000	  0.9241
401.0000	  0.9226
400.5000	  0.9234
400.0000	  0.9238
399.5000	  0.9233
399.0000	  0.9255
398.5000	  0.9259
398.0000	  0.9246
397.5000	  0.9226
397.0000	  0.9249
396.5000	  0.9260
396.0000	  0.9235
395.5000	  0.9286
395.0000	  0.9257
394.5000	  0.9273
394.0000	  0.9271
393.5000	  0.9288
393.0000	  0.9279
392.5000	  0.9280
392.0000	  0.9289
391.5000	  0.9279
391.0000	  0.9308
390.5000	  0.9297
390.0000	  0.9303
389.5000	  0.9327
389.0000	  0.9323
388.5000	  0.9350
388.0000	  0.9330
387.5000	  0.9331
387.0000	  0.9363
386.5000	  0.9366
386.0000	  0.9380
385.5000	  0.9378
385.0000	  0.9381
384.5000	  0.9363
384.0000	  0.9401
383.5000	  0.9397
383.0000	  0.9422
382.5000	  0.9420
382.0000	  0.9411
381.5000	  0.9426
381.0000	  0.9453
380.5000	  0.9439
380.0000	  0.9464
379.5000	  0.9442
379.0000	  0.9441
378.5000	  0.9472
378.0000	  0.9478
377.5000	  0.9497
377.0000	  0.9492
376.5000	  0.9470
376.0000	  0.9485
375.5000	  0.9499
375.0000	  0.9499
374.5000	  0.9532
374.0000	  0.9507
373.5000	  0.9495
373.0000	  0.9544
372.5000	  0.9503
372.0000	  0.9510
371.5000	  0.9520
371.0000	  0.9491
370.5000	  0.9527
370.0000	  0.9552
369.5000	  0.9544
369.0000	  0.9576
368.5000	  0.9577
368.0000	  0.9589
367.5000	  0.9552
367.0000	  0.9543
366.5000	  0.9592
366.0000	  0.9574
365.5000	  0.9615
365.0000	  0.9570
364.5000	  0.9578
364.0000	  0.9595
363.5000	  0.9647
363.0000	  0.9646
362.5000	  0.9647
362.0000	  0.9597
361.5000	  0.9632
361.0000	  0.9672
360.5000	  0.9633
360.0000	  0.9658
359.5000	  0.9649
359.0000	  0.9672
358.5000	  0.9666
358.0000	  0.9670
357.5000	  0.9670
357.0000	  0.9691
356.5000	  0.9705
356.0000	  0.9709
355.5000	  0.9646
355.0000	  0.9747
354.5000	  0.9723
354.0000	  0.9724
353.5000	  0.9713
353.0000	  0.9750
352.5000	  0.9741
352.0000	  0.9742
351.5000	  0.9709
351.0000	  0.9770
350.5000	  0.9722
350.0000	  0.9814
