26/05/2023 17.00.36
26/05/2023 17.07.57

900.0000	 79.2000

900.0000	 79.2000

900.0000	 75.9400



  1.0000
900.0000
  3.0000
340.0000
  1.0000
1101.0000
  5.0000
  6.0000
  1.0000
  1.0000
  0.0000
  0.0000
100.0000
  0.0000
  1.0000
  0.0000
500.0000
900.0000
350.0000
  4.0000
  1.0000
 18.0000
  2.0000
  1.0000
255.0000
  0.9041
  1.0000
 30.0000
  4.0000
500.0000
  0.0000
  0.0000
  4.0000
900.0000
350.0000
  0.0000
100.0000
  0.0000
  1.0000
  0.0000
500.0000
  1.0000
  1.0000
  1.0000
  1.0000
  4.0000
  0.0000
  1.0000
  1.0000
  1.0000
  1.0000
  1.0000
  2.0000
  1.0000
  1.0000
  1.0000
  3.0000
  1.0000
  1.0000
  1.0000
  4.0000
  5.0000
440.607
0.000
900.0000	  0.8200
899.5000	  0.8218
899.0000	  0.8021
898.5000	  0.8229
898.0000	  0.8267
897.5000	  0.8114
897.0000	  0.8009
896.5000	  0.8121
896.0000	  0.7807
895.5000	  0.8082
895.0000	  0.8353
894.5000	  0.8264
894.0000	  0.8264
893.5000	  0.7872
893.0000	  0.8134
892.5000	  0.8176
892.0000	  0.8432
891.5000	  0.8342
891.0000	  0.7732
890.5000	  0.8005
890.0000	  0.8215
889.5000	  0.7944
889.0000	  0.8102
888.5000	  0.8113
888.0000	  0.8346
887.5000	  0.8089
887.0000	  0.8075
886.5000	  0.8082
886.0000	  0.8101
885.5000	  0.8101
885.0000	  0.7931
884.5000	  0.8130
884.0000	  0.8152
883.5000	  0.8167
883.0000	  0.8017
882.5000	  0.8079
882.0000	  0.7906
881.5000	  0.8187
881.0000	  0.8145
880.5000	  0.7934
880.0000	  0.8008
879.5000	  0.8019
879.0000	  0.8006
878.5000	  0.8070
878.0000	  0.7959
877.5000	  0.8152
877.0000	  0.8034
876.5000	  0.8020
876.0000	  0.8108
875.5000	  0.7919
875.0000	  0.7979
874.5000	  0.8045
874.0000	  0.8040
873.5000	  0.7919
873.0000	  0.8106
872.5000	  0.8095
872.0000	  0.8037
871.5000	  0.7931
871.0000	  0.8016
870.5000	  0.8035
870.0000	  0.8074
869.5000	  0.8019
869.0000	  0.8011
868.5000	  0.8038
868.0000	  0.8018
867.5000	  0.7905
867.0000	  0.8073
866.5000	  0.7974
866.0000	  0.8057
865.5000	  0.8001
865.0000	  0.8023
864.5000	  0.8012
864.0000	  0.8000
863.5000	  0.7972
863.0000	  0.8015
862.5000	  0.7978
862.0000	  0.8016
861.5000	  0.8024
861.0000	  0.8053
860.5000	  0.7959
860.0000	  0.7956
859.5000	  0.7999
859.0000	  0.7943
858.5000	  0.8008
858.0000	  0.7941
857.5000	  0.7949
857.0000	  0.8008
856.5000	  0.8003
856.0000	  0.7960
855.5000	  0.7972
855.0000	  0.8007
854.5000	  0.8033
854.0000	  0.7923
853.5000	  0.7990
853.0000	  0.7959
852.5000	  0.7992
852.0000	  0.7989
851.5000	  0.7954
851.0000	  0.7952
850.5000	  0.7944
850.0000	  0.7954
849.5000	  0.7977
849.0000	  0.7993
848.5000	  0.7973
848.0000	  0.7944
847.5000	  0.7954
847.0000	  0.7946
846.5000	  0.7956
846.0000	  0.7937
845.5000	  0.7931
845.0000	  0.7923
844.5000	  0.7936
844.0000	  0.7928
843.5000	  0.7915
843.0000	  0.7941
842.5000	  0.7917
842.0000	  0.7933
841.5000	  0.7909
841.0000	  0.7926
840.5000	  0.7901
840.0000	  0.7876
839.5000	  0.7906
839.0000	  0.7894
838.5000	  0.7891
838.0000	  0.7891
837.5000	  0.7878
837.0000	  0.7885
836.5000	  0.7875
836.0000	  0.7863
835.5000	  0.7849
835.0000	  0.7865
834.5000	  0.7861
834.0000	  0.7838
833.5000	  0.7853
833.0000	  0.7839
832.5000	  0.7837
832.0000	  0.7843
831.5000	  0.7830
831.0000	  0.7827
830.5000	  0.7818
830.0000	  0.7807
829.5000	  0.7798
829.0000	  0.7807
828.5000	  0.7786
828.0000	  0.7792
827.5000	  0.7777
827.0000	  0.7790
826.5000	  0.7767
826.0000	  0.7767
825.5000	  0.7771
825.0000	  0.7764
824.5000	  0.7745
824.0000	  0.7742
823.5000	  0.7750
823.0000	  0.7744
822.5000	  0.7754
822.0000	  0.7748
821.5000	  0.7717
821.0000	  0.7722
820.5000	  0.7733
820.0000	  0.7736
819.5000	  0.7730
819.0000	  0.7721
818.5000	  0.7720
818.0000	  0.7713
817.5000	  0.7708
817.0000	  0.7701
816.5000	  0.7704
816.0000	  0.7703
815.5000	  0.7700
815.0000	  0.7703
814.5000	  0.7691
814.0000	  0.7689
813.5000	  0.7684
813.0000	  0.7669
812.5000	  0.7682
812.0000	  0.7675
811.5000	  0.7661
811.0000	  0.7677
810.5000	  0.7665
810.0000	  0.7666
809.5000	  0.7648
809.0000	  0.7652
808.5000	  0.7649
808.0000	  0.7659
807.5000	  0.7637
807.0000	  0.7644
806.5000	  0.7641
806.0000	  0.7639
805.5000	  0.7618
805.0000	  0.7630
804.5000	  0.7613
804.0000	  0.7607
803.5000	  0.7618
803.0000	  0.7587
802.5000	  0.7615
802.0000	  0.7599
801.5000	  0.7611
801.0000	  0.7597
800.5000	  0.7592
800.0000	  0.7586
799.5000	  0.7605
799.0000	  0.7602
798.5000	  0.7581
798.0000	  0.7568
797.5000	  0.7580
797.0000	  0.7581
796.5000	  0.7572
796.0000	  0.7565
795.5000	  0.7568
795.0000	  0.7562
794.5000	  0.7549
794.0000	  0.7553
793.5000	  0.7552
793.0000	  0.7561
792.5000	  0.7551
792.0000	  0.7544
791.5000	  0.7527
791.0000	  0.7536
790.5000	  0.7530
790.0000	  0.7523
789.5000	  0.7540
789.0000	  0.7519
788.5000	  0.7512
788.0000	  0.7528
787.5000	  0.7508
787.0000	  0.7508
786.5000	  0.7506
786.0000	  0.7496
785.5000	  0.7485
785.0000	  0.7510
784.5000	  0.7481
784.0000	  0.7497
783.5000	  0.7481
783.0000	  0.7471
782.5000	  0.7481
782.0000	  0.7464
781.5000	  0.7464
781.0000	  0.7469
780.5000	  0.7465
780.0000	  0.7461
779.5000	  0.7448
779.0000	  0.7452
778.5000	  0.7452
778.0000	  0.7454
777.5000	  0.7446
777.0000	  0.7460
776.5000	  0.7447
776.0000	  0.7431
775.5000	  0.7437
775.0000	  0.7419
774.5000	  0.7421
774.0000	  0.7436
773.5000	  0.7416
773.0000	  0.7408
772.5000	  0.7407
772.0000	  0.7404
771.5000	  0.7417
771.0000	  0.7398
770.5000	  0.7382
770.0000	  0.7409
769.5000	  0.7379
769.0000	  0.7390
768.5000	  0.7376
768.0000	  0.7368
767.5000	  0.7382
767.0000	  0.7377
766.5000	  0.7365
766.0000	  0.7364
765.5000	  0.7363
765.0000	  0.7369
764.5000	  0.7349
764.0000	  0.7343
763.5000	  0.7343
763.0000	  0.7332
762.5000	  0.7354
762.0000	  0.7324
761.5000	  0.7325
761.0000	  0.7341
760.5000	  0.7324
760.0000	  0.7314
759.5000	  0.7327
759.0000	  0.7308
758.5000	  0.7322
758.0000	  0.7296
757.5000	  0.7299
757.0000	  0.7316
756.5000	  0.7273
756.0000	  0.7289
755.5000	  0.7282
755.0000	  0.7275
754.5000	  0.7284
754.0000	  0.7254
753.5000	  0.7280
753.0000	  0.7264
752.5000	  0.7257
752.0000	  0.7260
751.5000	  0.7250
751.0000	  0.7248
750.5000	  0.7264
750.0000	  0.7242
749.5000	  0.7244
749.0000	  0.7239
748.5000	  0.7232
748.0000	  0.7249
747.5000	  0.7216
747.0000	  0.7227
746.5000	  0.7228
746.0000	  0.7205
745.5000	  0.7232
745.0000	  0.7211
744.5000	  0.7199
744.0000	  0.7208
743.5000	  0.7186
743.0000	  0.7201
742.5000	  0.7181
742.0000	  0.7188
741.5000	  0.7196
741.0000	  0.7179
740.5000	  0.7203
740.0000	  0.7170
739.5000	  0.7175
739.0000	  0.7188
738.5000	  0.7157
738.0000	  0.7173
737.5000	  0.7158
737.0000	  0.7164
736.5000	  0.7164
736.0000	  0.7155
735.5000	  0.7152
735.0000	  0.7159
734.5000	  0.7157
734.0000	  0.7164
733.5000	  0.7143
733.0000	  0.7156
732.5000	  0.7137
732.0000	  0.7140
731.5000	  0.7147
731.0000	  0.7140
730.5000	  0.7134
730.0000	  0.7121
729.5000	  0.7148
729.0000	  0.7135
728.5000	  0.7128
728.0000	  0.7138
727.5000	  0.7122
727.0000	  0.7144
726.5000	  0.7128
726.0000	  0.7142
725.5000	  0.7135
725.0000	  0.7148
724.5000	  0.7147
724.0000	  0.7141
723.5000	  0.7151
723.0000	  0.7149
722.5000	  0.7159
722.0000	  0.7168
721.5000	  0.7183
721.0000	  0.7176
720.5000	  0.7184
720.0000	  0.7209
719.5000	  0.7182
719.0000	  0.7195
718.5000	  0.7206
718.0000	  0.7220
717.5000	  0.7200
717.0000	  0.7189
716.5000	  0.7196
716.0000	  0.7185
715.5000	  0.7174
715.0000	  0.7155
714.5000	  0.7145
714.0000	  0.7109
713.5000	  0.7107
713.0000	  0.7094
712.5000	  0.7078
712.0000	  0.7071
711.5000	  0.7040
711.0000	  0.7030
710.5000	  0.7015
710.0000	  0.7010
709.5000	  0.7003
709.0000	  0.6988
708.5000	  0.6989
708.0000	  0.6968
707.5000	  0.6980
707.0000	  0.6955
706.5000	  0.6957
706.0000	  0.6950
705.5000	  0.6949
705.0000	  0.6956
704.5000	  0.6949
704.0000	  0.6938
703.5000	  0.6937
703.0000	  0.6947
702.5000	  0.6919
702.0000	  0.6921
701.5000	  0.6931
701.0000	  0.6926
700.5000	  0.6930
700.0000	  0.6900
699.5000	  0.6914
699.0000	  0.6917
698.5000	  0.6902
698.0000	  0.6902
697.5000	  0.6902
697.0000	  0.6904
696.5000	  0.6884
696.0000	  0.6888
695.5000	  0.6874
695.0000	  0.6890
694.5000	  0.6879
694.0000	  0.6884
693.5000	  0.6881
693.0000	  0.6866
692.5000	  0.6869
692.0000	  0.6868
691.5000	  0.6866
691.0000	  0.6863
690.5000	  0.6849
690.0000	  0.6848
689.5000	  0.6867
689.0000	  0.6855
688.5000	  0.6853
688.0000	  0.6843
687.5000	  0.6833
687.0000	  0.6840
686.5000	  0.6848
686.0000	  0.6830
685.5000	  0.6839
685.0000	  0.6820
684.5000	  0.6836
684.0000	  0.6819
683.5000	  0.6822
683.0000	  0.6815
682.5000	  0.6831
682.0000	  0.6815
681.5000	  0.6815
681.0000	  0.6803
680.5000	  0.6809
680.0000	  0.6806
679.5000	  0.6815
679.0000	  0.6804
678.5000	  0.6817
678.0000	  0.6805
677.5000	  0.6792
677.0000	  0.6807
676.5000	  0.6793
676.0000	  0.6805
675.5000	  0.6794
675.0000	  0.6795
674.5000	  0.6789
674.0000	  0.6788
673.5000	  0.6782
673.0000	  0.6784
672.5000	  0.6791
672.0000	  0.6779
671.5000	  0.6778
671.0000	  0.6777
670.5000	  0.6777
670.0000	  0.6786
669.5000	  0.6771
669.0000	  0.6777
668.5000	  0.6769
668.0000	  0.6774
667.5000	  0.6773
667.0000	  0.6767
666.5000	  0.6760
666.0000	  0.6774
665.5000	  0.6769
665.0000	  0.6765
664.5000	  0.6765
664.0000	  0.6768
663.5000	  0.6754
663.0000	  0.6774
662.5000	  0.6752
662.0000	  0.6763
661.5000	  0.6760
661.0000	  0.6765
660.5000	  0.6758
660.0000	  0.6755
659.5000	  0.6754
659.0000	  0.6754
658.5000	  0.6760
658.0000	  0.6749
657.5000	  0.6756
657.0000	  0.6761
656.5000	  0.6753
656.0000	  0.6765
655.5000	  0.6743
655.0000	  0.6748
654.5000	  0.6746
654.0000	  0.6757
653.5000	  0.6759
653.0000	  0.6744
652.5000	  0.6753
652.0000	  0.6753
651.5000	  0.6747
651.0000	  0.6747
650.5000	  0.6746
650.0000	  0.6752
649.5000	  0.6748
649.0000	  0.6753
648.5000	  0.6742
648.0000	  0.6753
647.5000	  0.6747
647.0000	  0.6746
646.5000	  0.6758
646.0000	  0.6742
645.5000	  0.6751
645.0000	  0.6751
644.5000	  0.6751
644.0000	  0.6748
643.5000	  0.6747
643.0000	  0.6749
642.5000	  0.6740
642.0000	  0.6755
641.5000	  0.6749
641.0000	  0.6744
640.5000	  0.6751
640.0000	  0.6752
639.5000	  0.6755
639.0000	  0.6741
638.5000	  0.6756
638.0000	  0.6749
637.5000	  0.6761
637.0000	  0.6755
636.5000	  0.6746
636.0000	  0.6754
635.5000	  0.6754
635.0000	  0.6757
634.5000	  0.6753
634.0000	  0.6757
633.5000	  0.6756
633.0000	  0.6762
632.5000	  0.6774
632.0000	  0.6756
631.5000	  0.6776
631.0000	  0.6778
630.5000	  0.6785
630.0000	  0.6793
629.5000	  0.6791
629.0000	  0.6799
628.5000	  0.6810
628.0000	  0.6823
627.5000	  0.6834
627.0000	  0.6839
626.5000	  0.6861
626.0000	  0.6871
625.5000	  0.6890
625.0000	  0.6890
624.5000	  0.6914
624.0000	  0.6916
623.5000	  0.6934
623.0000	  0.6953
622.5000	  0.6957
622.0000	  0.6976
621.5000	  0.6980
621.0000	  0.7000
620.5000	  0.7005
620.0000	  0.7019
619.5000	  0.7014
619.0000	  0.7022
618.5000	  0.7035
618.0000	  0.7033
617.5000	  0.7044
617.0000	  0.7039
616.5000	  0.7047
616.0000	  0.7049
615.5000	  0.7045
615.0000	  0.7070
614.5000	  0.7057
614.0000	  0.7061
613.5000	  0.7071
613.0000	  0.7070
612.5000	  0.7080
612.0000	  0.7080
611.5000	  0.7095
611.0000	  0.7093
610.5000	  0.7107
610.0000	  0.7104
609.5000	  0.7117
609.0000	  0.7117
608.5000	  0.7118
608.0000	  0.7124
607.5000	  0.7127
607.0000	  0.7135
606.5000	  0.7152
606.0000	  0.7154
605.5000	  0.7148
605.0000	  0.7158
604.5000	  0.7179
604.0000	  0.7174
603.5000	  0.7191
603.0000	  0.7189
602.5000	  0.7206
602.0000	  0.7210
601.5000	  0.7214
601.0000	  0.7228
600.5000	  0.7228
600.0000	  0.7245
599.5000	  0.7247
599.0000	  0.7260
598.5000	  0.7258
598.0000	  0.7277
597.5000	  0.7278
597.0000	  0.7273
596.5000	  0.7289
596.0000	  0.7290
595.5000	  0.7310
595.0000	  0.7310
594.5000	  0.7320
594.0000	  0.7327
593.5000	  0.7334
593.0000	  0.7355
592.5000	  0.7344
592.0000	  0.7374
591.5000	  0.7372
591.0000	  0.7381
590.5000	  0.7394
590.0000	  0.7389
589.5000	  0.7411
589.0000	  0.7416
588.5000	  0.7429
588.0000	  0.7424
587.5000	  0.7441
587.0000	  0.7444
586.5000	  0.7453
586.0000	  0.7477
585.5000	  0.7466
585.0000	  0.7491
584.5000	  0.7490
584.0000	  0.7501
583.5000	  0.7515
583.0000	  0.7517
582.5000	  0.7518
582.0000	  0.7536
581.5000	  0.7552
581.0000	  0.7549
580.5000	  0.7562
580.0000	  0.7574
579.5000	  0.7580
579.0000	  0.7591
578.5000	  0.7604
578.0000	  0.7609
577.5000	  0.7618
577.0000	  0.7629
576.5000	  0.7633
576.0000	  0.7644
575.5000	  0.7658
575.0000	  0.7659
574.5000	  0.7678
574.0000	  0.7673
573.5000	  0.7695
573.0000	  0.7707
572.5000	  0.7714
572.0000	  0.7710
571.5000	  0.7736
571.0000	  0.7742
570.5000	  0.7752
570.0000	  0.7769
569.5000	  0.7769
569.0000	  0.7783
568.5000	  0.7799
568.0000	  0.7801
567.5000	  0.7823
567.0000	  0.7819
566.5000	  0.7828
566.0000	  0.7843
565.5000	  0.7862
565.0000	  0.7852
564.5000	  0.7878
564.0000	  0.7884
563.5000	  0.7889
563.0000	  0.7917
562.5000	  0.7904
562.0000	  0.7927
561.5000	  0.7934
561.0000	  0.7944
560.5000	  0.7947
560.0000	  0.7953
559.5000	  0.7967
559.0000	  0.7984
558.5000	  0.7998
558.0000	  0.7979
557.5000	  0.8005
557.0000	  0.8016
556.5000	  0.8027
556.0000	  0.8031
555.5000	  0.8046
555.0000	  0.8054
554.5000	  0.8062
554.0000	  0.8087
553.5000	  0.8081
553.0000	  0.8097
552.5000	  0.8099
552.0000	  0.8114
551.5000	  0.8130
551.0000	  0.8139
550.5000	  0.8147
550.0000	  0.8145
549.5000	  0.8172
549.0000	  0.8165
548.5000	  0.8187
548.0000	  0.8191
547.5000	  0.8203
547.0000	  0.8220
546.5000	  0.8221
546.0000	  0.8231
545.5000	  0.8240
545.0000	  0.8268
544.5000	  0.8247
544.0000	  0.8273
543.5000	  0.8275
543.0000	  0.8294
542.5000	  0.8303
542.0000	  0.8301
541.5000	  0.8322
541.0000	  0.8328
540.5000	  0.8333
540.0000	  0.8327
539.5000	  0.8357
539.0000	  0.8357
538.5000	  0.8379
538.0000	  0.8389
537.5000	  0.8383
537.0000	  0.8405
536.5000	  0.8413
536.0000	  0.8428
535.5000	  0.8415
535.0000	  0.8435
534.5000	  0.8443
534.0000	  0.8450
533.5000	  0.8467
533.0000	  0.8458
532.5000	  0.8479
532.0000	  0.8491
531.5000	  0.8506
531.0000	  0.8499
530.5000	  0.8519
530.0000	  0.8524
529.5000	  0.8535
529.0000	  0.8538
528.5000	  0.8536
528.0000	  0.8558
527.5000	  0.8562
527.0000	  0.8576
526.5000	  0.8564
526.0000	  0.8588
525.5000	  0.8587
525.0000	  0.8590
524.5000	  0.8609
524.0000	  0.8610
523.5000	  0.8631
523.0000	  0.8632
522.5000	  0.8654
522.0000	  0.8639
521.5000	  0.8656
521.0000	  0.8663
520.5000	  0.8676
520.0000	  0.8680
519.5000	  0.8686
519.0000	  0.8697
518.5000	  0.8699
518.0000	  0.8716
517.5000	  0.8711
517.0000	  0.8725
516.5000	  0.8726
516.0000	  0.8748
515.5000	  0.8740
515.0000	  0.8751
514.5000	  0.8753
514.0000	  0.8765
513.5000	  0.8779
513.0000	  0.8769
512.5000	  0.8780
512.0000	  0.8785
511.5000	  0.8802
511.0000	  0.8803
510.5000	  0.8822
510.0000	  0.8827
509.5000	  0.8843
509.0000	  0.8836
508.5000	  0.8856
508.0000	  0.8859
507.5000	  0.8875
507.0000	  0.8883
506.5000	  0.8893
506.0000	  0.8917
505.5000	  0.8928
505.0000	  0.8950
504.5000	  0.8941
504.0000	  0.8966
503.5000	  0.8972
503.0000	  0.9004
502.5000	  0.9002
502.0000	  0.9019
501.5000	  0.9026
501.0000	  0.9045
500.5000	  0.9068
500.0000	  0.9054
499.5000	  0.9087
499.0000	  0.9102
498.5000	  0.9125
498.0000	  0.9109
497.5000	  0.9127
497.0000	  0.9134
496.5000	  0.9152
496.0000	  0.9162
495.5000	  0.9161
495.0000	  0.9175
494.5000	  0.9178
494.0000	  0.9202
493.5000	  0.9179
493.0000	  0.9213
492.5000	  0.9223
492.0000	  0.9231
491.5000	  0.9233
491.0000	  0.9250
490.5000	  0.9241
490.0000	  0.9247
489.5000	  0.9266
489.0000	  0.9242
488.5000	  0.9271
488.0000	  0.9260
487.5000	  0.9276
487.0000	  0.9255
486.5000	  0.9274
486.0000	  0.9266
485.5000	  0.9275
485.0000	  0.9301
484.5000	  0.9277
484.0000	  0.9295
483.5000	  0.9295
483.0000	  0.9310
482.5000	  0.9302
482.0000	  0.9305
481.5000	  0.9317
481.0000	  0.9328
480.5000	  0.9334
480.0000	  0.9314
479.5000	  0.9360
479.0000	  0.9341
478.5000	  0.9346
478.0000	  0.9354
477.5000	  0.9368
477.0000	  0.9347
476.5000	  0.9377
476.0000	  0.9389
475.5000	  0.9379
475.0000	  0.9388
474.5000	  0.9404
474.0000	  0.9403
473.5000	  0.9420
473.0000	  0.9415
472.5000	  0.9426
472.0000	  0.9440
471.5000	  0.9459
471.0000	  0.9449
470.5000	  0.9462
470.0000	  0.9469
469.5000	  0.9467
469.0000	  0.9473
468.5000	  0.9503
468.0000	  0.9507
467.5000	  0.9524
467.0000	  0.9542
466.5000	  0.9530
466.0000	  0.9567
465.5000	  0.9573
465.0000	  0.9580
464.5000	  0.9587
464.0000	  0.9608
463.5000	  0.9610
463.0000	  0.9624
462.5000	  0.9659
462.0000	  0.9633
461.5000	  0.9664
461.0000	  0.9675
460.5000	  0.9685
460.0000	  0.9707
459.5000	  0.9693
459.0000	  0.9716
458.5000	  0.9724
458.0000	  0.9737
457.5000	  0.9732
457.0000	  0.9767
456.5000	  0.9757
456.0000	  0.9751
455.5000	  0.9764
455.0000	  0.9772
454.5000	  0.9766
454.0000	  0.9758
453.5000	  0.9775
453.0000	  0.9749
452.5000	  0.9749
452.0000	  0.9744
451.5000	  0.9734
451.0000	  0.9715
450.5000	  0.9690
450.0000	  0.9699
449.5000	  0.9670
449.0000	  0.9669
448.5000	  0.9630
448.0000	  0.9632
447.5000	  0.9613
447.0000	  0.9591
446.5000	  0.9594
446.0000	  0.9568
445.5000	  0.9571
445.0000	  0.9554
444.5000	  0.9574
444.0000	  0.9535
443.5000	  0.9541
443.0000	  0.9526
442.5000	  0.9508
442.0000	  0.9526
441.5000	  0.9514
441.0000	  0.9518
440.5000	  0.9505
440.0000	  0.9523
439.5000	  0.9484
439.0000	  0.9502
438.5000	  0.9483
438.0000	  0.9472
437.5000	  0.9493
437.0000	  0.9475
436.5000	  0.9473
436.0000	  0.9476
435.5000	  0.9467
435.0000	  0.9466
434.5000	  0.9478
434.0000	  0.9468
433.5000	  0.9461
433.0000	  0.9468
432.5000	  0.9455
432.0000	  0.9478
431.5000	  0.9462
431.0000	  0.9485
430.5000	  0.9459
430.0000	  0.9475
429.5000	  0.9470
429.0000	  0.9465
428.5000	  0.9489
428.0000	  0.9464
427.5000	  0.9472
427.0000	  0.9468
426.5000	  0.9479
426.0000	  0.9482
425.5000	  0.9491
425.0000	  0.9492
424.5000	  0.9485
424.0000	  0.9503
423.5000	  0.9486
423.0000	  0.9513
422.5000	  0.9497
422.0000	  0.9514
421.5000	  0.9497
421.0000	  0.9512
420.5000	  0.9521
420.0000	  0.9518
419.5000	  0.9528
419.0000	  0.9529
418.5000	  0.9524
418.0000	  0.9532
417.5000	  0.9550
417.0000	  0.9527
416.5000	  0.9537
416.0000	  0.9539
415.5000	  0.9544
415.0000	  0.9548
414.5000	  0.9537
414.0000	  0.9537
413.5000	  0.9540
413.0000	  0.9567
412.5000	  0.9536
412.0000	  0.9552
411.5000	  0.9552
411.0000	  0.9570
410.5000	  0.9538
410.0000	  0.9577
409.5000	  0.9564
409.0000	  0.9567
408.5000	  0.9570
408.0000	  0.9567
407.5000	  0.9593
407.0000	  0.9582
406.5000	  0.9588
406.0000	  0.9553
405.5000	  0.9582
405.0000	  0.9597
404.5000	  0.9593
404.0000	  0.9587
403.5000	  0.9586
403.0000	  0.9597
402.5000	  0.9598
402.0000	  0.9608
401.5000	  0.9593
401.0000	  0.9605
400.5000	  0.9608
400.0000	  0.9621
399.5000	  0.9616
399.0000	  0.9614
398.5000	  0.9608
398.0000	  0.9619
397.5000	  0.9621
397.0000	  0.9623
396.5000	  0.9629
396.0000	  0.9629
395.5000	  0.9641
395.0000	  0.9653
394.5000	  0.9626
394.0000	  0.9636
393.5000	  0.9656
393.0000	  0.9669
392.5000	  0.9662
392.0000	  0.9660
391.5000	  0.9655
391.0000	  0.9686
390.5000	  0.9679
390.0000	  0.9686
389.5000	  0.9689
389.0000	  0.9691
388.5000	  0.9713
388.0000	  0.9698
387.5000	  0.9706
387.0000	  0.9714
386.5000	  0.9748
386.0000	  0.9750
385.5000	  0.9738
385.0000	  0.9743
384.5000	  0.9793
384.0000	  0.9742
383.5000	  0.9754
383.0000	  0.9784
382.5000	  0.9784
382.0000	  0.9820
381.5000	  0.9784
381.0000	  0.9805
380.5000	  0.9822
380.0000	  0.9828
379.5000	  0.9813
379.0000	  0.9811
378.5000	  0.9845
378.0000	  0.9858
377.5000	  0.9849
377.0000	  0.9814
376.5000	  0.9856
376.0000	  0.9869
375.5000	  0.9869
375.0000	  0.9873
374.5000	  0.9879
374.0000	  0.9867
373.5000	  0.9859
373.0000	  0.9885
372.5000	  0.9879
372.0000	  0.9879
371.5000	  0.9860
371.0000	  0.9902
370.5000	  0.9897
370.0000	  0.9893
369.5000	  0.9944
369.0000	  0.9951
368.5000	  0.9938
368.0000	  0.9907
367.5000	  0.9934
367.0000	  0.9935
366.5000	  0.9925
366.0000	  0.9968
365.5000	  0.9946
365.0000	  0.9979
364.5000	  0.9986
364.0000	  0.9972
363.5000	  0.9955
363.0000	  1.0015
362.5000	  0.9997
362.0000	  1.0000
361.5000	  1.0014
361.0000	  1.0028
360.5000	  0.9981
360.0000	  1.0027
359.5000	  1.0016
359.0000	  0.9987
358.5000	  1.0068
358.0000	  1.0042
357.5000	  1.0055
357.0000	  1.0044
356.5000	  1.0048
356.0000	  1.0049
355.5000	  1.0057
355.0000	  1.0091
354.5000	  1.0079
354.0000	  1.0094
353.5000	  1.0081
353.0000	  1.0106
352.5000	  1.0094
352.0000	  1.0116
351.5000	  1.0117
351.0000	  1.0158
350.5000	  1.0142
350.0000	  1.0190
