09/05/2023 17.20.10
09/05/2023 17.27.31

900.0000	  1.8700

900.0000	  1.8700

900.0000	 -0.9600



  1.0000
900.0000
  3.0000
340.0000
  1.0000
1101.0000
  5.0000
  6.0000
  1.0000
  1.0000
  0.0000
  0.0000
100.0000
  0.0000
  1.0000
  0.0000
500.0000
900.0000
350.0000
  4.0000
  1.0000
 18.0000
  2.0000
  1.0000
255.0000
  1.1431
  1.0000
 30.0000
  4.0000
500.0000
  0.0000
  0.0000
  4.0000
900.0000
350.0000
  0.0000
100.0000
  0.0000
  1.0000
  0.0000
500.0000
  1.0000
  1.0000
  1.0000
  1.0000
  4.0000
  0.0000
  1.0000
  1.0000
  1.0000
  1.0000
  1.0000
  2.0000
  1.0000
  1.0000
  1.0000
  3.0000
  1.0000
  1.0000
  1.0000
  4.0000
  5.0000
440.569
0.000
900.0000	  0.0080
899.5000	 -0.0043
899.0000	  0.0059
898.5000	  0.0053
898.0000	  0.0020
897.5000	 -0.0043
897.0000	  0.0045
896.5000	  0.0010
896.0000	  0.0124
895.5000	 -0.0017
895.0000	  0.0201
894.5000	  0.0326
894.0000	 -0.0057
893.5000	  0.0063
893.0000	  0.0001
892.5000	  0.0375
892.0000	  0.0181
891.5000	  0.0057
891.0000	  0.0155
890.5000	  0.0090
890.0000	  0.0173
889.5000	  0.0080
889.0000	  0.0092
888.5000	  0.0107
888.0000	  0.0060
887.5000	  0.0167
887.0000	  0.0153
886.5000	  0.0108
886.0000	  0.0079
885.5000	  0.0106
885.0000	  0.0102
884.5000	  0.0072
884.0000	  0.0129
883.5000	  0.0036
883.0000	  0.0090
882.5000	  0.0042
882.0000	  0.0118
881.5000	  0.0077
881.0000	  0.0062
880.5000	  0.0102
880.0000	  0.0087
879.5000	  0.0099
879.0000	  0.0088
878.5000	  0.0100
878.0000	  0.0096
877.5000	  0.0137
877.0000	  0.0080
876.5000	  0.0081
876.0000	  0.0102
875.5000	  0.0128
875.0000	  0.0111
874.5000	  0.0097
874.0000	  0.0110
873.5000	  0.0082
873.0000	  0.0087
872.5000	  0.0086
872.0000	  0.0104
871.5000	  0.0101
871.0000	  0.0089
870.5000	  0.0097
870.0000	  0.0102
869.5000	  0.0092
869.0000	  0.0087
868.5000	  0.0093
868.0000	  0.0104
867.5000	  0.0108
867.0000	  0.0092
866.5000	  0.0109
866.0000	  0.0087
865.5000	  0.0107
865.0000	  0.0101
864.5000	  0.0086
864.0000	  0.0100
863.5000	  0.0095
863.0000	  0.0095
862.5000	  0.0094
862.0000	  0.0099
861.5000	  0.0097
861.0000	  0.0098
860.5000	  0.0099
860.0000	  0.0106
859.5000	  0.0100
859.0000	  0.0100
858.5000	  0.0100
858.0000	  0.0106
857.5000	  0.0097
857.0000	  0.0098
856.5000	  0.0099
856.0000	  0.0097
855.5000	  0.0101
855.0000	  0.0099
854.5000	  0.0099
854.0000	  0.0098
853.5000	  0.0098
853.0000	  0.0100
852.5000	  0.0099
852.0000	  0.0102
851.5000	  0.0098
851.0000	  0.0100
850.5000	  0.0098
850.0000	  0.0098
849.5000	  0.0099
849.0000	  0.0100
848.5000	  0.0102
848.0000	  0.0101
847.5000	  0.0100
847.0000	  0.0100
846.5000	  0.0104
846.0000	  0.0096
845.5000	  0.0101
845.0000	  0.0100
844.5000	  0.0102
844.0000	  0.0100
843.5000	  0.0101
843.0000	  0.0100
842.5000	  0.0102
842.0000	  0.0103
841.5000	  0.0102
841.0000	  0.0101
840.5000	  0.0103
840.0000	  0.0102
839.5000	  0.0102
839.0000	  0.0103
838.5000	  0.0101
838.0000	  0.0101
837.5000	  0.0102
837.0000	  0.0103
836.5000	  0.0101
836.0000	  0.0102
835.5000	  0.0102
835.0000	  0.0103
834.5000	  0.0102
834.0000	  0.0103
833.5000	  0.0103
833.0000	  0.0101
832.5000	  0.0103
832.0000	  0.0102
831.5000	  0.0103
831.0000	  0.0102
830.5000	  0.0101
830.0000	  0.0101
829.5000	  0.0102
829.0000	  0.0101
828.5000	  0.0102
828.0000	  0.0103
827.5000	  0.0103
827.0000	  0.0102
826.5000	  0.0102
826.0000	  0.0103
825.5000	  0.0102
825.0000	  0.0103
824.5000	  0.0104
824.0000	  0.0103
823.5000	  0.0103
823.0000	  0.0103
822.5000	  0.0104
822.0000	  0.0103
821.5000	  0.0105
821.0000	  0.0104
820.5000	  0.0104
820.0000	  0.0104
819.5000	  0.0106
819.0000	  0.0103
818.5000	  0.0105
818.0000	  0.0105
817.5000	  0.0105
817.0000	  0.0105
816.5000	  0.0105
816.0000	  0.0104
815.5000	  0.0105
815.0000	  0.0106
814.5000	  0.0105
814.0000	  0.0106
813.5000	  0.0106
813.0000	  0.0106
812.5000	  0.0106
812.0000	  0.0106
811.5000	  0.0106
811.0000	  0.0106
810.5000	  0.0107
810.0000	  0.0106
809.5000	  0.0107
809.0000	  0.0108
808.5000	  0.0106
808.0000	  0.0108
807.5000	  0.0108
807.0000	  0.0107
806.5000	  0.0107
806.0000	  0.0108
805.5000	  0.0108
805.0000	  0.0108
804.5000	  0.0109
804.0000	  0.0108
803.5000	  0.0108
803.0000	  0.0109
802.5000	  0.0109
802.0000	  0.0109
801.5000	  0.0110
801.0000	  0.0109
800.5000	  0.0111
800.0000	  0.0110
799.5000	  0.0109
799.0000	  0.0110
798.5000	  0.0110
798.0000	  0.0111
797.5000	  0.0112
797.0000	  0.0110
796.5000	  0.0111
796.0000	  0.0111
795.5000	  0.0111
795.0000	  0.0112
794.5000	  0.0113
794.0000	  0.0111
793.5000	  0.0112
793.0000	  0.0112
792.5000	  0.0113
792.0000	  0.0113
791.5000	  0.0114
791.0000	  0.0114
790.5000	  0.0114
790.0000	  0.0114
789.5000	  0.0114
789.0000	  0.0115
788.5000	  0.0115
788.0000	  0.0115
787.5000	  0.0116
787.0000	  0.0115
786.5000	  0.0115
786.0000	  0.0117
785.5000	  0.0115
785.0000	  0.0116
784.5000	  0.0117
784.0000	  0.0115
783.5000	  0.0116
783.0000	  0.0118
782.5000	  0.0116
782.0000	  0.0116
781.5000	  0.0118
781.0000	  0.0116
780.5000	  0.0119
780.0000	  0.0117
779.5000	  0.0118
779.0000	  0.0119
778.5000	  0.0118
778.0000	  0.0119
777.5000	  0.0121
777.0000	  0.0118
776.5000	  0.0120
776.0000	  0.0121
775.5000	  0.0120
775.0000	  0.0120
774.5000	  0.0121
774.0000	  0.0121
773.5000	  0.0124
773.0000	  0.0121
772.5000	  0.0121
772.0000	  0.0123
771.5000	  0.0121
771.0000	  0.0123
770.5000	  0.0123
770.0000	  0.0122
769.5000	  0.0124
769.0000	  0.0124
768.5000	  0.0124
768.0000	  0.0125
767.5000	  0.0123
767.0000	  0.0126
766.5000	  0.0126
766.0000	  0.0125
765.5000	  0.0126
765.0000	  0.0126
764.5000	  0.0126
764.0000	  0.0128
763.5000	  0.0126
763.0000	  0.0128
762.5000	  0.0128
762.0000	  0.0128
761.5000	  0.0130
761.0000	  0.0128
760.5000	  0.0130
760.0000	  0.0129
759.5000	  0.0130
759.0000	  0.0130
758.5000	  0.0130
758.0000	  0.0132
757.5000	  0.0131
757.0000	  0.0131
756.5000	  0.0134
756.0000	  0.0132
755.5000	  0.0132
755.0000	  0.0133
754.5000	  0.0132
754.0000	  0.0134
753.5000	  0.0134
753.0000	  0.0134
752.5000	  0.0136
752.0000	  0.0134
751.5000	  0.0136
751.0000	  0.0136
750.5000	  0.0136
750.0000	  0.0138
749.5000	  0.0136
749.0000	  0.0138
748.5000	  0.0138
748.0000	  0.0137
747.5000	  0.0140
747.0000	  0.0139
746.5000	  0.0140
746.0000	  0.0140
745.5000	  0.0139
745.0000	  0.0141
744.5000	  0.0141
744.0000	  0.0140
743.5000	  0.0142
743.0000	  0.0140
742.5000	  0.0145
742.0000	  0.0142
741.5000	  0.0143
741.0000	  0.0144
740.5000	  0.0143
740.0000	  0.0145
739.5000	  0.0146
739.0000	  0.0144
738.5000	  0.0146
738.0000	  0.0145
737.5000	  0.0146
737.0000	  0.0147
736.5000	  0.0146
736.0000	  0.0148
735.5000	  0.0147
735.0000	  0.0149
734.5000	  0.0149
734.0000	  0.0149
733.5000	  0.0151
733.0000	  0.0148
732.5000	  0.0152
732.0000	  0.0150
731.5000	  0.0152
731.0000	  0.0154
730.5000	  0.0154
730.0000	  0.0155
729.5000	  0.0153
729.0000	  0.0156
728.5000	  0.0156
728.0000	  0.0155
727.5000	  0.0158
727.0000	  0.0157
726.5000	  0.0161
726.0000	  0.0158
725.5000	  0.0161
725.0000	  0.0160
724.5000	  0.0162
724.0000	  0.0162
723.5000	  0.0162
723.0000	  0.0165
722.5000	  0.0163
722.0000	  0.0166
721.5000	  0.0167
721.0000	  0.0168
720.5000	  0.0169
720.0000	  0.0168
719.5000	  0.0173
719.0000	  0.0170
718.5000	  0.0173
718.0000	  0.0171
717.5000	  0.0171
717.0000	  0.0175
716.5000	  0.0173
716.0000	  0.0176
715.5000	  0.0174
715.0000	  0.0175
714.5000	  0.0174
714.0000	  0.0175
713.5000	  0.0175
713.0000	  0.0173
712.5000	  0.0177
712.0000	  0.0173
711.5000	  0.0176
711.0000	  0.0174
710.5000	  0.0177
710.0000	  0.0174
709.5000	  0.0176
709.0000	  0.0175
708.5000	  0.0177
708.0000	  0.0178
707.5000	  0.0177
707.0000	  0.0178
706.5000	  0.0178
706.0000	  0.0179
705.5000	  0.0180
705.0000	  0.0180
704.5000	  0.0181
704.0000	  0.0180
703.5000	  0.0184
703.0000	  0.0182
702.5000	  0.0184
702.0000	  0.0184
701.5000	  0.0185
701.0000	  0.0186
700.5000	  0.0185
700.0000	  0.0187
699.5000	  0.0186
699.0000	  0.0188
698.5000	  0.0188
698.0000	  0.0189
697.5000	  0.0190
697.0000	  0.0190
696.5000	  0.0192
696.0000	  0.0192
695.5000	  0.0193
695.0000	  0.0193
694.5000	  0.0194
694.0000	  0.0195
693.5000	  0.0196
693.0000	  0.0196
692.5000	  0.0197
692.0000	  0.0198
691.5000	  0.0199
691.0000	  0.0200
690.5000	  0.0200
690.0000	  0.0201
689.5000	  0.0201
689.0000	  0.0203
688.5000	  0.0203
688.0000	  0.0204
687.5000	  0.0204
687.0000	  0.0206
686.5000	  0.0206
686.0000	  0.0207
685.5000	  0.0208
685.0000	  0.0209
684.5000	  0.0209
684.0000	  0.0212
683.5000	  0.0211
683.0000	  0.0212
682.5000	  0.0213
682.0000	  0.0214
681.5000	  0.0214
681.0000	  0.0216
680.5000	  0.0215
680.0000	  0.0218
679.5000	  0.0219
679.0000	  0.0219
678.5000	  0.0221
678.0000	  0.0221
677.5000	  0.0221
677.0000	  0.0223
676.5000	  0.0224
676.0000	  0.0225
675.5000	  0.0225
675.0000	  0.0226
674.5000	  0.0228
674.0000	  0.0227
673.5000	  0.0229
673.0000	  0.0231
672.5000	  0.0231
672.0000	  0.0232
671.5000	  0.0234
671.0000	  0.0234
670.5000	  0.0235
670.0000	  0.0236
669.5000	  0.0238
669.0000	  0.0238
668.5000	  0.0239
668.0000	  0.0239
667.5000	  0.0242
667.0000	  0.0242
666.5000	  0.0243
666.0000	  0.0244
665.5000	  0.0245
665.0000	  0.0246
664.5000	  0.0248
664.0000	  0.0248
663.5000	  0.0250
663.0000	  0.0250
662.5000	  0.0251
662.0000	  0.0252
661.5000	  0.0253
661.0000	  0.0255
660.5000	  0.0257
660.0000	  0.0257
659.5000	  0.0258
659.0000	  0.0259
658.5000	  0.0259
658.0000	  0.0261
657.5000	  0.0263
657.0000	  0.0264
656.5000	  0.0265
656.0000	  0.0266
655.5000	  0.0268
655.0000	  0.0269
654.5000	  0.0270
654.0000	  0.0270
653.5000	  0.0273
653.0000	  0.0273
652.5000	  0.0275
652.0000	  0.0276
651.5000	  0.0276
651.0000	  0.0278
650.5000	  0.0279
650.0000	  0.0280
649.5000	  0.0282
649.0000	  0.0284
648.5000	  0.0284
648.0000	  0.0286
647.5000	  0.0286
647.0000	  0.0288
646.5000	  0.0290
646.0000	  0.0291
645.5000	  0.0292
645.0000	  0.0293
644.5000	  0.0294
644.0000	  0.0296
643.5000	  0.0298
643.0000	  0.0298
642.5000	  0.0300
642.0000	  0.0301
641.5000	  0.0303
641.0000	  0.0305
640.5000	  0.0306
640.0000	  0.0308
639.5000	  0.0309
639.0000	  0.0310
638.5000	  0.0312
638.0000	  0.0314
637.5000	  0.0314
637.0000	  0.0316
636.5000	  0.0316
636.0000	  0.0319
635.5000	  0.0320
635.0000	  0.0321
634.5000	  0.0322
634.0000	  0.0324
633.5000	  0.0327
633.0000	  0.0327
632.5000	  0.0329
632.0000	  0.0331
631.5000	  0.0332
631.0000	  0.0334
630.5000	  0.0336
630.0000	  0.0338
629.5000	  0.0340
629.0000	  0.0341
628.5000	  0.0343
628.0000	  0.0345
627.5000	  0.0348
627.0000	  0.0349
626.5000	  0.0353
626.0000	  0.0354
625.5000	  0.0358
625.0000	  0.0358
624.5000	  0.0361
624.0000	  0.0363
623.5000	  0.0364
623.0000	  0.0367
622.5000	  0.0369
622.0000	  0.0372
621.5000	  0.0375
621.0000	  0.0377
620.5000	  0.0379
620.0000	  0.0381
619.5000	  0.0382
619.0000	  0.0385
618.5000	  0.0386
618.0000	  0.0390
617.5000	  0.0391
617.0000	  0.0391
616.5000	  0.0394
616.0000	  0.0396
615.5000	  0.0398
615.0000	  0.0400
614.5000	  0.0402
614.0000	  0.0405
613.5000	  0.0405
613.0000	  0.0408
612.5000	  0.0409
612.0000	  0.0412
611.5000	  0.0415
611.0000	  0.0418
610.5000	  0.0417
610.0000	  0.0421
609.5000	  0.0422
609.0000	  0.0426
608.5000	  0.0428
608.0000	  0.0430
607.5000	  0.0432
607.0000	  0.0435
606.5000	  0.0436
606.0000	  0.0438
605.5000	  0.0441
605.0000	  0.0445
604.5000	  0.0446
604.0000	  0.0449
603.5000	  0.0452
603.0000	  0.0454
602.5000	  0.0456
602.0000	  0.0457
601.5000	  0.0462
601.0000	  0.0465
600.5000	  0.0467
600.0000	  0.0469
599.5000	  0.0471
599.0000	  0.0474
598.5000	  0.0476
598.0000	  0.0477
597.5000	  0.0481
597.0000	  0.0484
596.5000	  0.0487
596.0000	  0.0489
595.5000	  0.0491
595.0000	  0.0494
594.5000	  0.0497
594.0000	  0.0502
593.5000	  0.0503
593.0000	  0.0505
592.5000	  0.0508
592.0000	  0.0512
591.5000	  0.0514
591.0000	  0.0516
590.5000	  0.0521
590.0000	  0.0522
589.5000	  0.0526
589.0000	  0.0530
588.5000	  0.0531
588.0000	  0.0534
587.5000	  0.0537
587.0000	  0.0539
586.5000	  0.0543
586.0000	  0.0547
585.5000	  0.0548
585.0000	  0.0551
584.5000	  0.0554
584.0000	  0.0557
583.5000	  0.0561
583.0000	  0.0563
582.5000	  0.0567
582.0000	  0.0570
581.5000	  0.0572
581.0000	  0.0575
580.5000	  0.0581
580.0000	  0.0580
579.5000	  0.0585
579.0000	  0.0588
578.5000	  0.0592
578.0000	  0.0596
577.5000	  0.0598
577.0000	  0.0600
576.5000	  0.0607
576.0000	  0.0608
575.5000	  0.0608
575.0000	  0.0616
574.5000	  0.0619
574.0000	  0.0621
573.5000	  0.0624
573.0000	  0.0628
572.5000	  0.0631
572.0000	  0.0636
571.5000	  0.0638
571.0000	  0.0643
570.5000	  0.0648
570.0000	  0.0652
569.5000	  0.0653
569.0000	  0.0658
568.5000	  0.0662
568.0000	  0.0665
567.5000	  0.0669
567.0000	  0.0672
566.5000	  0.0676
566.0000	  0.0679
565.5000	  0.0683
565.0000	  0.0688
564.5000	  0.0691
564.0000	  0.0695
563.5000	  0.0698
563.0000	  0.0703
562.5000	  0.0707
562.0000	  0.0713
561.5000	  0.0714
561.0000	  0.0719
560.5000	  0.0723
560.0000	  0.0726
559.5000	  0.0729
559.0000	  0.0732
558.5000	  0.0738
558.0000	  0.0743
557.5000	  0.0744
557.0000	  0.0750
556.5000	  0.0754
556.0000	  0.0759
555.5000	  0.0761
555.0000	  0.0767
554.5000	  0.0770
554.0000	  0.0776
553.5000	  0.0778
553.0000	  0.0784
552.5000	  0.0789
552.0000	  0.0793
551.5000	  0.0798
551.0000	  0.0803
550.5000	  0.0806
550.0000	  0.0811
549.5000	  0.0814
549.0000	  0.0820
548.5000	  0.0824
548.0000	  0.0830
547.5000	  0.0835
547.0000	  0.0839
546.5000	  0.0844
546.0000	  0.0848
545.5000	  0.0852
545.0000	  0.0857
544.5000	  0.0861
544.0000	  0.0866
543.5000	  0.0871
543.0000	  0.0876
542.5000	  0.0881
542.0000	  0.0885
541.5000	  0.0892
541.0000	  0.0893
540.5000	  0.0899
540.0000	  0.0905
539.5000	  0.0909
539.0000	  0.0913
538.5000	  0.0920
538.0000	  0.0925
537.5000	  0.0931
537.0000	  0.0934
536.5000	  0.0938
536.0000	  0.0944
535.5000	  0.0948
535.0000	  0.0954
534.5000	  0.0960
534.0000	  0.0964
533.5000	  0.0970
533.0000	  0.0974
532.5000	  0.0979
532.0000	  0.0984
531.5000	  0.0989
531.0000	  0.0996
530.5000	  0.1000
530.0000	  0.1006
529.5000	  0.1011
529.0000	  0.1015
528.5000	  0.1020
528.0000	  0.1027
527.5000	  0.1031
527.0000	  0.1038
526.5000	  0.1039
526.0000	  0.1048
525.5000	  0.1052
525.0000	  0.1057
524.5000	  0.1062
524.0000	  0.1067
523.5000	  0.1072
523.0000	  0.1080
522.5000	  0.1082
522.0000	  0.1088
521.5000	  0.1093
521.0000	  0.1099
520.5000	  0.1103
520.0000	  0.1108
519.5000	  0.1114
519.0000	  0.1117
518.5000	  0.1122
518.0000	  0.1128
517.5000	  0.1132
517.0000	  0.1137
516.5000	  0.1141
516.0000	  0.1144
515.5000	  0.1150
515.0000	  0.1155
514.5000	  0.1161
514.0000	  0.1161
513.5000	  0.1166
513.0000	  0.1171
512.5000	  0.1175
512.0000	  0.1177
511.5000	  0.1184
511.0000	  0.1186
510.5000	  0.1191
510.0000	  0.1194
509.5000	  0.1198
509.0000	  0.1200
508.5000	  0.1205
508.0000	  0.1208
507.5000	  0.1212
507.0000	  0.1215
506.5000	  0.1219
506.0000	  0.1221
505.5000	  0.1223
505.0000	  0.1228
504.5000	  0.1230
504.0000	  0.1235
503.5000	  0.1235
503.0000	  0.1241
502.5000	  0.1239
502.0000	  0.1243
501.5000	  0.1244
501.0000	  0.1247
500.5000	  0.1249
500.0000	  0.1250
499.5000	  0.1249
499.0000	  0.1249
498.5000	  0.1255
498.0000	  0.1255
497.5000	  0.1251
497.0000	  0.1252
496.5000	  0.1251
496.0000	  0.1248
495.5000	  0.1247
495.0000	  0.1246
494.5000	  0.1244
494.0000	  0.1242
493.5000	  0.1241
493.0000	  0.1238
492.5000	  0.1235
492.0000	  0.1234
491.5000	  0.1230
491.0000	  0.1222
490.5000	  0.1221
490.0000	  0.1215
489.5000	  0.1213
489.0000	  0.1208
488.5000	  0.1205
488.0000	  0.1197
487.5000	  0.1196
487.0000	  0.1188
486.5000	  0.1185
486.0000	  0.1178
485.5000	  0.1172
485.0000	  0.1166
484.5000	  0.1161
484.0000	  0.1156
483.5000	  0.1148
483.0000	  0.1145
482.5000	  0.1137
482.0000	  0.1132
481.5000	  0.1125
481.0000	  0.1123
480.5000	  0.1116
480.0000	  0.1110
479.5000	  0.1105
479.0000	  0.1099
478.5000	  0.1092
478.0000	  0.1088
477.5000	  0.1081
477.0000	  0.1075
476.5000	  0.1067
476.0000	  0.1064
475.5000	  0.1058
475.0000	  0.1054
474.5000	  0.1046
474.0000	  0.1042
473.5000	  0.1036
473.0000	  0.1027
472.5000	  0.1027
472.0000	  0.1018
471.5000	  0.1014
471.0000	  0.1011
470.5000	  0.1003
470.0000	  0.0999
469.5000	  0.0995
469.0000	  0.0991
468.5000	  0.0986
468.0000	  0.0980
467.5000	  0.0976
467.0000	  0.0970
466.5000	  0.0967
466.0000	  0.0966
465.5000	  0.0959
465.0000	  0.0955
464.5000	  0.0948
464.0000	  0.0948
463.5000	  0.0946
463.0000	  0.0938
462.5000	  0.0933
462.0000	  0.0932
461.5000	  0.0927
461.0000	  0.0923
460.5000	  0.0919
460.0000	  0.0917
459.5000	  0.0910
459.0000	  0.0905
458.5000	  0.0899
458.0000	  0.0899
457.5000	  0.0894
457.0000	  0.0890
456.5000	  0.0888
456.0000	  0.0881
455.5000	  0.0874
455.0000	  0.0872
454.5000	  0.0865
454.0000	  0.0863
453.5000	  0.0856
453.0000	  0.0850
452.5000	  0.0845
452.0000	  0.0841
451.5000	  0.0836
451.0000	  0.0830
450.5000	  0.0826
450.0000	  0.0818
449.5000	  0.0815
449.0000	  0.0808
448.5000	  0.0803
448.0000	  0.0799
447.5000	  0.0792
447.0000	  0.0786
446.5000	  0.0781
446.0000	  0.0778
445.5000	  0.0774
445.0000	  0.0770
444.5000	  0.0768
444.0000	  0.0761
443.5000	  0.0758
443.0000	  0.0752
442.5000	  0.0748
442.0000	  0.0745
441.5000	  0.0741
441.0000	  0.0736
440.5000	  0.0732
440.0000	  0.0732
439.5000	  0.0729
439.0000	  0.0723
438.5000	  0.0719
438.0000	  0.0714
437.5000	  0.0712
437.0000	  0.0709
436.5000	  0.0706
436.0000	  0.0703
435.5000	  0.0700
435.0000	  0.0697
434.5000	  0.0692
434.0000	  0.0692
433.5000	  0.0690
433.0000	  0.0685
432.5000	  0.0683
432.0000	  0.0681
431.5000	  0.0676
431.0000	  0.0675
430.5000	  0.0671
430.0000	  0.0669
429.5000	  0.0665
429.0000	  0.0666
428.5000	  0.0662
428.0000	  0.0659
427.5000	  0.0659
427.0000	  0.0653
426.5000	  0.0651
426.0000	  0.0652
425.5000	  0.0647
425.0000	  0.0645
424.5000	  0.0644
424.0000	  0.0643
423.5000	  0.0640
423.0000	  0.0639
422.5000	  0.0634
422.0000	  0.0632
421.5000	  0.0629
421.0000	  0.0628
420.5000	  0.0625
420.0000	  0.0625
419.5000	  0.0623
419.0000	  0.0619
418.5000	  0.0618
418.0000	  0.0613
417.5000	  0.0612
417.0000	  0.0612
416.5000	  0.0612
416.0000	  0.0607
415.5000	  0.0605
415.0000	  0.0603
414.5000	  0.0602
414.0000	  0.0599
413.5000	  0.0596
413.0000	  0.0596
412.5000	  0.0596
412.0000	  0.0593
411.5000	  0.0591
411.0000	  0.0590
410.5000	  0.0587
410.0000	  0.0585
409.5000	  0.0585
409.0000	  0.0580
408.5000	  0.0579
408.0000	  0.0578
407.5000	  0.0577
407.0000	  0.0576
406.5000	  0.0571
406.0000	  0.0570
405.5000	  0.0566
405.0000	  0.0567
404.5000	  0.0567
404.0000	  0.0563
403.5000	  0.0561
403.0000	  0.0561
402.5000	  0.0559
402.0000	  0.0556
401.5000	  0.0553
401.0000	  0.0553
400.5000	  0.0552
400.0000	  0.0550
399.5000	  0.0549
399.0000	  0.0546
398.5000	  0.0547
398.0000	  0.0545
397.5000	  0.0540
397.0000	  0.0539
396.5000	  0.0540
396.0000	  0.0536
395.5000	  0.0537
395.0000	  0.0537
394.5000	  0.0534
394.0000	  0.0533
393.5000	  0.0531
393.0000	  0.0531
392.5000	  0.0532
392.0000	  0.0527
391.5000	  0.0524
391.0000	  0.0527
390.5000	  0.0527
390.0000	  0.0523
389.5000	  0.0524
389.0000	  0.0524
388.5000	  0.0523
388.0000	  0.0520
387.5000	  0.0518
387.0000	  0.0518
386.5000	  0.0515
386.0000	  0.0519
385.5000	  0.0517
385.0000	  0.0515
384.5000	  0.0517
384.0000	  0.0514
383.5000	  0.0511
383.0000	  0.0513
382.5000	  0.0512
382.0000	  0.0509
381.5000	  0.0511
381.0000	  0.0508
380.5000	  0.0509
380.0000	  0.0509
379.5000	  0.0508
379.0000	  0.0506
378.5000	  0.0503
378.0000	  0.0506
377.5000	  0.0506
377.0000	  0.0500
376.5000	  0.0504
376.0000	  0.0503
375.5000	  0.0502
375.0000	  0.0502
374.5000	  0.0498
374.0000	  0.0499
373.5000	  0.0497
373.0000	  0.0500
372.5000	  0.0497
372.0000	  0.0498
371.5000	  0.0494
371.0000	  0.0496
370.5000	  0.0495
370.0000	  0.0497
369.5000	  0.0492
369.0000	  0.0490
368.5000	  0.0491
368.0000	  0.0493
367.5000	  0.0493
367.0000	  0.0489
366.5000	  0.0489
366.0000	  0.0489
365.5000	  0.0486
365.0000	  0.0486
364.5000	  0.0489
364.0000	  0.0488
363.5000	  0.0484
363.0000	  0.0484
362.5000	  0.0484
362.0000	  0.0485
361.5000	  0.0484
361.0000	  0.0479
360.5000	  0.0485
360.0000	  0.0483
359.5000	  0.0485
359.0000	  0.0480
358.5000	  0.0474
358.0000	  0.0481
357.5000	  0.0482
357.0000	  0.0472
356.5000	  0.0474
356.0000	  0.0479
355.5000	  0.0475
355.0000	  0.0475
354.5000	  0.0476
354.0000	  0.0478
353.5000	  0.0469
353.0000	  0.0470
352.5000	  0.0467
352.0000	  0.0460
351.5000	  0.0464
351.0000	  0.0460
350.5000	  0.0457
350.0000	  0.0463
