21/04/2023 16.36.06
21/04/2023 16.43.27

900.0000	 46.4700

900.0000	 46.4700

900.0000	 46.9000



  1.0000
900.0000
  3.0000
340.0000
  1.0000
1101.0000
  5.0000
  6.0000
  1.0000
  1.0000
  0.0000
  0.0000
100.0000
  0.0000
  1.0000
  0.0000
500.0000
900.0000
350.0000
  4.0000
  1.0000
 18.0000
  2.0000
  1.0000
255.0000
  0.8498
  1.0000
 30.0000
  4.0000
500.0000
  0.0000
  0.0000
  4.0000
900.0000
350.0000
  0.0000
100.0000
  0.0000
  1.0000
  0.0000
500.0000
  1.0000
  1.0000
  1.0000
  1.0000
  4.0000
  0.0000
  1.0000
  1.0000
  1.0000
  1.0000
  1.0000
  2.0000
  1.0000
  1.0000
  1.0000
  3.0000
  1.0000
  1.0000
  1.0000
  4.0000
  5.0000
440.910
0.000
900.0000	  0.4534
899.5000	  0.4549
899.0000	  0.5104
898.5000	  0.5103
898.0000	  0.4748
897.5000	  0.4692
897.0000	  0.4213
896.5000	  0.4480
896.0000	  0.4525
895.5000	  0.5230
895.0000	  0.4866
894.5000	  0.4878
894.0000	  0.4502
893.5000	  0.4544
893.0000	  0.5481
892.5000	  0.4228
892.0000	  0.4343
891.5000	  0.4498
891.0000	  0.4714
890.5000	  0.4793
890.0000	  0.4614
889.5000	  0.4836
889.0000	  0.4181
888.5000	  0.4287
888.0000	  0.4242
887.5000	  0.4384
887.0000	  0.4566
886.5000	  0.4294
886.0000	  0.4783
885.5000	  0.4366
885.0000	  0.4436
884.5000	  0.4401
884.0000	  0.4473
883.5000	  0.4540
883.0000	  0.4287
882.5000	  0.4319
882.0000	  0.4413
881.5000	  0.4609
881.0000	  0.4539
880.5000	  0.4530
880.0000	  0.4550
879.5000	  0.4488
879.0000	  0.4403
878.5000	  0.4375
878.0000	  0.4457
877.5000	  0.4368
877.0000	  0.4455
876.5000	  0.4634
876.0000	  0.4567
875.5000	  0.4380
875.0000	  0.4464
874.5000	  0.4442
874.0000	  0.4388
873.5000	  0.4526
873.0000	  0.4450
872.5000	  0.4440
872.0000	  0.4462
871.5000	  0.4537
871.0000	  0.4548
870.5000	  0.4434
870.0000	  0.4445
869.5000	  0.4486
869.0000	  0.4450
868.5000	  0.4437
868.0000	  0.4495
867.5000	  0.4389
867.0000	  0.4341
866.5000	  0.4414
866.0000	  0.4400
865.5000	  0.4376
865.0000	  0.4412
864.5000	  0.4379
864.0000	  0.4430
863.5000	  0.4381
863.0000	  0.4392
862.5000	  0.4414
862.0000	  0.4400
861.5000	  0.4451
861.0000	  0.4343
860.5000	  0.4440
860.0000	  0.4421
859.5000	  0.4391
859.0000	  0.4430
858.5000	  0.4409
858.0000	  0.4373
857.5000	  0.4377
857.0000	  0.4420
856.5000	  0.4360
856.0000	  0.4385
855.5000	  0.4410
855.0000	  0.4416
854.5000	  0.4386
854.0000	  0.4358
853.5000	  0.4355
853.0000	  0.4352
852.5000	  0.4373
852.0000	  0.4417
851.5000	  0.4358
851.0000	  0.4348
850.5000	  0.4392
850.0000	  0.4377
849.5000	  0.4392
849.0000	  0.4395
848.5000	  0.4370
848.0000	  0.4349
847.5000	  0.4361
847.0000	  0.4359
846.5000	  0.4388
846.0000	  0.4351
845.5000	  0.4357
845.0000	  0.4364
844.5000	  0.4343
844.0000	  0.4368
843.5000	  0.4360
843.0000	  0.4348
842.5000	  0.4352
842.0000	  0.4343
841.5000	  0.4330
841.0000	  0.4343
840.5000	  0.4341
840.0000	  0.4328
839.5000	  0.4328
839.0000	  0.4346
838.5000	  0.4333
838.0000	  0.4335
837.5000	  0.4318
837.0000	  0.4329
836.5000	  0.4325
836.0000	  0.4319
835.5000	  0.4314
835.0000	  0.4309
834.5000	  0.4294
834.0000	  0.4307
833.5000	  0.4285
833.0000	  0.4282
832.5000	  0.4282
832.0000	  0.4291
831.5000	  0.4276
831.0000	  0.4276
830.5000	  0.4271
830.0000	  0.4263
829.5000	  0.4269
829.0000	  0.4251
828.5000	  0.4256
828.0000	  0.4242
827.5000	  0.4239
827.0000	  0.4245
826.5000	  0.4235
826.0000	  0.4247
825.5000	  0.4235
825.0000	  0.4224
824.5000	  0.4223
824.0000	  0.4225
823.5000	  0.4206
823.0000	  0.4217
822.5000	  0.4213
822.0000	  0.4217
821.5000	  0.4195
821.0000	  0.4206
820.5000	  0.4189
820.0000	  0.4191
819.5000	  0.4190
819.0000	  0.4183
818.5000	  0.4168
818.0000	  0.4179
817.5000	  0.4187
817.0000	  0.4169
816.5000	  0.4170
816.0000	  0.4162
815.5000	  0.4155
815.0000	  0.4153
814.5000	  0.4155
814.0000	  0.4139
813.5000	  0.4147
813.0000	  0.4138
812.5000	  0.4143
812.0000	  0.4137
811.5000	  0.4140
811.0000	  0.4122
810.5000	  0.4119
810.0000	  0.4120
809.5000	  0.4109
809.0000	  0.4112
808.5000	  0.4109
808.0000	  0.4099
807.5000	  0.4110
807.0000	  0.4109
806.5000	  0.4101
806.0000	  0.4083
805.5000	  0.4092
805.0000	  0.4089
804.5000	  0.4089
804.0000	  0.4088
803.5000	  0.4077
803.0000	  0.4078
802.5000	  0.4069
802.0000	  0.4055
801.5000	  0.4054
801.0000	  0.4055
800.5000	  0.4042
800.0000	  0.4061
799.5000	  0.4044
799.0000	  0.4045
798.5000	  0.4049
798.0000	  0.4043
797.5000	  0.4040
797.0000	  0.4031
796.5000	  0.4029
796.0000	  0.4022
795.5000	  0.4015
795.0000	  0.4012
794.5000	  0.4012
794.0000	  0.4000
793.5000	  0.3999
793.0000	  0.4003
792.5000	  0.3996
792.0000	  0.3999
791.5000	  0.4002
791.0000	  0.3991
790.5000	  0.3986
790.0000	  0.3985
789.5000	  0.3978
789.0000	  0.3973
788.5000	  0.3967
788.0000	  0.3964
787.5000	  0.3954
787.0000	  0.3961
786.5000	  0.3956
786.0000	  0.3951
785.5000	  0.3954
785.0000	  0.3940
784.5000	  0.3941
784.0000	  0.3943
783.5000	  0.3930
783.0000	  0.3928
782.5000	  0.3927
782.0000	  0.3927
781.5000	  0.3925
781.0000	  0.3918
780.5000	  0.3909
780.0000	  0.3908
779.5000	  0.3905
779.0000	  0.3893
778.5000	  0.3900
778.0000	  0.3894
777.5000	  0.3893
777.0000	  0.3895
776.5000	  0.3887
776.0000	  0.3872
775.5000	  0.3884
775.0000	  0.3872
774.5000	  0.3872
774.0000	  0.3868
773.5000	  0.3861
773.0000	  0.3858
772.5000	  0.3854
772.0000	  0.3851
771.5000	  0.3861
771.0000	  0.3844
770.5000	  0.3838
770.0000	  0.3832
769.5000	  0.3831
769.0000	  0.3822
768.5000	  0.3822
768.0000	  0.3814
767.5000	  0.3825
767.0000	  0.3814
766.5000	  0.3807
766.0000	  0.3808
765.5000	  0.3805
765.0000	  0.3796
764.5000	  0.3794
764.0000	  0.3787
763.5000	  0.3790
763.0000	  0.3790
762.5000	  0.3776
762.0000	  0.3783
761.5000	  0.3770
761.0000	  0.3763
760.5000	  0.3765
760.0000	  0.3753
759.5000	  0.3754
759.0000	  0.3760
758.5000	  0.3746
758.0000	  0.3753
757.5000	  0.3745
757.0000	  0.3734
756.5000	  0.3733
756.0000	  0.3728
755.5000	  0.3729
755.0000	  0.3725
754.5000	  0.3728
754.0000	  0.3717
753.5000	  0.3716
753.0000	  0.3710
752.5000	  0.3702
752.0000	  0.3698
751.5000	  0.3692
751.0000	  0.3691
750.5000	  0.3684
750.0000	  0.3686
749.5000	  0.3677
749.0000	  0.3684
748.5000	  0.3676
748.0000	  0.3672
747.5000	  0.3667
747.0000	  0.3659
746.5000	  0.3666
746.0000	  0.3663
745.5000	  0.3649
745.0000	  0.3655
744.5000	  0.3646
744.0000	  0.3637
743.5000	  0.3641
743.0000	  0.3619
742.5000	  0.3633
742.0000	  0.3630
741.5000	  0.3620
741.0000	  0.3628
740.5000	  0.3613
740.0000	  0.3616
739.5000	  0.3615
739.0000	  0.3609
738.5000	  0.3610
738.0000	  0.3593
737.5000	  0.3602
737.0000	  0.3601
736.5000	  0.3598
736.0000	  0.3598
735.5000	  0.3580
735.0000	  0.3587
734.5000	  0.3579
734.0000	  0.3577
733.5000	  0.3583
733.0000	  0.3570
732.5000	  0.3574
732.0000	  0.3575
731.5000	  0.3561
731.0000	  0.3577
730.5000	  0.3561
730.0000	  0.3566
729.5000	  0.3563
729.0000	  0.3562
728.5000	  0.3561
728.0000	  0.3555
727.5000	  0.3567
727.0000	  0.3567
726.5000	  0.3564
726.0000	  0.3564
725.5000	  0.3571
725.0000	  0.3579
724.5000	  0.3568
724.0000	  0.3578
723.5000	  0.3582
723.0000	  0.3588
722.5000	  0.3597
722.0000	  0.3599
721.5000	  0.3613
721.0000	  0.3615
720.5000	  0.3615
720.0000	  0.3617
719.5000	  0.3637
719.0000	  0.3636
718.5000	  0.3638
718.0000	  0.3644
717.5000	  0.3633
717.0000	  0.3642
716.5000	  0.3619
716.0000	  0.3609
715.5000	  0.3592
715.0000	  0.3577
714.5000	  0.3563
714.0000	  0.3533
713.5000	  0.3524
713.0000	  0.3503
712.5000	  0.3474
712.0000	  0.3461
711.5000	  0.3442
711.0000	  0.3433
710.5000	  0.3406
710.0000	  0.3404
709.5000	  0.3383
709.0000	  0.3381
708.5000	  0.3361
708.0000	  0.3352
707.5000	  0.3347
707.0000	  0.3334
706.5000	  0.3330
706.0000	  0.3323
705.5000	  0.3323
705.0000	  0.3313
704.5000	  0.3313
704.0000	  0.3312
703.5000	  0.3300
703.0000	  0.3302
702.5000	  0.3294
702.0000	  0.3297
701.5000	  0.3284
701.0000	  0.3282
700.5000	  0.3273
700.0000	  0.3267
699.5000	  0.3266
699.0000	  0.3256
698.5000	  0.3254
698.0000	  0.3250
697.5000	  0.3247
697.0000	  0.3243
696.5000	  0.3238
696.0000	  0.3224
695.5000	  0.3223
695.0000	  0.3224
694.5000	  0.3218
694.0000	  0.3211
693.5000	  0.3207
693.0000	  0.3206
692.5000	  0.3191
692.0000	  0.3189
691.5000	  0.3182
691.0000	  0.3179
690.5000	  0.3175
690.0000	  0.3165
689.5000	  0.3167
689.0000	  0.3167
688.5000	  0.3156
688.0000	  0.3150
687.5000	  0.3146
687.0000	  0.3137
686.5000	  0.3137
686.0000	  0.3132
685.5000	  0.3125
685.0000	  0.3115
684.5000	  0.3113
684.0000	  0.3109
683.5000	  0.3102
683.0000	  0.3099
682.5000	  0.3099
682.0000	  0.3087
681.5000	  0.3087
681.0000	  0.3074
680.5000	  0.3078
680.0000	  0.3072
679.5000	  0.3065
679.0000	  0.3056
678.5000	  0.3056
678.0000	  0.3048
677.5000	  0.3043
677.0000	  0.3038
676.5000	  0.3032
676.0000	  0.3027
675.5000	  0.3026
675.0000	  0.3018
674.5000	  0.3020
674.0000	  0.3006
673.5000	  0.3004
673.0000	  0.3001
672.5000	  0.2997
672.0000	  0.2994
671.5000	  0.2989
671.0000	  0.2978
670.5000	  0.2977
670.0000	  0.2970
669.5000	  0.2964
669.0000	  0.2960
668.5000	  0.2954
668.0000	  0.2947
667.5000	  0.2946
667.0000	  0.2935
666.5000	  0.2932
666.0000	  0.2931
665.5000	  0.2921
665.0000	  0.2923
664.5000	  0.2913
664.0000	  0.2904
663.5000	  0.2907
663.0000	  0.2900
662.5000	  0.2895
662.0000	  0.2895
661.5000	  0.2885
661.0000	  0.2876
660.5000	  0.2878
660.0000	  0.2870
659.5000	  0.2862
659.0000	  0.2862
658.5000	  0.2849
658.0000	  0.2851
657.5000	  0.2847
657.0000	  0.2841
656.5000	  0.2833
656.0000	  0.2830
655.5000	  0.2823
655.0000	  0.2819
654.5000	  0.2811
654.0000	  0.2810
653.5000	  0.2807
653.0000	  0.2798
652.5000	  0.2794
652.0000	  0.2791
651.5000	  0.2781
651.0000	  0.2778
650.5000	  0.2770
650.0000	  0.2766
649.5000	  0.2760
649.0000	  0.2760
648.5000	  0.2753
648.0000	  0.2744
647.5000	  0.2737
647.0000	  0.2738
646.5000	  0.2730
646.0000	  0.2719
645.5000	  0.2720
645.0000	  0.2714
644.5000	  0.2706
644.0000	  0.2701
643.5000	  0.2694
643.0000	  0.2693
642.5000	  0.2684
642.0000	  0.2678
641.5000	  0.2669
641.0000	  0.2663
640.5000	  0.2661
640.0000	  0.2656
639.5000	  0.2649
639.0000	  0.2641
638.5000	  0.2635
638.0000	  0.2632
637.5000	  0.2623
637.0000	  0.2619
636.5000	  0.2609
636.0000	  0.2600
635.5000	  0.2599
635.0000	  0.2594
634.5000	  0.2586
634.0000	  0.2580
633.5000	  0.2574
633.0000	  0.2570
632.5000	  0.2566
632.0000	  0.2560
631.5000	  0.2555
631.0000	  0.2554
630.5000	  0.2547
630.0000	  0.2547
629.5000	  0.2550
629.0000	  0.2542
628.5000	  0.2550
628.0000	  0.2550
627.5000	  0.2555
627.0000	  0.2552
626.5000	  0.2555
626.0000	  0.2554
625.5000	  0.2565
625.0000	  0.2560
624.5000	  0.2563
624.0000	  0.2565
623.5000	  0.2569
623.0000	  0.2565
622.5000	  0.2575
622.0000	  0.2573
621.5000	  0.2573
621.0000	  0.2572
620.5000	  0.2573
620.0000	  0.2574
619.5000	  0.2576
619.0000	  0.2573
618.5000	  0.2570
618.0000	  0.2565
617.5000	  0.2561
617.0000	  0.2560
616.5000	  0.2552
616.0000	  0.2543
615.5000	  0.2538
615.0000	  0.2534
614.5000	  0.2531
614.0000	  0.2524
613.5000	  0.2520
613.0000	  0.2519
612.5000	  0.2517
612.0000	  0.2515
611.5000	  0.2510
611.0000	  0.2508
610.5000	  0.2503
610.0000	  0.2497
609.5000	  0.2497
609.0000	  0.2491
608.5000	  0.2489
608.0000	  0.2490
607.5000	  0.2486
607.0000	  0.2485
606.5000	  0.2479
606.0000	  0.2481
605.5000	  0.2472
605.0000	  0.2469
604.5000	  0.2469
604.0000	  0.2466
603.5000	  0.2466
603.0000	  0.2463
602.5000	  0.2458
602.0000	  0.2454
601.5000	  0.2449
601.0000	  0.2451
600.5000	  0.2446
600.0000	  0.2448
599.5000	  0.2443
599.0000	  0.2440
598.5000	  0.2439
598.0000	  0.2439
597.5000	  0.2434
597.0000	  0.2430
596.5000	  0.2432
596.0000	  0.2429
595.5000	  0.2427
595.0000	  0.2423
594.5000	  0.2428
594.0000	  0.2424
593.5000	  0.2420
593.0000	  0.2419
592.5000	  0.2421
592.0000	  0.2416
591.5000	  0.2418
591.0000	  0.2417
590.5000	  0.2414
590.0000	  0.2415
589.5000	  0.2411
589.0000	  0.2412
588.5000	  0.2406
588.0000	  0.2405
587.5000	  0.2405
587.0000	  0.2406
586.5000	  0.2406
586.0000	  0.2405
585.5000	  0.2401
585.0000	  0.2404
584.5000	  0.2406
584.0000	  0.2399
583.5000	  0.2400
583.0000	  0.2401
582.5000	  0.2397
582.0000	  0.2397
581.5000	  0.2397
581.0000	  0.2392
580.5000	  0.2392
580.0000	  0.2396
579.5000	  0.2395
579.0000	  0.2398
578.5000	  0.2403
578.0000	  0.2394
577.5000	  0.2402
577.0000	  0.2398
576.5000	  0.2397
576.0000	  0.2398
575.5000	  0.2397
575.0000	  0.2400
574.5000	  0.2397
574.0000	  0.2401
573.5000	  0.2400
573.0000	  0.2404
572.5000	  0.2402
572.0000	  0.2403
571.5000	  0.2403
571.0000	  0.2408
570.5000	  0.2407
570.0000	  0.2408
569.5000	  0.2411
569.0000	  0.2408
568.5000	  0.2415
568.0000	  0.2416
567.5000	  0.2416
567.0000	  0.2419
566.5000	  0.2418
566.0000	  0.2421
565.5000	  0.2427
565.0000	  0.2427
564.5000	  0.2429
564.0000	  0.2429
563.5000	  0.2435
563.0000	  0.2438
562.5000	  0.2438
562.0000	  0.2441
561.5000	  0.2449
561.0000	  0.2447
560.5000	  0.2453
560.0000	  0.2437
559.5000	  0.2441
559.0000	  0.2448
558.5000	  0.2450
558.0000	  0.2453
557.5000	  0.2455
557.0000	  0.2461
556.5000	  0.2461
556.0000	  0.2466
555.5000	  0.2468
555.0000	  0.2471
554.5000	  0.2475
554.0000	  0.2484
553.5000	  0.2486
553.0000	  0.2489
552.5000	  0.2493
552.0000	  0.2500
551.5000	  0.2505
551.0000	  0.2508
550.5000	  0.2510
550.0000	  0.2523
549.5000	  0.2525
549.0000	  0.2531
548.5000	  0.2532
548.0000	  0.2541
547.5000	  0.2550
547.0000	  0.2555
546.5000	  0.2556
546.0000	  0.2565
545.5000	  0.2574
545.0000	  0.2574
544.5000	  0.2583
544.0000	  0.2589
543.5000	  0.2597
543.0000	  0.2602
542.5000	  0.2609
542.0000	  0.2615
541.5000	  0.2624
541.0000	  0.2635
540.5000	  0.2641
540.0000	  0.2645
539.5000	  0.2653
539.0000	  0.2662
538.5000	  0.2674
538.0000	  0.2678
537.5000	  0.2685
537.0000	  0.2690
536.5000	  0.2700
536.0000	  0.2712
535.5000	  0.2723
535.0000	  0.2728
534.5000	  0.2738
534.0000	  0.2747
533.5000	  0.2751
533.0000	  0.2763
532.5000	  0.2773
532.0000	  0.2786
531.5000	  0.2798
531.0000	  0.2808
530.5000	  0.2813
530.0000	  0.2827
529.5000	  0.2837
529.0000	  0.2844
528.5000	  0.2862
528.0000	  0.2869
527.5000	  0.2879
527.0000	  0.2896
526.5000	  0.2907
526.0000	  0.2913
525.5000	  0.2928
525.0000	  0.2940
524.5000	  0.2954
524.0000	  0.2968
523.5000	  0.2977
523.0000	  0.2990
522.5000	  0.3002
522.0000	  0.3019
521.5000	  0.3029
521.0000	  0.3042
520.5000	  0.3054
520.0000	  0.3068
519.5000	  0.3083
519.0000	  0.3097
518.5000	  0.3108
518.0000	  0.3123
517.5000	  0.3132
517.0000	  0.3151
516.5000	  0.3161
516.0000	  0.3176
515.5000	  0.3194
515.0000	  0.3211
514.5000	  0.3219
514.0000	  0.3234
513.5000	  0.3248
513.0000	  0.3264
512.5000	  0.3276
512.0000	  0.3297
511.5000	  0.3308
511.0000	  0.3322
510.5000	  0.3342
510.0000	  0.3361
509.5000	  0.3372
509.0000	  0.3388
508.5000	  0.3410
508.0000	  0.3423
507.5000	  0.3444
507.0000	  0.3460
506.5000	  0.3478
506.0000	  0.3499
505.5000	  0.3518
505.0000	  0.3537
504.5000	  0.3556
504.0000	  0.3575
503.5000	  0.3593
503.0000	  0.3618
502.5000	  0.3640
502.0000	  0.3658
501.5000	  0.3676
501.0000	  0.3695
500.5000	  0.3717
500.0000	  0.3736
499.5000	  0.3756
499.0000	  0.3774
498.5000	  0.3795
498.0000	  0.3814
497.5000	  0.3833
497.0000	  0.3856
496.5000	  0.3871
496.0000	  0.3885
495.5000	  0.3900
495.0000	  0.3918
494.5000	  0.3935
494.0000	  0.3946
493.5000	  0.3971
493.0000	  0.3980
492.5000	  0.3995
492.0000	  0.4012
491.5000	  0.4026
491.0000	  0.4038
490.5000	  0.4055
490.0000	  0.4061
489.5000	  0.4077
489.0000	  0.4092
488.5000	  0.4096
488.0000	  0.4109
487.5000	  0.4122
487.0000	  0.4136
486.5000	  0.4142
486.0000	  0.4148
485.5000	  0.4157
485.0000	  0.4170
484.5000	  0.4188
484.0000	  0.4197
483.5000	  0.4200
483.0000	  0.4212
482.5000	  0.4226
482.0000	  0.4236
481.5000	  0.4247
481.0000	  0.4244
480.5000	  0.4262
480.0000	  0.4267
479.5000	  0.4275
479.0000	  0.4280
478.5000	  0.4299
478.0000	  0.4301
477.5000	  0.4312
477.0000	  0.4303
476.5000	  0.4323
476.0000	  0.4334
475.5000	  0.4339
475.0000	  0.4344
474.5000	  0.4349
474.0000	  0.4359
473.5000	  0.4367
473.0000	  0.4369
472.5000	  0.4372
472.0000	  0.4382
471.5000	  0.4392
471.0000	  0.4409
470.5000	  0.4415
470.0000	  0.4417
469.5000	  0.4422
469.0000	  0.4430
468.5000	  0.4447
468.0000	  0.4457
467.5000	  0.4465
467.0000	  0.4460
466.5000	  0.4470
466.0000	  0.4469
465.5000	  0.4476
465.0000	  0.4487
464.5000	  0.4494
464.0000	  0.4503
463.5000	  0.4503
463.0000	  0.4513
462.5000	  0.4529
462.0000	  0.4530
461.5000	  0.4541
461.0000	  0.4541
460.5000	  0.4545
460.0000	  0.4552
459.5000	  0.4552
459.0000	  0.4561
458.5000	  0.4571
458.0000	  0.4571
457.5000	  0.4575
457.0000	  0.4573
456.5000	  0.4577
456.0000	  0.4575
455.5000	  0.4571
455.0000	  0.4584
454.5000	  0.4567
454.0000	  0.4568
453.5000	  0.4564
453.0000	  0.4561
452.5000	  0.4551
452.0000	  0.4536
451.5000	  0.4539
451.0000	  0.4530
450.5000	  0.4517
450.0000	  0.4507
449.5000	  0.4509
449.0000	  0.4478
448.5000	  0.4485
448.0000	  0.4478
447.5000	  0.4466
447.0000	  0.4466
446.5000	  0.4456
446.0000	  0.4447
445.5000	  0.4452
445.0000	  0.4434
444.5000	  0.4419
444.0000	  0.4418
443.5000	  0.4412
443.0000	  0.4408
442.5000	  0.4411
442.0000	  0.4399
441.5000	  0.4392
441.0000	  0.4397
440.5000	  0.4385
440.0000	  0.4381
439.5000	  0.4386
439.0000	  0.4377
438.5000	  0.4375
438.0000	  0.4377
437.5000	  0.4370
437.0000	  0.4368
436.5000	  0.4373
436.0000	  0.4362
435.5000	  0.4355
435.0000	  0.4356
434.5000	  0.4354
434.0000	  0.4359
433.5000	  0.4343
433.0000	  0.4353
432.5000	  0.4344
432.0000	  0.4340
431.5000	  0.4342
431.0000	  0.4337
430.5000	  0.4340
430.0000	  0.4341
429.5000	  0.4339
429.0000	  0.4334
428.5000	  0.4340
428.0000	  0.4337
427.5000	  0.4332
427.0000	  0.4334
426.5000	  0.4324
426.0000	  0.4338
425.5000	  0.4330
425.0000	  0.4327
424.5000	  0.4333
424.0000	  0.4330
423.5000	  0.4330
423.0000	  0.4334
422.5000	  0.4332
422.0000	  0.4320
421.5000	  0.4326
421.0000	  0.4334
420.5000	  0.4325
420.0000	  0.4334
419.5000	  0.4321
419.0000	  0.4320
418.5000	  0.4321
418.0000	  0.4327
417.5000	  0.4311
417.0000	  0.4316
416.5000	  0.4319
416.0000	  0.4319
415.5000	  0.4314
415.0000	  0.4306
414.5000	  0.4316
414.0000	  0.4305
413.5000	  0.4317
413.0000	  0.4310
412.5000	  0.4299
412.0000	  0.4309
411.5000	  0.4306
411.0000	  0.4304
410.5000	  0.4309
410.0000	  0.4296
409.5000	  0.4296
409.0000	  0.4298
408.5000	  0.4299
408.0000	  0.4294
407.5000	  0.4297
407.0000	  0.4288
406.5000	  0.4294
406.0000	  0.4273
405.5000	  0.4284
405.0000	  0.4283
404.5000	  0.4273
404.0000	  0.4271
403.5000	  0.4263
403.0000	  0.4276
402.5000	  0.4268
402.0000	  0.4276
401.5000	  0.4274
401.0000	  0.4267
400.5000	  0.4258
400.0000	  0.4267
399.5000	  0.4262
399.0000	  0.4255
398.5000	  0.4248
398.0000	  0.4243
397.5000	  0.4243
397.0000	  0.4257
396.5000	  0.4242
396.0000	  0.4247
395.5000	  0.4255
395.0000	  0.4250
394.5000	  0.4241
394.0000	  0.4245
393.5000	  0.4234
393.0000	  0.4236
392.5000	  0.4239
392.0000	  0.4247
391.5000	  0.4237
391.0000	  0.4233
390.5000	  0.4228
390.0000	  0.4232
389.5000	  0.4231
389.0000	  0.4230
388.5000	  0.4238
388.0000	  0.4233
387.5000	  0.4232
387.0000	  0.4251
386.5000	  0.4239
386.0000	  0.4243
385.5000	  0.4233
385.0000	  0.4247
384.5000	  0.4255
384.0000	  0.4266
383.5000	  0.4246
383.0000	  0.4274
382.5000	  0.4242
382.0000	  0.4263
381.5000	  0.4250
381.0000	  0.4252
380.5000	  0.4250
380.0000	  0.4252
379.5000	  0.4253
379.0000	  0.4258
378.5000	  0.4254
378.0000	  0.4250
377.5000	  0.4245
377.0000	  0.4251
376.5000	  0.4240
376.0000	  0.4228
375.5000	  0.4247
375.0000	  0.4248
374.5000	  0.4244
374.0000	  0.4249
373.5000	  0.4250
373.0000	  0.4242
372.5000	  0.4246
372.0000	  0.4255
371.5000	  0.4225
371.0000	  0.4237
370.5000	  0.4258
370.0000	  0.4263
369.5000	  0.4231
369.0000	  0.4244
368.5000	  0.4243
368.0000	  0.4238
367.5000	  0.4244
367.0000	  0.4242
366.5000	  0.4248
366.0000	  0.4238
365.5000	  0.4265
365.0000	  0.4248
364.5000	  0.4230
364.0000	  0.4243
363.5000	  0.4234
363.0000	  0.4247
362.5000	  0.4231
362.0000	  0.4258
361.5000	  0.4272
361.0000	  0.4252
360.5000	  0.4242
360.0000	  0.4230
359.5000	  0.4243
359.0000	  0.4266
358.5000	  0.4241
358.0000	  0.4236
357.5000	  0.4271
357.0000	  0.4262
356.5000	  0.4266
356.0000	  0.4246
355.5000	  0.4279
355.0000	  0.4242
354.5000	  0.4256
354.0000	  0.4269
353.5000	  0.4259
353.0000	  0.4276
352.5000	  0.4253
352.0000	  0.4276
351.5000	  0.4263
351.0000	  0.4272
350.5000	  0.4252
350.0000	  0.4287
