21/04/2023 17.18.55
21/04/2023 17.26.16

900.0000	 72.0400

900.0000	 72.0400

900.0000	 77.4600



  1.0000
900.0000
  3.0000
340.0000
  1.0000
1101.0000
  5.0000
  6.0000
  1.0000
  1.0000
  0.0000
  0.0000
100.0000
  0.0000
  1.0000
  0.0000
500.0000
900.0000
350.0000
  4.0000
  1.0000
 18.0000
  2.0000
  1.0000
255.0000
  0.8498
  1.0000
 30.0000
  4.0000
500.0000
  0.0000
  0.0000
  4.0000
900.0000
350.0000
  0.0000
100.0000
  0.0000
  1.0000
  0.0000
500.0000
  1.0000
  1.0000
  1.0000
  1.0000
  4.0000
  0.0000
  1.0000
  1.0000
  1.0000
  1.0000
  1.0000
  2.0000
  1.0000
  1.0000
  1.0000
  3.0000
  1.0000
  1.0000
  1.0000
  4.0000
  5.0000
440.898
0.000
900.0000	  0.6769
899.5000	  0.8050
899.0000	  0.7151
898.5000	  0.7815
898.0000	  0.7353
897.5000	  0.7509
897.0000	  0.7542
896.5000	  0.7132
896.0000	  0.7601
895.5000	  0.7170
895.0000	  0.7331
894.5000	  0.7790
894.0000	  0.7091
893.5000	  0.7334
893.0000	  0.7369
892.5000	  0.7225
892.0000	  0.7155
891.5000	  0.7136
891.0000	  0.7191
890.5000	  0.7476
890.0000	  0.7164
889.5000	  0.7351
889.0000	  0.7276
888.5000	  0.7540
888.0000	  0.6993
887.5000	  0.7509
887.0000	  0.7579
886.5000	  0.7542
886.0000	  0.7646
885.5000	  0.7494
885.0000	  0.7099
884.5000	  0.7190
884.0000	  0.7293
883.5000	  0.7361
883.0000	  0.7380
882.5000	  0.7096
882.0000	  0.7363
881.5000	  0.7260
881.0000	  0.7379
880.5000	  0.7031
880.0000	  0.7103
879.5000	  0.7367
879.0000	  0.7383
878.5000	  0.7231
878.0000	  0.7356
877.5000	  0.7363
877.0000	  0.7168
876.5000	  0.7182
876.0000	  0.7158
875.5000	  0.7102
875.0000	  0.7345
874.5000	  0.7157
874.0000	  0.7108
873.5000	  0.7230
873.0000	  0.7139
872.5000	  0.7163
872.0000	  0.7248
871.5000	  0.7300
871.0000	  0.7262
870.5000	  0.7168
870.0000	  0.7215
869.5000	  0.7120
869.0000	  0.7148
868.5000	  0.7139
868.0000	  0.7111
867.5000	  0.7189
867.0000	  0.7225
866.5000	  0.7115
866.0000	  0.7175
865.5000	  0.7214
865.0000	  0.7150
864.5000	  0.7160
864.0000	  0.7162
863.5000	  0.7118
863.0000	  0.7156
862.5000	  0.7134
862.0000	  0.7109
861.5000	  0.7160
861.0000	  0.7112
860.5000	  0.7134
860.0000	  0.7181
859.5000	  0.7149
859.0000	  0.7203
858.5000	  0.7133
858.0000	  0.7195
857.5000	  0.7129
857.0000	  0.7174
856.5000	  0.7127
856.0000	  0.7125
855.5000	  0.7121
855.0000	  0.7148
854.5000	  0.7167
854.0000	  0.7127
853.5000	  0.7129
853.0000	  0.7155
852.5000	  0.7117
852.0000	  0.7169
851.5000	  0.7164
851.0000	  0.7173
850.5000	  0.7145
850.0000	  0.7202
849.5000	  0.7147
849.0000	  0.7159
848.5000	  0.7155
848.0000	  0.7179
847.5000	  0.7148
847.0000	  0.7166
846.5000	  0.7160
846.0000	  0.7165
845.5000	  0.7147
845.0000	  0.7161
844.5000	  0.7190
844.0000	  0.7177
843.5000	  0.7181
843.0000	  0.7166
842.5000	  0.7200
842.0000	  0.7192
841.5000	  0.7205
841.0000	  0.7192
840.5000	  0.7186
840.0000	  0.7188
839.5000	  0.7175
839.0000	  0.7210
838.5000	  0.7187
838.0000	  0.7220
837.5000	  0.7205
837.0000	  0.7200
836.5000	  0.7203
836.0000	  0.7216
835.5000	  0.7200
835.0000	  0.7211
834.5000	  0.7229
834.0000	  0.7239
833.5000	  0.7204
833.0000	  0.7208
832.5000	  0.7232
832.0000	  0.7235
831.5000	  0.7207
831.0000	  0.7244
830.5000	  0.7235
830.0000	  0.7225
829.5000	  0.7229
829.0000	  0.7243
828.5000	  0.7229
828.0000	  0.7248
827.5000	  0.7259
827.0000	  0.7229
826.5000	  0.7223
826.0000	  0.7243
825.5000	  0.7250
825.0000	  0.7234
824.5000	  0.7248
824.0000	  0.7236
823.5000	  0.7229
823.0000	  0.7244
822.5000	  0.7248
822.0000	  0.7244
821.5000	  0.7262
821.0000	  0.7241
820.5000	  0.7239
820.0000	  0.7238
819.5000	  0.7249
819.0000	  0.7244
818.5000	  0.7241
818.0000	  0.7234
817.5000	  0.7244
817.0000	  0.7256
816.5000	  0.7250
816.0000	  0.7265
815.5000	  0.7247
815.0000	  0.7253
814.5000	  0.7252
814.0000	  0.7263
813.5000	  0.7248
813.0000	  0.7249
812.5000	  0.7268
812.0000	  0.7259
811.5000	  0.7258
811.0000	  0.7254
810.5000	  0.7255
810.0000	  0.7256
809.5000	  0.7258
809.0000	  0.7266
808.5000	  0.7263
808.0000	  0.7271
807.5000	  0.7257
807.0000	  0.7280
806.5000	  0.7268
806.0000	  0.7264
805.5000	  0.7267
805.0000	  0.7286
804.5000	  0.7250
804.0000	  0.7270
803.5000	  0.7271
803.0000	  0.7255
802.5000	  0.7290
802.0000	  0.7264
801.5000	  0.7250
801.0000	  0.7290
800.5000	  0.7277
800.0000	  0.7282
799.5000	  0.7283
799.0000	  0.7289
798.5000	  0.7276
798.0000	  0.7294
797.5000	  0.7267
797.0000	  0.7282
796.5000	  0.7283
796.0000	  0.7278
795.5000	  0.7284
795.0000	  0.7275
794.5000	  0.7273
794.0000	  0.7289
793.5000	  0.7288
793.0000	  0.7281
792.5000	  0.7293
792.0000	  0.7295
791.5000	  0.7290
791.0000	  0.7307
790.5000	  0.7277
790.0000	  0.7290
789.5000	  0.7287
789.0000	  0.7280
788.5000	  0.7296
788.0000	  0.7294
787.5000	  0.7298
787.0000	  0.7300
786.5000	  0.7315
786.0000	  0.7285
785.5000	  0.7311
785.0000	  0.7312
784.5000	  0.7288
784.0000	  0.7304
783.5000	  0.7317
783.0000	  0.7306
782.5000	  0.7320
782.0000	  0.7307
781.5000	  0.7279
781.0000	  0.7331
780.5000	  0.7308
780.0000	  0.7310
779.5000	  0.7320
779.0000	  0.7309
778.5000	  0.7312
778.0000	  0.7319
777.5000	  0.7309
777.0000	  0.7320
776.5000	  0.7311
776.0000	  0.7309
775.5000	  0.7335
775.0000	  0.7316
774.5000	  0.7322
774.0000	  0.7329
773.5000	  0.7312
773.0000	  0.7329
772.5000	  0.7322
772.0000	  0.7303
771.5000	  0.7348
771.0000	  0.7309
770.5000	  0.7324
770.0000	  0.7336
769.5000	  0.7324
769.0000	  0.7344
768.5000	  0.7338
768.0000	  0.7342
767.5000	  0.7365
767.0000	  0.7341
766.5000	  0.7346
766.0000	  0.7366
765.5000	  0.7333
765.0000	  0.7356
764.5000	  0.7341
764.0000	  0.7350
763.5000	  0.7354
763.0000	  0.7341
762.5000	  0.7360
762.0000	  0.7356
761.5000	  0.7360
761.0000	  0.7372
760.5000	  0.7341
760.0000	  0.7360
759.5000	  0.7372
759.0000	  0.7349
758.5000	  0.7390
758.0000	  0.7374
757.5000	  0.7373
757.0000	  0.7377
756.5000	  0.7350
756.0000	  0.7384
755.5000	  0.7366
755.0000	  0.7367
754.5000	  0.7391
754.0000	  0.7368
753.5000	  0.7390
753.0000	  0.7388
752.5000	  0.7375
752.0000	  0.7397
751.5000	  0.7378
751.0000	  0.7388
750.5000	  0.7398
750.0000	  0.7382
749.5000	  0.7404
749.0000	  0.7380
748.5000	  0.7391
748.0000	  0.7397
747.5000	  0.7381
747.0000	  0.7398
746.5000	  0.7398
746.0000	  0.7403
745.5000	  0.7416
745.0000	  0.7394
744.5000	  0.7430
744.0000	  0.7393
743.5000	  0.7411
743.0000	  0.7419
742.5000	  0.7402
742.0000	  0.7433
741.5000	  0.7423
741.0000	  0.7415
740.5000	  0.7429
740.0000	  0.7404
739.5000	  0.7436
739.0000	  0.7423
738.5000	  0.7427
738.0000	  0.7440
737.5000	  0.7417
737.0000	  0.7463
736.5000	  0.7425
736.0000	  0.7444
735.5000	  0.7458
735.0000	  0.7434
734.5000	  0.7466
734.0000	  0.7447
733.5000	  0.7452
733.0000	  0.7456
732.5000	  0.7460
732.0000	  0.7477
731.5000	  0.7465
731.0000	  0.7503
730.5000	  0.7472
730.0000	  0.7476
729.5000	  0.7495
729.0000	  0.7482
728.5000	  0.7507
728.0000	  0.7501
727.5000	  0.7508
727.0000	  0.7503
726.5000	  0.7502
726.0000	  0.7527
725.5000	  0.7519
725.0000	  0.7554
724.5000	  0.7540
724.0000	  0.7562
723.5000	  0.7563
723.0000	  0.7570
722.5000	  0.7594
722.0000	  0.7593
721.5000	  0.7617
721.0000	  0.7629
720.5000	  0.7670
720.0000	  0.7685
719.5000	  0.7695
719.0000	  0.7734
718.5000	  0.7727
718.0000	  0.7756
717.5000	  0.7763
717.0000	  0.7781
716.5000	  0.7795
716.0000	  0.7765
715.5000	  0.7783
715.0000	  0.7760
714.5000	  0.7767
714.0000	  0.7748
713.5000	  0.7718
713.0000	  0.7717
712.5000	  0.7707
712.0000	  0.7655
711.5000	  0.7662
711.0000	  0.7653
710.5000	  0.7643
710.0000	  0.7641
709.5000	  0.7610
709.0000	  0.7626
708.5000	  0.7607
708.0000	  0.7611
707.5000	  0.7597
707.0000	  0.7610
706.5000	  0.7616
706.0000	  0.7608
705.5000	  0.7618
705.0000	  0.7613
704.5000	  0.7623
704.0000	  0.7621
703.5000	  0.7631
703.0000	  0.7619
702.5000	  0.7626
702.0000	  0.7652
701.5000	  0.7621
701.0000	  0.7643
700.5000	  0.7629
700.0000	  0.7643
699.5000	  0.7648
699.0000	  0.7648
698.5000	  0.7664
698.0000	  0.7646
697.5000	  0.7666
697.0000	  0.7652
696.5000	  0.7664
696.0000	  0.7654
695.5000	  0.7674
695.0000	  0.7659
694.5000	  0.7688
694.0000	  0.7681
693.5000	  0.7688
693.0000	  0.7685
692.5000	  0.7701
692.0000	  0.7696
691.5000	  0.7701
691.0000	  0.7718
690.5000	  0.7706
690.0000	  0.7712
689.5000	  0.7704
689.0000	  0.7718
688.5000	  0.7714
688.0000	  0.7738
687.5000	  0.7720
687.0000	  0.7737
686.5000	  0.7743
686.0000	  0.7741
685.5000	  0.7736
685.0000	  0.7751
684.5000	  0.7754
684.0000	  0.7758
683.5000	  0.7757
683.0000	  0.7761
682.5000	  0.7771
682.0000	  0.7762
681.5000	  0.7784
681.0000	  0.7773
680.5000	  0.7781
680.0000	  0.7794
679.5000	  0.7780
679.0000	  0.7790
678.5000	  0.7798
678.0000	  0.7811
677.5000	  0.7810
677.0000	  0.7803
676.5000	  0.7797
676.0000	  0.7805
675.5000	  0.7823
675.0000	  0.7830
674.5000	  0.7829
674.0000	  0.7841
673.5000	  0.7849
673.0000	  0.7845
672.5000	  0.7848
672.0000	  0.7840
671.5000	  0.7845
671.0000	  0.7864
670.5000	  0.7876
670.0000	  0.7866
669.5000	  0.7869
669.0000	  0.7888
668.5000	  0.7885
668.0000	  0.7892
667.5000	  0.7894
667.0000	  0.7906
666.5000	  0.7906
666.0000	  0.7904
665.5000	  0.7910
665.0000	  0.7914
664.5000	  0.7928
664.0000	  0.7926
663.5000	  0.7923
663.0000	  0.7929
662.5000	  0.7937
662.0000	  0.7949
661.5000	  0.7963
661.0000	  0.7950
660.5000	  0.7949
660.0000	  0.7974
659.5000	  0.7971
659.0000	  0.7969
658.5000	  0.7977
658.0000	  0.7973
657.5000	  0.7986
657.0000	  0.7997
656.5000	  0.7989
656.0000	  0.8002
655.5000	  0.8007
655.0000	  0.8005
654.5000	  0.8011
654.0000	  0.8012
653.5000	  0.8018
653.0000	  0.8031
652.5000	  0.8048
652.0000	  0.8039
651.5000	  0.8045
651.0000	  0.8058
650.5000	  0.8059
650.0000	  0.8060
649.5000	  0.8063
649.0000	  0.8073
648.5000	  0.8067
648.0000	  0.8090
647.5000	  0.8091
647.0000	  0.8095
646.5000	  0.8096
646.0000	  0.8108
645.5000	  0.8102
645.0000	  0.8108
644.5000	  0.8132
644.0000	  0.8119
643.5000	  0.8133
643.0000	  0.8137
642.5000	  0.8138
642.0000	  0.8146
641.5000	  0.8148
641.0000	  0.8160
640.5000	  0.8150
640.0000	  0.8171
639.5000	  0.8173
639.0000	  0.8175
638.5000	  0.8181
638.0000	  0.8197
637.5000	  0.8193
637.0000	  0.8213
636.5000	  0.8211
636.0000	  0.8213
635.5000	  0.8235
635.0000	  0.8242
634.5000	  0.8242
634.0000	  0.8247
633.5000	  0.8268
633.0000	  0.8277
632.5000	  0.8282
632.0000	  0.8291
631.5000	  0.8305
631.0000	  0.8313
630.5000	  0.8331
630.0000	  0.8341
629.5000	  0.8347
629.0000	  0.8363
628.5000	  0.8373
628.0000	  0.8392
627.5000	  0.8403
627.0000	  0.8416
626.5000	  0.8432
626.0000	  0.8446
625.5000	  0.8446
625.0000	  0.8469
624.5000	  0.8493
624.0000	  0.8498
623.5000	  0.8505
623.0000	  0.8531
622.5000	  0.8537
622.0000	  0.8547
621.5000	  0.8551
621.0000	  0.8564
620.5000	  0.8569
620.0000	  0.8594
619.5000	  0.8603
619.0000	  0.8617
618.5000	  0.8615
618.0000	  0.8617
617.5000	  0.8619
617.0000	  0.8630
616.5000	  0.8627
616.0000	  0.8621
615.5000	  0.8645
615.0000	  0.8645
614.5000	  0.8657
614.0000	  0.8659
613.5000	  0.8661
613.0000	  0.8679
612.5000	  0.8685
612.0000	  0.8682
611.5000	  0.8690
611.0000	  0.8709
610.5000	  0.8705
610.0000	  0.8713
609.5000	  0.8724
609.0000	  0.8739
608.5000	  0.8749
608.0000	  0.8756
607.5000	  0.8758
607.0000	  0.8759
606.5000	  0.8775
606.0000	  0.8772
605.5000	  0.8785
605.0000	  0.8789
604.5000	  0.8792
604.0000	  0.8807
603.5000	  0.8824
603.0000	  0.8811
602.5000	  0.8831
602.0000	  0.8848
601.5000	  0.8845
601.0000	  0.8860
600.5000	  0.8864
600.0000	  0.8867
599.5000	  0.8869
599.0000	  0.8902
598.5000	  0.8892
598.0000	  0.8900
597.5000	  0.8923
597.0000	  0.8923
596.5000	  0.8923
596.0000	  0.8946
595.5000	  0.8944
595.0000	  0.8955
594.5000	  0.8964
594.0000	  0.8972
593.5000	  0.8978
593.0000	  0.8991
592.5000	  0.8993
592.0000	  0.9009
591.5000	  0.8998
591.0000	  0.9023
590.5000	  0.9035
590.0000	  0.9041
589.5000	  0.9046
589.0000	  0.9045
588.5000	  0.9071
588.0000	  0.9072
587.5000	  0.9087
587.0000	  0.9082
586.5000	  0.9079
586.0000	  0.9099
585.5000	  0.9105
585.0000	  0.9116
584.5000	  0.9128
584.0000	  0.9137
583.5000	  0.9148
583.0000	  0.9147
582.5000	  0.9166
582.0000	  0.9160
581.5000	  0.9179
581.0000	  0.9175
580.5000	  0.9188
580.0000	  0.9200
579.5000	  0.9203
579.0000	  0.9204
578.5000	  0.9209
578.0000	  0.9215
577.5000	  0.9230
577.0000	  0.9243
576.5000	  0.9245
576.0000	  0.9252
575.5000	  0.9263
575.0000	  0.9274
574.5000	  0.9290
574.0000	  0.9290
573.5000	  0.9299
573.0000	  0.9317
572.5000	  0.9327
572.0000	  0.9333
571.5000	  0.9340
571.0000	  0.9339
570.5000	  0.9347
570.0000	  0.9358
569.5000	  0.9374
569.0000	  0.9370
568.5000	  0.9376
568.0000	  0.9400
567.5000	  0.9396
567.0000	  0.9413
566.5000	  0.9427
566.0000	  0.9419
565.5000	  0.9442
565.0000	  0.9443
564.5000	  0.9463
564.0000	  0.9463
563.5000	  0.9476
563.0000	  0.9473
562.5000	  0.9478
562.0000	  0.9486
561.5000	  0.9502
561.0000	  0.9514
560.5000	  0.9534
560.0000	  0.9509
559.5000	  0.9509
559.0000	  0.9527
558.5000	  0.9525
558.0000	  0.9534
557.5000	  0.9550
557.0000	  0.9551
556.5000	  0.9562
556.0000	  0.9577
555.5000	  0.9576
555.0000	  0.9588
554.5000	  0.9598
554.0000	  0.9612
553.5000	  0.9604
553.0000	  0.9615
552.5000	  0.9637
552.0000	  0.9633
551.5000	  0.9635
551.0000	  0.9647
550.5000	  0.9651
550.0000	  0.9665
549.5000	  0.9677
549.0000	  0.9668
548.5000	  0.9688
548.0000	  0.9703
547.5000	  0.9698
547.0000	  0.9716
546.5000	  0.9720
546.0000	  0.9726
545.5000	  0.9733
545.0000	  0.9748
544.5000	  0.9739
544.0000	  0.9737
543.5000	  0.9764
543.0000	  0.9769
542.5000	  0.9770
542.0000	  0.9775
541.5000	  0.9790
541.0000	  0.9791
540.5000	  0.9802
540.0000	  0.9805
539.5000	  0.9818
539.0000	  0.9824
538.5000	  0.9828
538.0000	  0.9830
537.5000	  0.9840
537.0000	  0.9844
536.5000	  0.9856
536.0000	  0.9866
535.5000	  0.9858
535.0000	  0.9865
534.5000	  0.9879
534.0000	  0.9885
533.5000	  0.9892
533.0000	  0.9905
532.5000	  0.9912
532.0000	  0.9913
531.5000	  0.9923
531.0000	  0.9921
530.5000	  0.9926
530.0000	  0.9945
529.5000	  0.9934
529.0000	  0.9941
528.5000	  0.9955
528.0000	  0.9969
527.5000	  0.9959
527.0000	  0.9967
526.5000	  0.9971
526.0000	  0.9986
525.5000	  1.0003
525.0000	  1.0004
524.5000	  1.0000
524.0000	  1.0018
523.5000	  1.0011
523.0000	  1.0013
522.5000	  1.0036
522.0000	  1.0033
521.5000	  1.0024
521.0000	  1.0046
520.5000	  1.0053
520.0000	  1.0054
519.5000	  1.0054
519.0000	  1.0069
518.5000	  1.0077
518.0000	  1.0070
517.5000	  1.0085
517.0000	  1.0086
516.5000	  1.0109
516.0000	  1.0106
515.5000	  1.0102
515.0000	  1.0108
514.5000	  1.0126
514.0000	  1.0113
513.5000	  1.0126
513.0000	  1.0133
512.5000	  1.0139
512.0000	  1.0150
511.5000	  1.0153
511.0000	  1.0146
510.5000	  1.0167
510.0000	  1.0172
509.5000	  1.0185
509.0000	  1.0182
508.5000	  1.0206
508.0000	  1.0210
507.5000	  1.0215
507.0000	  1.0235
506.5000	  1.0241
506.0000	  1.0242
505.5000	  1.0262
505.0000	  1.0270
504.5000	  1.0276
504.0000	  1.0286
503.5000	  1.0291
503.0000	  1.0318
502.5000	  1.0333
502.0000	  1.0325
501.5000	  1.0327
501.0000	  1.0369
500.5000	  1.0355
500.0000	  1.0369
499.5000	  1.0375
499.0000	  1.0385
498.5000	  1.0410
498.0000	  1.0405
497.5000	  1.0407
497.0000	  1.0417
496.5000	  1.0441
496.0000	  1.0433
495.5000	  1.0434
495.0000	  1.0451
494.5000	  1.0450
494.0000	  1.0460
493.5000	  1.0475
493.0000	  1.0464
492.5000	  1.0467
492.0000	  1.0479
491.5000	  1.0481
491.0000	  1.0479
490.5000	  1.0488
490.0000	  1.0487
489.5000	  1.0482
489.0000	  1.0491
488.5000	  1.0498
488.0000	  1.0492
487.5000	  1.0494
487.0000	  1.0501
486.5000	  1.0484
486.0000	  1.0499
485.5000	  1.0496
485.0000	  1.0509
484.5000	  1.0502
484.0000	  1.0498
483.5000	  1.0503
483.0000	  1.0519
482.5000	  1.0513
482.0000	  1.0511
481.5000	  1.0513
481.0000	  1.0523
480.5000	  1.0510
480.0000	  1.0540
479.5000	  1.0528
479.0000	  1.0530
478.5000	  1.0543
478.0000	  1.0555
477.5000	  1.0543
477.0000	  1.0547
476.5000	  1.0550
476.0000	  1.0556
475.5000	  1.0564
475.0000	  1.0554
474.5000	  1.0565
474.0000	  1.0587
473.5000	  1.0567
473.0000	  1.0574
472.5000	  1.0582
472.0000	  1.0582
471.5000	  1.0599
471.0000	  1.0615
470.5000	  1.0588
470.0000	  1.0617
469.5000	  1.0619
469.0000	  1.0624
468.5000	  1.0643
468.0000	  1.0632
467.5000	  1.0653
467.0000	  1.0659
466.5000	  1.0671
466.0000	  1.0682
465.5000	  1.0680
465.0000	  1.0688
464.5000	  1.0711
464.0000	  1.0713
463.5000	  1.0725
463.0000	  1.0744
462.5000	  1.0766
462.0000	  1.0772
461.5000	  1.0787
461.0000	  1.0801
460.5000	  1.0813
460.0000	  1.0826
459.5000	  1.0839
459.0000	  1.0860
458.5000	  1.0857
458.0000	  1.0865
457.5000	  1.0892
457.0000	  1.0907
456.5000	  1.0916
456.0000	  1.0921
455.5000	  1.0914
455.0000	  1.0923
454.5000	  1.0906
454.0000	  1.0914
453.5000	  1.0931
453.0000	  1.0933
452.5000	  1.0897
452.0000	  1.0904
451.5000	  1.0884
451.0000	  1.0894
450.5000	  1.0883
450.0000	  1.0856
449.5000	  1.0850
449.0000	  1.0815
448.5000	  1.0780
448.0000	  1.0798
447.5000	  1.0770
447.0000	  1.0756
446.5000	  1.0746
446.0000	  1.0736
445.5000	  1.0715
445.0000	  1.0707
444.5000	  1.0685
444.0000	  1.0667
443.5000	  1.0671
443.0000	  1.0655
442.5000	  1.0656
442.0000	  1.0626
441.5000	  1.0626
441.0000	  1.0591
440.5000	  1.0628
440.0000	  1.0620
439.5000	  1.0628
439.0000	  1.0603
438.5000	  1.0599
438.0000	  1.0585
437.5000	  1.0599
437.0000	  1.0604
436.5000	  1.0565
436.0000	  1.0574
435.5000	  1.0582
435.0000	  1.0581
434.5000	  1.0590
434.0000	  1.0569
433.5000	  1.0556
433.0000	  1.0573
432.5000	  1.0586
432.0000	  1.0580
431.5000	  1.0566
431.0000	  1.0562
430.5000	  1.0596
430.0000	  1.0565
429.5000	  1.0557
429.0000	  1.0564
428.5000	  1.0563
428.0000	  1.0572
427.5000	  1.0589
427.0000	  1.0581
426.5000	  1.0575
426.0000	  1.0577
425.5000	  1.0574
425.0000	  1.0586
424.5000	  1.0569
424.0000	  1.0600
423.5000	  1.0622
423.0000	  1.0600
422.5000	  1.0579
422.0000	  1.0596
421.5000	  1.0626
421.0000	  1.0607
420.5000	  1.0622
420.0000	  1.0632
419.5000	  1.0619
419.0000	  1.0622
418.5000	  1.0623
418.0000	  1.0628
417.5000	  1.0628
417.0000	  1.0629
416.5000	  1.0630
416.0000	  1.0632
415.5000	  1.0624
415.0000	  1.0646
414.5000	  1.0620
414.0000	  1.0630
413.5000	  1.0663
413.0000	  1.0634
412.5000	  1.0648
412.0000	  1.0649
411.5000	  1.0653
411.0000	  1.0666
410.5000	  1.0661
410.0000	  1.0648
409.5000	  1.0667
409.0000	  1.0679
408.5000	  1.0648
408.0000	  1.0662
407.5000	  1.0690
407.0000	  1.0683
406.5000	  1.0687
406.0000	  1.0698
405.5000	  1.0673
405.0000	  1.0693
404.5000	  1.0674
404.0000	  1.0716
403.5000	  1.0673
403.0000	  1.0720
402.5000	  1.0689
402.0000	  1.0714
401.5000	  1.0699
401.0000	  1.0695
400.5000	  1.0696
400.0000	  1.0699
399.5000	  1.0720
399.0000	  1.0717
398.5000	  1.0701
398.0000	  1.0736
397.5000	  1.0735
397.0000	  1.0692
396.5000	  1.0725
396.0000	  1.0730
395.5000	  1.0742
395.0000	  1.0762
394.5000	  1.0753
394.0000	  1.0746
393.5000	  1.0772
393.0000	  1.0781
392.5000	  1.0746
392.0000	  1.0756
391.5000	  1.0780
391.0000	  1.0782
390.5000	  1.0834
390.0000	  1.0810
389.5000	  1.0833
389.0000	  1.0805
388.5000	  1.0825
388.0000	  1.0816
387.5000	  1.0844
387.0000	  1.0847
386.5000	  1.0874
386.0000	  1.0856
385.5000	  1.0857
385.0000	  1.0881
384.5000	  1.0884
384.0000	  1.0921
383.5000	  1.0855
383.0000	  1.0885
382.5000	  1.0908
382.0000	  1.0925
381.5000	  1.0916
381.0000	  1.0921
380.5000	  1.0959
380.0000	  1.0932
379.5000	  1.0924
379.0000	  1.0929
378.5000	  1.0930
378.0000	  1.0981
377.5000	  1.0956
377.0000	  1.0967
376.5000	  1.0960
376.0000	  1.0961
375.5000	  1.0974
375.0000	  1.0979
374.5000	  1.0999
374.0000	  1.1004
373.5000	  1.1034
373.0000	  1.1038
372.5000	  1.1050
372.0000	  1.1048
371.5000	  1.0993
371.0000	  1.1057
370.5000	  1.1042
370.0000	  1.0986
369.5000	  1.1040
369.0000	  1.1049
368.5000	  1.1094
368.0000	  1.1044
367.5000	  1.1065
367.0000	  1.1071
366.5000	  1.1077
366.0000	  1.1112
365.5000	  1.1107
365.0000	  1.1094
364.5000	  1.1114
364.0000	  1.1135
363.5000	  1.1129
363.0000	  1.1125
362.5000	  1.1126
362.0000	  1.1112
361.5000	  1.1207
361.0000	  1.1134
360.5000	  1.1138
360.0000	  1.1216
359.5000	  1.1199
359.0000	  1.1160
358.5000	  1.1175
358.0000	  1.1219
357.5000	  1.1208
357.0000	  1.1229
356.5000	  1.1247
356.0000	  1.1183
355.5000	  1.1277
355.0000	  1.1249
354.5000	  1.1222
354.0000	  1.1250
353.5000	  1.1279
353.0000	  1.1307
352.5000	  1.1336
352.0000	  1.1289
351.5000	  1.1299
351.0000	  1.1318
350.5000	  1.1330
350.0000	  1.1350
