21/04/2023 17.10.40
21/04/2023 17.18.01

900.0000	 10.5300

900.0000	 10.5300

900.0000	 13.9700



  1.0000
900.0000
  3.0000
340.0000
  1.0000
1101.0000
  5.0000
  6.0000
  1.0000
  1.0000
  0.0000
  0.0000
100.0000
  0.0000
  1.0000
  0.0000
500.0000
900.0000
350.0000
  4.0000
  1.0000
 18.0000
  2.0000
  1.0000
255.0000
  0.8498
  1.0000
 30.0000
  4.0000
500.0000
  0.0000
  0.0000
  4.0000
900.0000
350.0000
  0.0000
100.0000
  0.0000
  1.0000
  0.0000
500.0000
  1.0000
  1.0000
  1.0000
  1.0000
  4.0000
  0.0000
  1.0000
  1.0000
  1.0000
  1.0000
  1.0000
  2.0000
  1.0000
  1.0000
  1.0000
  3.0000
  1.0000
  1.0000
  1.0000
  4.0000
  5.0000
440.885
0.000
900.0000	  0.2048
899.5000	  0.1409
899.0000	  0.1920
898.5000	  0.1736
898.0000	  0.1172
897.5000	  0.1282
897.0000	  0.2148
896.5000	  0.1460
896.0000	  0.1440
895.5000	  0.1256
895.0000	  0.1288
894.5000	  0.1692
894.0000	  0.1795
893.5000	  0.1562
893.0000	  0.1635
892.5000	  0.1433
892.0000	  0.1471
891.5000	  0.1659
891.0000	  0.1928
890.5000	  0.1922
890.0000	  0.1795
889.5000	  0.1698
889.0000	  0.1640
888.5000	  0.1757
888.0000	  0.1646
887.5000	  0.1708
887.0000	  0.1746
886.5000	  0.1589
886.0000	  0.1801
885.5000	  0.1779
885.0000	  0.1664
884.5000	  0.1545
884.0000	  0.1612
883.5000	  0.1529
883.0000	  0.1701
882.5000	  0.1802
882.0000	  0.1758
881.5000	  0.1625
881.0000	  0.1780
880.5000	  0.1742
880.0000	  0.1669
879.5000	  0.1540
879.0000	  0.1627
878.5000	  0.1791
878.0000	  0.1798
877.5000	  0.1687
877.0000	  0.1646
876.5000	  0.1677
876.0000	  0.1746
875.5000	  0.1757
875.0000	  0.1721
874.5000	  0.1781
874.0000	  0.1671
873.5000	  0.1724
873.0000	  0.1707
872.5000	  0.1722
872.0000	  0.1754
871.5000	  0.1701
871.0000	  0.1740
870.5000	  0.1735
870.0000	  0.1780
869.5000	  0.1750
869.0000	  0.1738
868.5000	  0.1786
868.0000	  0.1787
867.5000	  0.1767
867.0000	  0.1710
866.5000	  0.1776
866.0000	  0.1722
865.5000	  0.1739
865.0000	  0.1783
864.5000	  0.1759
864.0000	  0.1755
863.5000	  0.1798
863.0000	  0.1788
862.5000	  0.1761
862.0000	  0.1781
861.5000	  0.1784
861.0000	  0.1753
860.5000	  0.1810
860.0000	  0.1781
859.5000	  0.1796
859.0000	  0.1806
858.5000	  0.1788
858.0000	  0.1808
857.5000	  0.1800
857.0000	  0.1814
856.5000	  0.1806
856.0000	  0.1819
855.5000	  0.1816
855.0000	  0.1829
854.5000	  0.1834
854.0000	  0.1835
853.5000	  0.1822
853.0000	  0.1836
852.5000	  0.1842
852.0000	  0.1827
851.5000	  0.1848
851.0000	  0.1860
850.5000	  0.1857
850.0000	  0.1869
849.5000	  0.1854
849.0000	  0.1871
848.5000	  0.1878
848.0000	  0.1886
847.5000	  0.1869
847.0000	  0.1885
846.5000	  0.1894
846.0000	  0.1882
845.5000	  0.1904
845.0000	  0.1905
844.5000	  0.1896
844.0000	  0.1906
843.5000	  0.1908
843.0000	  0.1904
842.5000	  0.1901
842.0000	  0.1937
841.5000	  0.1916
841.0000	  0.1914
840.5000	  0.1925
840.0000	  0.1927
839.5000	  0.1925
839.0000	  0.1940
838.5000	  0.1938
838.0000	  0.1954
837.5000	  0.1941
837.0000	  0.1951
836.5000	  0.1953
836.0000	  0.1955
835.5000	  0.1961
835.0000	  0.1968
834.5000	  0.1965
834.0000	  0.1969
833.5000	  0.1974
833.0000	  0.1978
832.5000	  0.1975
832.0000	  0.1980
831.5000	  0.1985
831.0000	  0.1985
830.5000	  0.1990
830.0000	  0.1998
829.5000	  0.1998
829.0000	  0.1999
828.5000	  0.2006
828.0000	  0.2006
827.5000	  0.2010
827.0000	  0.2016
826.5000	  0.2018
826.0000	  0.2021
825.5000	  0.2023
825.0000	  0.2025
824.5000	  0.2032
824.0000	  0.2032
823.5000	  0.2041
823.0000	  0.2039
822.5000	  0.2036
822.0000	  0.2048
821.5000	  0.2041
821.0000	  0.2053
820.5000	  0.2061
820.0000	  0.2058
819.5000	  0.2060
819.0000	  0.2068
818.5000	  0.2069
818.0000	  0.2069
817.5000	  0.2081
817.0000	  0.2079
816.5000	  0.2081
816.0000	  0.2093
815.5000	  0.2084
815.0000	  0.2094
814.5000	  0.2095
814.0000	  0.2091
813.5000	  0.2098
813.0000	  0.2105
812.5000	  0.2111
812.0000	  0.2109
811.5000	  0.2122
811.0000	  0.2125
810.5000	  0.2131
810.0000	  0.2129
809.5000	  0.2127
809.0000	  0.2132
808.5000	  0.2154
808.0000	  0.2137
807.5000	  0.2150
807.0000	  0.2157
806.5000	  0.2157
806.0000	  0.2169
805.5000	  0.2162
805.0000	  0.2161
804.5000	  0.2168
804.0000	  0.2184
803.5000	  0.2171
803.0000	  0.2191
802.5000	  0.2186
802.0000	  0.2185
801.5000	  0.2205
801.0000	  0.2198
800.5000	  0.2196
800.0000	  0.2217
799.5000	  0.2211
799.0000	  0.2220
798.5000	  0.2226
798.0000	  0.2221
797.5000	  0.2230
797.0000	  0.2244
796.5000	  0.2229
796.0000	  0.2245
795.5000	  0.2252
795.0000	  0.2243
794.5000	  0.2266
794.0000	  0.2261
793.5000	  0.2261
793.0000	  0.2278
792.5000	  0.2269
792.0000	  0.2271
791.5000	  0.2294
791.0000	  0.2282
790.5000	  0.2286
790.0000	  0.2310
789.5000	  0.2283
789.0000	  0.2308
788.5000	  0.2313
788.0000	  0.2298
787.5000	  0.2319
787.0000	  0.2323
786.5000	  0.2313
786.0000	  0.2335
785.5000	  0.2340
785.0000	  0.2326
784.5000	  0.2356
784.0000	  0.2347
783.5000	  0.2336
783.0000	  0.2366
782.5000	  0.2356
782.0000	  0.2362
781.5000	  0.2381
781.0000	  0.2363
780.5000	  0.2379
780.0000	  0.2401
779.5000	  0.2378
779.0000	  0.2393
778.5000	  0.2400
778.0000	  0.2391
777.5000	  0.2420
777.0000	  0.2406
776.5000	  0.2403
776.0000	  0.2432
775.5000	  0.2416
775.0000	  0.2431
774.5000	  0.2443
774.0000	  0.2426
773.5000	  0.2448
773.0000	  0.2451
772.5000	  0.2437
772.0000	  0.2471
771.5000	  0.2456
771.0000	  0.2457
770.5000	  0.2490
770.0000	  0.2463
769.5000	  0.2484
769.0000	  0.2491
768.5000	  0.2472
768.0000	  0.2506
767.5000	  0.2493
767.0000	  0.2506
766.5000	  0.2522
766.0000	  0.2502
765.5000	  0.2528
765.0000	  0.2522
764.5000	  0.2524
764.0000	  0.2557
763.5000	  0.2531
763.0000	  0.2554
762.5000	  0.2562
762.0000	  0.2544
761.5000	  0.2576
761.0000	  0.2562
760.5000	  0.2562
760.0000	  0.2590
759.5000	  0.2565
759.0000	  0.2603
758.5000	  0.2588
758.0000	  0.2588
757.5000	  0.2624
757.0000	  0.2599
756.5000	  0.2619
756.0000	  0.2627
755.5000	  0.2610
755.0000	  0.2653
754.5000	  0.2627
754.0000	  0.2638
753.5000	  0.2654
753.0000	  0.2633
752.5000	  0.2676
752.0000	  0.2656
751.5000	  0.2671
751.0000	  0.2689
750.5000	  0.2666
750.0000	  0.2702
749.5000	  0.2688
749.0000	  0.2692
748.5000	  0.2724
748.0000	  0.2690
747.5000	  0.2727
747.0000	  0.2717
746.5000	  0.2711
746.0000	  0.2755
745.5000	  0.2724
745.0000	  0.2746
744.5000	  0.2754
744.0000	  0.2735
743.5000	  0.2778
743.0000	  0.2753
742.5000	  0.2779
742.0000	  0.2785
741.5000	  0.2763
741.0000	  0.2807
740.5000	  0.2785
740.0000	  0.2791
739.5000	  0.2819
739.0000	  0.2795
738.5000	  0.2831
738.0000	  0.2815
737.5000	  0.2827
737.0000	  0.2852
736.5000	  0.2829
736.0000	  0.2869
735.5000	  0.2842
735.0000	  0.2862
734.5000	  0.2881
734.0000	  0.2859
733.5000	  0.2915
733.0000	  0.2875
732.5000	  0.2909
732.0000	  0.2918
731.5000	  0.2905
731.0000	  0.2944
730.5000	  0.2912
730.0000	  0.2954
729.5000	  0.2940
729.0000	  0.2952
728.5000	  0.2968
728.0000	  0.2951
727.5000	  0.3000
727.0000	  0.2977
726.5000	  0.3009
726.0000	  0.3001
725.5000	  0.3012
725.0000	  0.3045
724.5000	  0.3021
724.0000	  0.3071
723.5000	  0.3043
723.0000	  0.3089
722.5000	  0.3083
722.0000	  0.3099
721.5000	  0.3126
721.0000	  0.3106
720.5000	  0.3158
720.0000	  0.3132
719.5000	  0.3189
719.0000	  0.3168
718.5000	  0.3198
718.0000	  0.3210
717.5000	  0.3207
717.0000	  0.3242
716.5000	  0.3209
716.0000	  0.3247
715.5000	  0.3219
715.0000	  0.3233
714.5000	  0.3220
714.0000	  0.3223
713.5000	  0.3221
713.0000	  0.3205
712.5000	  0.3234
712.0000	  0.3194
711.5000	  0.3229
711.0000	  0.3205
710.5000	  0.3223
710.0000	  0.3224
709.5000	  0.3207
709.0000	  0.3229
708.5000	  0.3203
708.0000	  0.3236
707.5000	  0.3221
707.0000	  0.3244
706.5000	  0.3232
706.0000	  0.3245
705.5000	  0.3261
705.0000	  0.3242
704.5000	  0.3280
704.0000	  0.3256
703.5000	  0.3297
703.0000	  0.3275
702.5000	  0.3302
702.0000	  0.3300
701.5000	  0.3298
701.0000	  0.3326
700.5000	  0.3308
700.0000	  0.3346
699.5000	  0.3319
699.0000	  0.3355
698.5000	  0.3339
698.0000	  0.3356
697.5000	  0.3367
697.0000	  0.3363
696.5000	  0.3393
696.0000	  0.3372
695.5000	  0.3400
695.0000	  0.3383
694.5000	  0.3417
694.0000	  0.3407
693.5000	  0.3427
693.0000	  0.3421
692.5000	  0.3434
692.0000	  0.3444
691.5000	  0.3449
691.0000	  0.3455
690.5000	  0.3454
690.0000	  0.3482
689.5000	  0.3474
689.0000	  0.3499
688.5000	  0.3481
688.0000	  0.3511
687.5000	  0.3512
687.0000	  0.3529
686.5000	  0.3518
686.0000	  0.3539
685.5000	  0.3528
685.0000	  0.3558
684.5000	  0.3554
684.0000	  0.3567
683.5000	  0.3564
683.0000	  0.3585
682.5000	  0.3584
682.0000	  0.3599
681.5000	  0.3604
681.0000	  0.3612
680.5000	  0.3618
680.0000	  0.3624
679.5000	  0.3635
679.0000	  0.3646
678.5000	  0.3650
678.0000	  0.3663
677.5000	  0.3665
677.0000	  0.3671
676.5000	  0.3685
676.0000	  0.3685
675.5000	  0.3695
675.0000	  0.3710
674.5000	  0.3712
674.0000	  0.3717
673.5000	  0.3726
673.0000	  0.3738
672.5000	  0.3749
672.0000	  0.3753
671.5000	  0.3763
671.0000	  0.3770
670.5000	  0.3778
670.0000	  0.3787
669.5000	  0.3795
669.0000	  0.3801
668.5000	  0.3815
668.0000	  0.3819
667.5000	  0.3831
667.0000	  0.3829
666.5000	  0.3843
666.0000	  0.3852
665.5000	  0.3854
665.0000	  0.3868
664.5000	  0.3874
664.0000	  0.3884
663.5000	  0.3887
663.0000	  0.3905
662.5000	  0.3903
662.0000	  0.3914
661.5000	  0.3924
661.0000	  0.3929
660.5000	  0.3944
660.0000	  0.3946
659.5000	  0.3947
659.0000	  0.3971
658.5000	  0.3973
658.0000	  0.3980
657.5000	  0.3987
657.0000	  0.3995
656.5000	  0.4001
656.0000	  0.4014
655.5000	  0.4013
655.0000	  0.4026
654.5000	  0.4032
654.0000	  0.4047
653.5000	  0.4044
653.0000	  0.4054
652.5000	  0.4058
652.0000	  0.4088
651.5000	  0.4080
651.0000	  0.4094
650.5000	  0.4096
650.0000	  0.4112
649.5000	  0.4111
649.0000	  0.4126
648.5000	  0.4129
648.0000	  0.4138
647.5000	  0.4150
647.0000	  0.4154
646.5000	  0.4165
646.0000	  0.4172
645.5000	  0.4181
645.0000	  0.4181
644.5000	  0.4196
644.0000	  0.4202
643.5000	  0.4213
643.0000	  0.4213
642.5000	  0.4227
642.0000	  0.4237
641.5000	  0.4242
641.0000	  0.4252
640.5000	  0.4252
640.0000	  0.4266
639.5000	  0.4272
639.0000	  0.4281
638.5000	  0.4283
638.0000	  0.4295
637.5000	  0.4306
637.0000	  0.4309
636.5000	  0.4320
636.0000	  0.4316
635.5000	  0.4335
635.0000	  0.4338
634.5000	  0.4349
634.0000	  0.4358
633.5000	  0.4368
633.0000	  0.4376
632.5000	  0.4382
632.0000	  0.4394
631.5000	  0.4400
631.0000	  0.4418
630.5000	  0.4426
630.0000	  0.4441
629.5000	  0.4450
629.0000	  0.4464
628.5000	  0.4480
628.0000	  0.4493
627.5000	  0.4501
627.0000	  0.4518
626.5000	  0.4534
626.0000	  0.4551
625.5000	  0.4573
625.0000	  0.4578
624.5000	  0.4597
624.0000	  0.4610
623.5000	  0.4624
623.0000	  0.4642
622.5000	  0.4648
622.0000	  0.4666
621.5000	  0.4680
621.0000	  0.4694
620.5000	  0.4702
620.0000	  0.4715
619.5000	  0.4732
619.0000	  0.4743
618.5000	  0.4745
618.0000	  0.4755
617.5000	  0.4764
617.0000	  0.4771
616.5000	  0.4782
616.0000	  0.4782
615.5000	  0.4789
615.0000	  0.4789
614.5000	  0.4813
614.0000	  0.4826
613.5000	  0.4824
613.0000	  0.4831
612.5000	  0.4848
612.0000	  0.4860
611.5000	  0.4867
611.0000	  0.4869
610.5000	  0.4880
610.0000	  0.4892
609.5000	  0.4903
609.0000	  0.4913
608.5000	  0.4921
608.0000	  0.4926
607.5000	  0.4941
607.0000	  0.4954
606.5000	  0.4959
606.0000	  0.4963
605.5000	  0.4980
605.0000	  0.4983
604.5000	  0.4996
604.0000	  0.5005
603.5000	  0.5015
603.0000	  0.5030
602.5000	  0.5039
602.0000	  0.5048
601.5000	  0.5054
601.0000	  0.5063
600.5000	  0.5073
600.0000	  0.5092
599.5000	  0.5086
599.0000	  0.5098
598.5000	  0.5114
598.0000	  0.5114
597.5000	  0.5133
597.0000	  0.5137
596.5000	  0.5144
596.0000	  0.5168
595.5000	  0.5167
595.0000	  0.5169
594.5000	  0.5193
594.0000	  0.5193
593.5000	  0.5210
593.0000	  0.5224
592.5000	  0.5217
592.0000	  0.5237
591.5000	  0.5250
591.0000	  0.5255
590.5000	  0.5272
590.0000	  0.5270
589.5000	  0.5276
589.0000	  0.5303
588.5000	  0.5297
588.0000	  0.5313
587.5000	  0.5321
587.0000	  0.5319
586.5000	  0.5341
586.0000	  0.5356
585.5000	  0.5345
585.0000	  0.5365
584.5000	  0.5378
584.0000	  0.5372
583.5000	  0.5393
583.0000	  0.5400
582.5000	  0.5402
582.0000	  0.5421
581.5000	  0.5429
581.0000	  0.5432
580.5000	  0.5453
580.0000	  0.5447
579.5000	  0.5465
579.0000	  0.5481
578.5000	  0.5470
578.0000	  0.5485
577.5000	  0.5502
577.0000	  0.5501
576.5000	  0.5520
576.0000	  0.5529
575.5000	  0.5528
575.0000	  0.5548
574.5000	  0.5555
574.0000	  0.5553
573.5000	  0.5570
573.0000	  0.5581
572.5000	  0.5577
572.0000	  0.5595
571.5000	  0.5604
571.0000	  0.5606
570.5000	  0.5624
570.0000	  0.5633
569.5000	  0.5643
569.0000	  0.5643
568.5000	  0.5658
568.0000	  0.5667
567.5000	  0.5670
567.0000	  0.5682
566.5000	  0.5696
566.0000	  0.5695
565.5000	  0.5707
565.0000	  0.5731
564.5000	  0.5723
564.0000	  0.5732
563.5000	  0.5747
563.0000	  0.5754
562.5000	  0.5758
562.0000	  0.5763
561.5000	  0.5776
561.0000	  0.5785
560.5000	  0.5786
560.0000	  0.5784
559.5000	  0.5797
559.0000	  0.5802
558.5000	  0.5803
558.0000	  0.5820
557.5000	  0.5824
557.0000	  0.5827
556.5000	  0.5841
556.0000	  0.5845
555.5000	  0.5852
555.0000	  0.5856
554.5000	  0.5864
554.0000	  0.5876
553.5000	  0.5882
553.0000	  0.5894
552.5000	  0.5893
552.0000	  0.5900
551.5000	  0.5913
551.0000	  0.5919
550.5000	  0.5918
550.0000	  0.5931
549.5000	  0.5937
549.0000	  0.5951
548.5000	  0.5956
548.0000	  0.5955
547.5000	  0.5967
547.0000	  0.5974
546.5000	  0.5978
546.0000	  0.5992
545.5000	  0.5992
545.0000	  0.6000
544.5000	  0.6005
544.0000	  0.6011
543.5000	  0.6025
543.0000	  0.6020
542.5000	  0.6026
542.0000	  0.6036
541.5000	  0.6040
541.0000	  0.6042
540.5000	  0.6051
540.0000	  0.6054
539.5000	  0.6064
539.0000	  0.6069
538.5000	  0.6071
538.0000	  0.6078
537.5000	  0.6090
537.0000	  0.6080
536.5000	  0.6090
536.0000	  0.6091
535.5000	  0.6096
535.0000	  0.6108
534.5000	  0.6110
534.0000	  0.6121
533.5000	  0.6121
533.0000	  0.6120
532.5000	  0.6137
532.0000	  0.6132
531.5000	  0.6129
531.0000	  0.6138
530.5000	  0.6144
530.0000	  0.6146
529.5000	  0.6154
529.0000	  0.6151
528.5000	  0.6150
528.0000	  0.6159
527.5000	  0.6162
527.0000	  0.6165
526.5000	  0.6164
526.0000	  0.6164
525.5000	  0.6178
525.0000	  0.6174
524.5000	  0.6174
524.0000	  0.6177
523.5000	  0.6180
523.0000	  0.6177
522.5000	  0.6188
522.0000	  0.6180
521.5000	  0.6182
521.0000	  0.6180
520.5000	  0.6178
520.0000	  0.6177
519.5000	  0.6186
519.0000	  0.6178
518.5000	  0.6185
518.0000	  0.6183
517.5000	  0.6170
517.0000	  0.6179
516.5000	  0.6183
516.0000	  0.6177
515.5000	  0.6178
515.0000	  0.6172
514.5000	  0.6177
514.0000	  0.6177
513.5000	  0.6172
513.0000	  0.6165
512.5000	  0.6165
512.0000	  0.6161
511.5000	  0.6161
511.0000	  0.6155
510.5000	  0.6144
510.0000	  0.6151
509.5000	  0.6148
509.0000	  0.6142
508.5000	  0.6142
508.0000	  0.6148
507.5000	  0.6140
507.0000	  0.6140
506.5000	  0.6138
506.0000	  0.6146
505.5000	  0.6132
505.0000	  0.6137
504.5000	  0.6138
504.0000	  0.6140
503.5000	  0.6128
503.0000	  0.6128
502.5000	  0.6123
502.0000	  0.6124
501.5000	  0.6102
501.0000	  0.6114
500.5000	  0.6110
500.0000	  0.6107
499.5000	  0.6103
499.0000	  0.6092
498.5000	  0.6095
498.0000	  0.6091
497.5000	  0.6088
497.0000	  0.6067
496.5000	  0.6053
496.0000	  0.6051
495.5000	  0.6049
495.0000	  0.6038
494.5000	  0.6019
494.0000	  0.6013
493.5000	  0.6002
493.0000	  0.5984
492.5000	  0.5980
492.0000	  0.5964
491.5000	  0.5948
491.0000	  0.5943
490.5000	  0.5929
490.0000	  0.5917
489.5000	  0.5905
489.0000	  0.5879
488.5000	  0.5863
488.0000	  0.5850
487.5000	  0.5834
487.0000	  0.5818
486.5000	  0.5796
486.0000	  0.5784
485.5000	  0.5760
485.0000	  0.5754
484.5000	  0.5736
484.0000	  0.5716
483.5000	  0.5712
483.0000	  0.5687
482.5000	  0.5682
482.0000	  0.5663
481.5000	  0.5651
481.0000	  0.5629
480.5000	  0.5622
480.0000	  0.5608
479.5000	  0.5579
479.0000	  0.5574
478.5000	  0.5553
478.0000	  0.5547
477.5000	  0.5531
477.0000	  0.5518
476.5000	  0.5507
476.0000	  0.5482
475.5000	  0.5464
475.0000	  0.5462
474.5000	  0.5452
474.0000	  0.5433
473.5000	  0.5425
473.0000	  0.5409
472.5000	  0.5395
472.0000	  0.5390
471.5000	  0.5384
471.0000	  0.5360
470.5000	  0.5358
470.0000	  0.5341
469.5000	  0.5328
469.0000	  0.5318
468.5000	  0.5303
468.0000	  0.5296
467.5000	  0.5298
467.0000	  0.5282
466.5000	  0.5276
466.0000	  0.5273
465.5000	  0.5264
465.0000	  0.5265
464.5000	  0.5244
464.0000	  0.5244
463.5000	  0.5231
463.0000	  0.5222
462.5000	  0.5220
462.0000	  0.5207
461.5000	  0.5208
461.0000	  0.5204
460.5000	  0.5197
460.0000	  0.5189
459.5000	  0.5182
459.0000	  0.5177
458.5000	  0.5168
458.0000	  0.5157
457.5000	  0.5145
457.0000	  0.5144
456.5000	  0.5127
456.0000	  0.5125
455.5000	  0.5109
455.0000	  0.5095
454.5000	  0.5090
454.0000	  0.5077
453.5000	  0.5045
453.0000	  0.5042
452.5000	  0.5019
452.0000	  0.5013
451.5000	  0.5004
451.0000	  0.4968
450.5000	  0.4953
450.0000	  0.4941
449.5000	  0.4925
449.0000	  0.4887
448.5000	  0.4881
448.0000	  0.4856
447.5000	  0.4843
447.0000	  0.4813
446.5000	  0.4804
446.0000	  0.4787
445.5000	  0.4781
445.0000	  0.4771
444.5000	  0.4750
444.0000	  0.4739
443.5000	  0.4718
443.0000	  0.4712
442.5000	  0.4696
442.0000	  0.4691
441.5000	  0.4670
441.0000	  0.4676
440.5000	  0.4649
440.0000	  0.4645
439.5000	  0.4634
439.0000	  0.4621
438.5000	  0.4617
438.0000	  0.4610
437.5000	  0.4592
437.0000	  0.4572
436.5000	  0.4583
436.0000	  0.4573
435.5000	  0.4560
435.0000	  0.4555
434.5000	  0.4544
434.0000	  0.4539
433.5000	  0.4532
433.0000	  0.4525
432.5000	  0.4522
432.0000	  0.4514
431.5000	  0.4502
431.0000	  0.4505
430.5000	  0.4488
430.0000	  0.4491
429.5000	  0.4483
429.0000	  0.4482
428.5000	  0.4469
428.0000	  0.4458
427.5000	  0.4452
427.0000	  0.4442
426.5000	  0.4442
426.0000	  0.4438
425.5000	  0.4426
425.0000	  0.4422
424.5000	  0.4430
424.0000	  0.4421
423.5000	  0.4415
423.0000	  0.4417
422.5000	  0.4409
422.0000	  0.4404
421.5000	  0.4393
421.0000	  0.4389
420.5000	  0.4387
420.0000	  0.4389
419.5000	  0.4370
419.0000	  0.4370
418.5000	  0.4363
418.0000	  0.4367
417.5000	  0.4367
417.0000	  0.4352
416.5000	  0.4346
416.0000	  0.4343
415.5000	  0.4342
415.0000	  0.4330
414.5000	  0.4333
414.0000	  0.4332
413.5000	  0.4318
413.0000	  0.4316
412.5000	  0.4316
412.0000	  0.4304
411.5000	  0.4306
411.0000	  0.4298
410.5000	  0.4293
410.0000	  0.4295
409.5000	  0.4284
409.0000	  0.4285
408.5000	  0.4283
408.0000	  0.4275
407.5000	  0.4276
407.0000	  0.4274
406.5000	  0.4268
406.0000	  0.4258
405.5000	  0.4258
405.0000	  0.4247
404.5000	  0.4252
404.0000	  0.4247
403.5000	  0.4248
403.0000	  0.4239
402.5000	  0.4242
402.0000	  0.4224
401.5000	  0.4233
401.0000	  0.4233
400.5000	  0.4224
400.0000	  0.4225
399.5000	  0.4217
399.0000	  0.4205
398.5000	  0.4212
398.0000	  0.4206
397.5000	  0.4214
397.0000	  0.4197
396.5000	  0.4186
396.0000	  0.4193
395.5000	  0.4192
395.0000	  0.4186
394.5000	  0.4192
394.0000	  0.4183
393.5000	  0.4188
393.0000	  0.4177
392.5000	  0.4188
392.0000	  0.4188
391.5000	  0.4178
391.0000	  0.4170
390.5000	  0.4163
390.0000	  0.4188
389.5000	  0.4185
389.0000	  0.4171
388.5000	  0.4185
388.0000	  0.4183
387.5000	  0.4185
387.0000	  0.4175
386.5000	  0.4181
386.0000	  0.4178
385.5000	  0.4179
385.0000	  0.4183
384.5000	  0.4182
384.0000	  0.4180
383.5000	  0.4186
383.0000	  0.4189
382.5000	  0.4194
382.0000	  0.4172
381.5000	  0.4185
381.0000	  0.4179
380.5000	  0.4189
380.0000	  0.4185
379.5000	  0.4184
379.0000	  0.4187
378.5000	  0.4187
378.0000	  0.4187
377.5000	  0.4175
377.0000	  0.4183
376.5000	  0.4195
376.0000	  0.4181
375.5000	  0.4167
375.0000	  0.4181
374.5000	  0.4189
374.0000	  0.4175
373.5000	  0.4174
373.0000	  0.4176
372.5000	  0.4175
372.0000	  0.4179
371.5000	  0.4168
371.0000	  0.4188
370.5000	  0.4176
370.0000	  0.4180
369.5000	  0.4166
369.0000	  0.4184
368.5000	  0.4171
368.0000	  0.4162
367.5000	  0.4178
367.0000	  0.4183
366.5000	  0.4180
366.0000	  0.4180
365.5000	  0.4178
365.0000	  0.4185
364.5000	  0.4189
364.0000	  0.4188
363.5000	  0.4170
363.0000	  0.4176
362.5000	  0.4163
362.0000	  0.4193
361.5000	  0.4161
361.0000	  0.4167
360.5000	  0.4190
360.0000	  0.4191
359.5000	  0.4163
359.0000	  0.4166
358.5000	  0.4194
358.0000	  0.4187
357.5000	  0.4161
357.0000	  0.4165
356.5000	  0.4166
356.0000	  0.4176
355.5000	  0.4155
355.0000	  0.4172
354.5000	  0.4185
354.0000	  0.4175
353.5000	  0.4168
353.0000	  0.4143
352.5000	  0.4176
352.0000	  0.4168
351.5000	  0.4181
351.0000	  0.4137
350.5000	  0.4157
350.0000	  0.4143
