21/04/2023 16.11.45
21/04/2023 16.19.06

900.0000	-16.5000

900.0000	-16.5000

900.0000	-18.3000



  1.0000
900.0000
  3.0000
340.0000
  1.0000
1101.0000
  5.0000
  6.0000
  1.0000
  1.0000
  0.0000
  0.0000
100.0000
  0.0000
  1.0000
  0.0000
500.0000
900.0000
350.0000
  4.0000
  1.0000
 18.0000
  2.0000
  1.0000
255.0000
  0.8498
  1.0000
 30.0000
  4.0000
500.0000
  0.0000
  0.0000
  4.0000
900.0000
350.0000
  0.0000
100.0000
  0.0000
  1.0000
  0.0000
500.0000
  1.0000
  1.0000
  1.0000
  1.0000
  4.0000
  0.0000
  1.0000
  1.0000
  1.0000
  1.0000
  1.0000
  2.0000
  1.0000
  1.0000
  1.0000
  3.0000
  1.0000
  1.0000
  1.0000
  4.0000
  5.0000
441.117
0.000
900.0000	  0.0631
899.5000	  0.3130
899.0000	  0.0511
898.5000	 -0.1589
898.0000	  0.0347
897.5000	 -0.1197
897.0000	  0.1573
896.5000	  0.0726
896.0000	  0.0078
895.5000	  0.0288
895.0000	 -0.0043
894.5000	 -0.0860
894.0000	  0.0445
893.5000	  0.0584
893.0000	  0.1698
892.5000	 -0.1894
892.0000	 -0.0777
891.5000	  0.0202
891.0000	 -0.0293
890.5000	 -0.0402
890.0000	  0.0565
889.5000	  0.0325
889.0000	 -0.1662
888.5000	  0.1061
888.0000	 -0.0296
887.5000	  0.0119
887.0000	  0.0923
886.5000	  0.0979
886.0000	 -0.0930
885.5000	 -0.0057
885.0000	 -0.0093
884.5000	  0.0429
884.0000	  0.0133
883.5000	 -0.1116
883.0000	 -0.0009
882.5000	 -0.0318
882.0000	  0.0168
881.5000	  0.0027
881.0000	 -0.0560
880.5000	 -0.0223
880.0000	 -0.0393
879.5000	 -0.0094
879.0000	  0.0291
878.5000	 -0.0276
878.0000	 -0.0178
877.5000	 -0.0409
877.0000	 -0.0088
876.5000	  0.0030
876.0000	  0.0101
875.5000	  0.0268
875.0000	  0.0314
874.5000	  0.0419
874.0000	 -0.0013
873.5000	 -0.0226
873.0000	 -0.0293
872.5000	 -0.0242
872.0000	  0.0017
871.5000	 -0.0037
871.0000	 -0.0202
870.5000	  0.0177
870.0000	  0.0141
869.5000	  0.0205
869.0000	  0.0051
868.5000	  0.0021
868.0000	 -0.0094
867.5000	 -0.0098
867.0000	 -0.0107
866.5000	  0.0064
866.0000	 -0.0019
865.5000	 -0.0022
865.0000	  0.0030
864.5000	 -0.0171
864.0000	 -0.0025
863.5000	  0.0016
863.0000	 -0.0090
862.5000	 -0.0091
862.0000	 -0.0071
861.5000	 -0.0022
861.0000	  0.0001
860.5000	 -0.0069
860.0000	 -0.0027
859.5000	  0.0019
859.0000	 -0.0030
858.5000	 -0.0020
858.0000	 -0.0014
857.5000	 -0.0060
857.0000	 -0.0005
856.5000	 -0.0031
856.0000	 -0.0037
855.5000	  0.0043
855.0000	  0.0018
854.5000	 -0.0010
854.0000	  0.0006
853.5000	 -0.0012
853.0000	  0.0010
852.5000	 -0.0003
852.0000	 -0.0023
851.5000	  0.0006
851.0000	 -0.0021
850.5000	  0.0012
850.0000	  0.0011
849.5000	  0.0019
849.0000	 -0.0012
848.5000	  0.0013
848.0000	  0.0008
847.5000	  0.0009
847.0000	  0.0000
846.5000	  0.0006
846.0000	  0.0006
845.5000	 -0.0006
845.0000	  0.0000
844.5000	  0.0002
844.0000	 -0.0002
843.5000	 -0.0005
843.0000	  0.0006
842.5000	 -0.0009
842.0000	  0.0011
841.5000	  0.0000
841.0000	  0.0011
840.5000	  0.0019
840.0000	  0.0013
839.5000	  0.0001
839.0000	  0.0013
838.5000	  0.0015
838.0000	  0.0004
837.5000	  0.0011
837.0000	  0.0012
836.5000	  0.0010
836.0000	  0.0004
835.5000	  0.0006
835.0000	  0.0012
834.5000	  0.0002
834.0000	  0.0007
833.5000	 -0.0003
833.0000	  0.0006
832.5000	  0.0005
832.0000	  0.0010
831.5000	  0.0003
831.0000	  0.0009
830.5000	  0.0008
830.0000	  0.0006
829.5000	  0.0004
829.0000	  0.0005
828.5000	  0.0012
828.0000	  0.0008
827.5000	  0.0012
827.0000	  0.0014
826.5000	  0.0006
826.0000	  0.0014
825.5000	  0.0008
825.0000	  0.0009
824.5000	  0.0009
824.0000	  0.0013
823.5000	  0.0012
823.0000	  0.0007
822.5000	  0.0011
822.0000	  0.0008
821.5000	  0.0005
821.0000	  0.0005
820.5000	  0.0005
820.0000	  0.0010
819.5000	  0.0014
819.0000	  0.0014
818.5000	  0.0007
818.0000	  0.0010
817.5000	  0.0007
817.0000	  0.0009
816.5000	  0.0008
816.0000	  0.0007
815.5000	  0.0006
815.0000	  0.0008
814.5000	  0.0013
814.0000	  0.0011
813.5000	  0.0008
813.0000	  0.0013
812.5000	  0.0006
812.0000	  0.0008
811.5000	  0.0009
811.0000	  0.0005
810.5000	  0.0007
810.0000	  0.0010
809.5000	  0.0007
809.0000	  0.0005
808.5000	  0.0012
808.0000	  0.0007
807.5000	  0.0007
807.0000	  0.0008
806.5000	  0.0009
806.0000	  0.0010
805.5000	  0.0006
805.0000	  0.0012
804.5000	  0.0008
804.0000	  0.0006
803.5000	  0.0008
803.0000	  0.0006
802.5000	  0.0009
802.0000	  0.0011
801.5000	  0.0013
801.0000	  0.0009
800.5000	  0.0006
800.0000	  0.0010
799.5000	  0.0008
799.0000	  0.0007
798.5000	  0.0005
798.0000	  0.0008
797.5000	  0.0011
797.0000	  0.0009
796.5000	  0.0007
796.0000	  0.0008
795.5000	  0.0006
795.0000	  0.0007
794.5000	  0.0011
794.0000	  0.0009
793.5000	  0.0009
793.0000	  0.0010
792.5000	  0.0007
792.0000	  0.0004
791.5000	  0.0008
791.0000	  0.0004
790.5000	  0.0010
790.0000	  0.0007
789.5000	  0.0010
789.0000	  0.0012
788.5000	  0.0008
788.0000	  0.0008
787.5000	  0.0006
787.0000	  0.0009
786.5000	  0.0008
786.0000	  0.0009
785.5000	  0.0009
785.0000	  0.0010
784.5000	  0.0010
784.0000	  0.0006
783.5000	  0.0007
783.0000	  0.0007
782.5000	  0.0010
782.0000	  0.0008
781.5000	  0.0009
781.0000	  0.0008
780.5000	  0.0010
780.0000	  0.0011
779.5000	  0.0004
779.0000	  0.0009
778.5000	  0.0008
778.0000	  0.0009
777.5000	  0.0010
777.0000	  0.0008
776.5000	  0.0009
776.0000	  0.0006
775.5000	  0.0008
775.0000	  0.0008
774.5000	  0.0008
774.0000	  0.0009
773.5000	  0.0009
773.0000	  0.0011
772.5000	  0.0007
772.0000	  0.0011
771.5000	  0.0009
771.0000	  0.0008
770.5000	  0.0002
770.0000	  0.0009
769.5000	  0.0009
769.0000	  0.0007
768.5000	  0.0008
768.0000	  0.0006
767.5000	  0.0011
767.0000	  0.0006
766.5000	  0.0008
766.0000	  0.0008
765.5000	  0.0007
765.0000	  0.0005
764.5000	  0.0008
764.0000	  0.0008
763.5000	  0.0009
763.0000	  0.0007
762.5000	  0.0007
762.0000	  0.0005
761.5000	  0.0007
761.0000	  0.0008
760.5000	  0.0008
760.0000	  0.0007
759.5000	  0.0009
759.0000	  0.0007
758.5000	  0.0010
758.0000	  0.0006
757.5000	  0.0006
757.0000	  0.0008
756.5000	  0.0007
756.0000	  0.0005
755.5000	  0.0010
755.0000	  0.0007
754.5000	  0.0007
754.0000	  0.0008
753.5000	  0.0007
753.0000	  0.0010
752.5000	  0.0006
752.0000	  0.0006
751.5000	  0.0006
751.0000	  0.0007
750.5000	  0.0008
750.0000	  0.0009
749.5000	  0.0007
749.0000	  0.0009
748.5000	  0.0007
748.0000	  0.0008
747.5000	  0.0005
747.0000	  0.0007
746.5000	  0.0008
746.0000	  0.0005
745.5000	  0.0006
745.0000	  0.0009
744.5000	  0.0007
744.0000	  0.0007
743.5000	  0.0008
743.0000	  0.0008
742.5000	  0.0007
742.0000	  0.0008
741.5000	  0.0007
741.0000	  0.0008
740.5000	  0.0007
740.0000	  0.0007
739.5000	  0.0006
739.0000	  0.0007
738.5000	  0.0008
738.0000	  0.0006
737.5000	  0.0008
737.0000	  0.0009
736.5000	  0.0009
736.0000	  0.0006
735.5000	  0.0007
735.0000	  0.0007
734.5000	  0.0006
734.0000	  0.0007
733.5000	  0.0005
733.0000	  0.0009
732.5000	  0.0006
732.0000	  0.0006
731.5000	  0.0007
731.0000	  0.0008
730.5000	  0.0009
730.0000	  0.0007
729.5000	  0.0005
729.0000	  0.0007
728.5000	  0.0005
728.0000	  0.0008
727.5000	  0.0009
727.0000	  0.0007
726.5000	  0.0008
726.0000	  0.0011
725.5000	  0.0006
725.0000	 -0.0003
724.5000	 -0.0015
724.0000	  0.0007
723.5000	  0.0007
723.0000	  0.0006
722.5000	  0.0007
722.0000	  0.0008
721.5000	  0.0036
721.0000	  0.0015
720.5000	  0.0008
720.0000	  0.0009
719.5000	  0.0009
719.0000	 -0.0018
718.5000	  0.0002
718.0000	  0.0007
717.5000	  0.0008
717.0000	  0.0006
716.5000	  0.0008
716.0000	  0.0050
715.5000	  0.0008
715.0000	  0.0008
714.5000	  0.0006
714.0000	  0.0004
713.5000	  0.0005
713.0000	  0.0005
712.5000	  0.0006
712.0000	  0.0005
711.5000	  0.0007
711.0000	  0.0003
710.5000	  0.0006
710.0000	  0.0008
709.5000	  0.0007
709.0000	  0.0007
708.5000	  0.0007
708.0000	  0.0005
707.5000	  0.0005
707.0000	  0.0005
706.5000	  0.0006
706.0000	  0.0009
705.5000	  0.0008
705.0000	  0.0008
704.5000	  0.0008
704.0000	  0.0008
703.5000	  0.0006
703.0000	  0.0007
702.5000	  0.0006
702.0000	  0.0005
701.5000	  0.0008
701.0000	  0.0009
700.5000	  0.0008
700.0000	  0.0007
699.5000	  0.0007
699.0000	  0.0008
698.5000	  0.0007
698.0000	  0.0009
697.5000	  0.0007
697.0000	  0.0009
696.5000	  0.0009
696.0000	  0.0009
695.5000	  0.0010
695.0000	  0.0008
694.5000	  0.0007
694.0000	  0.0009
693.5000	  0.0009
693.0000	  0.0009
692.5000	  0.0009
692.0000	  0.0008
691.5000	  0.0008
691.0000	  0.0009
690.5000	  0.0010
690.0000	  0.0009
689.5000	  0.0009
689.0000	  0.0011
688.5000	  0.0008
688.0000	  0.0009
687.5000	  0.0009
687.0000	  0.0011
686.5000	  0.0007
686.0000	  0.0010
685.5000	  0.0007
685.0000	  0.0007
684.5000	  0.0009
684.0000	  0.0010
683.5000	  0.0009
683.0000	  0.0008
682.5000	  0.0010
682.0000	  0.0010
681.5000	  0.0010
681.0000	  0.0011
680.5000	  0.0011
680.0000	  0.0010
679.5000	  0.0010
679.0000	  0.0011
678.5000	  0.0010
678.0000	  0.0011
677.5000	  0.0010
677.0000	  0.0010
676.5000	  0.0012
676.0000	  0.0011
675.5000	  0.0012
675.0000	  0.0011
674.5000	  0.0012
674.0000	  0.0012
673.5000	  0.0011
673.0000	  0.0012
672.5000	  0.0012
672.0000	  0.0012
671.5000	  0.0012
671.0000	  0.0012
670.5000	  0.0012
670.0000	  0.0012
669.5000	  0.0012
669.0000	  0.0011
668.5000	  0.0011
668.0000	  0.0012
667.5000	  0.0012
667.0000	  0.0014
666.5000	  0.0013
666.0000	  0.0014
665.5000	  0.0014
665.0000	  0.0013
664.5000	  0.0013
664.0000	  0.0015
663.5000	  0.0012
663.0000	  0.0014
662.5000	  0.0014
662.0000	  0.0015
661.5000	  0.0014
661.0000	  0.0015
660.5000	  0.0015
660.0000	  0.0013
659.5000	  0.0014
659.0000	  0.0016
658.5000	  0.0015
658.0000	  0.0015
657.5000	  0.0016
657.0000	  0.0016
656.5000	  0.0016
656.0000	  0.0016
655.5000	  0.0016
655.0000	  0.0015
654.5000	  0.0017
654.0000	  0.0017
653.5000	  0.0017
653.0000	  0.0017
652.5000	  0.0016
652.0000	  0.0018
651.5000	  0.0018
651.0000	  0.0016
650.5000	  0.0017
650.0000	  0.0017
649.5000	  0.0018
649.0000	  0.0018
648.5000	  0.0018
648.0000	  0.0017
647.5000	  0.0018
647.0000	  0.0019
646.5000	  0.0019
646.0000	  0.0019
645.5000	  0.0019
645.0000	  0.0018
644.5000	  0.0019
644.0000	  0.0019
643.5000	  0.0020
643.0000	  0.0020
642.5000	  0.0020
642.0000	  0.0021
641.5000	  0.0020
641.0000	  0.0020
640.5000	  0.0022
640.0000	  0.0021
639.5000	  0.0020
639.0000	  0.0021
638.5000	  0.0022
638.0000	  0.0022
637.5000	  0.0021
637.0000	  0.0022
636.5000	  0.0021
636.0000	  0.0022
635.5000	  0.0022
635.0000	  0.0023
634.5000	  0.0023
634.0000	  0.0023
633.5000	  0.0023
633.0000	  0.0023
632.5000	  0.0024
632.0000	  0.0024
631.5000	  0.0024
631.0000	  0.0023
630.5000	  0.0024
630.0000	  0.0025
629.5000	  0.0025
629.0000	  0.0025
628.5000	  0.0026
628.0000	  0.0026
627.5000	  0.0027
627.0000	  0.0027
626.5000	  0.0027
626.0000	  0.0027
625.5000	  0.0026
625.0000	  0.0028
624.5000	  0.0028
624.0000	  0.0029
623.5000	  0.0028
623.0000	  0.0028
622.5000	  0.0027
622.0000	  0.0028
621.5000	  0.0028
621.0000	  0.0029
620.5000	  0.0030
620.0000	  0.0029
619.5000	  0.0029
619.0000	  0.0030
618.5000	  0.0029
618.0000	  0.0031
617.5000	  0.0031
617.0000	  0.0030
616.5000	  0.0032
616.0000	  0.0032
615.5000	  0.0031
615.0000	  0.0032
614.5000	  0.0032
614.0000	  0.0032
613.5000	  0.0032
613.0000	  0.0033
612.5000	  0.0034
612.0000	  0.0033
611.5000	  0.0034
611.0000	  0.0034
610.5000	  0.0034
610.0000	  0.0034
609.5000	  0.0035
609.0000	  0.0036
608.5000	  0.0035
608.0000	  0.0036
607.5000	  0.0036
607.0000	  0.0036
606.5000	  0.0038
606.0000	  0.0037
605.5000	  0.0038
605.0000	  0.0038
604.5000	  0.0039
604.0000	  0.0038
603.5000	  0.0038
603.0000	  0.0039
602.5000	  0.0038
602.0000	  0.0040
601.5000	  0.0040
601.0000	  0.0041
600.5000	  0.0041
600.0000	  0.0041
599.5000	  0.0041
599.0000	  0.0043
598.5000	  0.0042
598.0000	  0.0043
597.5000	  0.0043
597.0000	  0.0043
596.5000	  0.0043
596.0000	  0.0045
595.5000	  0.0044
595.0000	  0.0045
594.5000	  0.0045
594.0000	  0.0046
593.5000	  0.0047
593.0000	  0.0047
592.5000	  0.0046
592.0000	  0.0048
591.5000	  0.0047
591.0000	  0.0049
590.5000	  0.0047
590.0000	  0.0049
589.5000	  0.0050
589.0000	  0.0052
588.5000	  0.0050
588.0000	  0.0053
587.5000	  0.0051
587.0000	  0.0052
586.5000	  0.0053
586.0000	  0.0052
585.5000	  0.0053
585.0000	  0.0056
584.5000	  0.0055
584.0000	  0.0055
583.5000	  0.0054
583.0000	  0.0056
582.5000	  0.0056
582.0000	  0.0058
581.5000	  0.0057
581.0000	  0.0059
580.5000	  0.0058
580.0000	  0.0060
579.5000	  0.0060
579.0000	  0.0059
578.5000	  0.0062
578.0000	  0.0061
577.5000	  0.0061
577.0000	  0.0064
576.5000	  0.0063
576.0000	  0.0063
575.5000	  0.0065
575.0000	  0.0065
574.5000	  0.0065
574.0000	  0.0066
573.5000	  0.0066
573.0000	  0.0066
572.5000	  0.0068
572.0000	  0.0068
571.5000	  0.0069
571.0000	  0.0069
570.5000	  0.0070
570.0000	  0.0070
569.5000	  0.0072
569.0000	  0.0072
568.5000	  0.0072
568.0000	  0.0073
567.5000	  0.0075
567.0000	  0.0074
566.5000	  0.0076
566.0000	  0.0077
565.5000	  0.0078
565.0000	  0.0079
564.5000	  0.0080
564.0000	  0.0080
563.5000	  0.0081
563.0000	  0.0082
562.5000	  0.0082
562.0000	  0.0084
561.5000	  0.0084
561.0000	  0.0086
560.5000	  0.0086
560.0000	  0.0086
559.5000	  0.0088
559.0000	  0.0089
558.5000	  0.0089
558.0000	  0.0090
557.5000	  0.0091
557.0000	  0.0093
556.5000	  0.0093
556.0000	  0.0094
555.5000	  0.0095
555.0000	  0.0096
554.5000	  0.0097
554.0000	  0.0098
553.5000	  0.0099
553.0000	  0.0100
552.5000	  0.0101
552.0000	  0.0101
551.5000	  0.0104
551.0000	  0.0105
550.5000	  0.0105
550.0000	  0.0108
549.5000	  0.0107
549.0000	  0.0108
548.5000	  0.0109
548.0000	  0.0111
547.5000	  0.0113
547.0000	  0.0114
546.5000	  0.0115
546.0000	  0.0116
545.5000	  0.0117
545.0000	  0.0118
544.5000	  0.0118
544.0000	  0.0120
543.5000	  0.0122
543.0000	  0.0124
542.5000	  0.0124
542.0000	  0.0127
541.5000	  0.0127
541.0000	  0.0127
540.5000	  0.0129
540.0000	  0.0131
539.5000	  0.0133
539.0000	  0.0135
538.5000	  0.0136
538.0000	  0.0137
537.5000	  0.0138
537.0000	  0.0140
536.5000	  0.0143
536.0000	  0.0143
535.5000	  0.0145
535.0000	  0.0146
534.5000	  0.0147
534.0000	  0.0149
533.5000	  0.0152
533.0000	  0.0153
532.5000	  0.0154
532.0000	  0.0156
531.5000	  0.0158
531.0000	  0.0160
530.5000	  0.0162
530.0000	  0.0164
529.5000	  0.0165
529.0000	  0.0166
528.5000	  0.0169
528.0000	  0.0170
527.5000	  0.0173
527.0000	  0.0175
526.5000	  0.0177
526.0000	  0.0178
525.5000	  0.0180
525.0000	  0.0182
524.5000	  0.0185
524.0000	  0.0187
523.5000	  0.0190
523.0000	  0.0192
522.5000	  0.0192
522.0000	  0.0194
521.5000	  0.0197
521.0000	  0.0200
520.5000	  0.0202
520.0000	  0.0204
519.5000	  0.0206
519.0000	  0.0207
518.5000	  0.0211
518.0000	  0.0212
517.5000	  0.0216
517.0000	  0.0217
516.5000	  0.0221
516.0000	  0.0221
515.5000	  0.0225
515.0000	  0.0226
514.5000	  0.0228
514.0000	  0.0230
513.5000	  0.0232
513.0000	  0.0235
512.5000	  0.0238
512.0000	  0.0240
511.5000	  0.0242
511.0000	  0.0244
510.5000	  0.0244
510.0000	  0.0248
509.5000	  0.0251
509.0000	  0.0252
508.5000	  0.0254
508.0000	  0.0257
507.5000	  0.0258
507.0000	  0.0261
506.5000	  0.0262
506.0000	  0.0264
505.5000	  0.0267
505.0000	  0.0269
504.5000	  0.0270
504.0000	  0.0272
503.5000	  0.0275
503.0000	  0.0276
502.5000	  0.0277
502.0000	  0.0278
501.5000	  0.0282
501.0000	  0.0284
500.5000	  0.0286
500.0000	  0.0285
499.5000	  0.0288
499.0000	  0.0289
498.5000	  0.0289
498.0000	  0.0291
497.5000	  0.0291
497.0000	  0.0293
496.5000	  0.0293
496.0000	  0.0294
495.5000	  0.0294
495.0000	  0.0294
494.5000	  0.0294
494.0000	  0.0296
493.5000	  0.0296
493.0000	  0.0294
492.5000	  0.0293
492.0000	  0.0292
491.5000	  0.0291
491.0000	  0.0292
490.5000	  0.0289
490.0000	  0.0289
489.5000	  0.0290
489.0000	  0.0289
488.5000	  0.0285
488.0000	  0.0285
487.5000	  0.0283
487.0000	  0.0281
486.5000	  0.0282
486.0000	  0.0278
485.5000	  0.0278
485.0000	  0.0276
484.5000	  0.0274
484.0000	  0.0273
483.5000	  0.0272
483.0000	  0.0269
482.5000	  0.0269
482.0000	  0.0266
481.5000	  0.0264
481.0000	  0.0260
480.5000	  0.0258
480.0000	  0.0258
479.5000	  0.0256
479.0000	  0.0253
478.5000	  0.0254
478.0000	  0.0249
477.5000	  0.0246
477.0000	  0.0245
476.5000	  0.0243
476.0000	  0.0239
475.5000	  0.0238
475.0000	  0.0236
474.5000	  0.0234
474.0000	  0.0233
473.5000	  0.0228
473.0000	  0.0230
472.5000	  0.0227
472.0000	  0.0227
471.5000	  0.0222
471.0000	  0.0218
470.5000	  0.0219
470.0000	  0.0218
469.5000	  0.0215
469.0000	  0.0215
468.5000	  0.0212
468.0000	  0.0211
467.5000	  0.0209
467.0000	  0.0207
466.5000	  0.0205
466.0000	  0.0203
465.5000	  0.0200
465.0000	  0.0200
464.5000	  0.0199
464.0000	  0.0197
463.5000	  0.0195
463.0000	  0.0195
462.5000	  0.0191
462.0000	  0.0193
461.5000	  0.0188
461.0000	  0.0186
460.5000	  0.0186
460.0000	  0.0183
459.5000	  0.0185
459.0000	  0.0178
458.5000	  0.0181
458.0000	  0.0182
457.5000	  0.0177
457.0000	  0.0174
456.5000	  0.0173
456.0000	  0.0172
455.5000	  0.0171
455.0000	  0.0167
454.5000	  0.0168
454.0000	  0.0168
453.5000	  0.0165
453.0000	  0.0160
452.5000	  0.0161
452.0000	  0.0159
451.5000	  0.0159
451.0000	  0.0156
450.5000	  0.0155
450.0000	  0.0155
449.5000	  0.0151
449.0000	  0.0149
448.5000	  0.0147
448.0000	  0.0146
447.5000	  0.0143
447.0000	  0.0142
446.5000	  0.0145
446.0000	  0.0139
445.5000	  0.0138
445.0000	  0.0137
444.5000	  0.0137
444.0000	  0.0133
443.5000	  0.0133
443.0000	  0.0131
442.5000	  0.0132
442.0000	  0.0130
441.5000	  0.0129
441.0000	  0.0129
440.5000	  0.0127
440.0000	  0.0127
439.5000	  0.0126
439.0000	  0.0125
438.5000	  0.0122
438.0000	  0.0123
437.5000	  0.0124
437.0000	  0.0120
436.5000	  0.0120
436.0000	  0.0117
435.5000	  0.0119
435.0000	  0.0117
434.5000	  0.0115
434.0000	  0.0113
433.5000	  0.0113
433.0000	  0.0113
432.5000	  0.0111
432.0000	  0.0112
431.5000	  0.0112
431.0000	  0.0111
430.5000	  0.0110
430.0000	  0.0109
429.5000	  0.0109
429.0000	  0.0105
428.5000	  0.0108
428.0000	  0.0105
427.5000	  0.0105
427.0000	  0.0103
426.5000	  0.0104
426.0000	  0.0102
425.5000	  0.0105
425.0000	  0.0104
424.5000	  0.0102
424.0000	  0.0102
423.5000	  0.0100
423.0000	  0.0102
422.5000	  0.0100
422.0000	  0.0099
421.5000	  0.0098
421.0000	  0.0097
420.5000	  0.0095
420.0000	  0.0096
419.5000	  0.0093
419.0000	  0.0095
418.5000	  0.0095
418.0000	  0.0094
417.5000	  0.0091
417.0000	  0.0092
416.5000	  0.0092
416.0000	  0.0093
415.5000	  0.0091
415.0000	  0.0087
414.5000	  0.0088
414.0000	  0.0088
413.5000	  0.0087
413.0000	  0.0086
412.5000	  0.0087
412.0000	  0.0086
411.5000	  0.0083
411.0000	  0.0086
410.5000	  0.0086
410.0000	  0.0082
409.5000	  0.0083
409.0000	  0.0081
408.5000	  0.0083
408.0000	  0.0080
407.5000	  0.0082
407.0000	  0.0078
406.5000	  0.0079
406.0000	  0.0078
405.5000	  0.0079
405.0000	  0.0076
404.5000	  0.0078
404.0000	  0.0077
403.5000	  0.0078
403.0000	  0.0079
402.5000	  0.0073
402.0000	  0.0074
401.5000	  0.0076
401.0000	  0.0077
400.5000	  0.0077
400.0000	  0.0074
399.5000	  0.0075
399.0000	  0.0075
398.5000	  0.0071
398.0000	  0.0070
397.5000	  0.0070
397.0000	  0.0070
396.5000	  0.0072
396.0000	  0.0072
395.5000	  0.0071
395.0000	  0.0070
394.5000	  0.0072
394.0000	  0.0071
393.5000	  0.0068
393.0000	  0.0070
392.5000	  0.0070
392.0000	  0.0068
391.5000	  0.0064
391.0000	  0.0073
390.5000	  0.0064
390.0000	  0.0062
389.5000	  0.0071
389.0000	  0.0068
388.5000	  0.0065
388.0000	  0.0064
387.5000	  0.0065
387.0000	  0.0068
386.5000	  0.0071
386.0000	  0.0070
385.5000	  0.0063
385.0000	  0.0058
384.5000	  0.0066
384.0000	  0.0066
383.5000	  0.0066
383.0000	  0.0063
382.5000	  0.0062
382.0000	  0.0060
381.5000	  0.0067
381.0000	  0.0067
380.5000	  0.0062
380.0000	  0.0065
379.5000	  0.0060
379.0000	  0.0062
378.5000	  0.0059
378.0000	  0.0066
377.5000	  0.0066
377.0000	  0.0058
376.5000	  0.0063
376.0000	  0.0064
375.5000	  0.0061
375.0000	  0.0065
374.5000	  0.0062
374.0000	  0.0060
373.5000	  0.0064
373.0000	  0.0061
372.5000	  0.0065
372.0000	  0.0053
371.5000	  0.0066
371.0000	  0.0059
370.5000	  0.0067
370.0000	  0.0065
369.5000	  0.0064
369.0000	  0.0062
368.5000	  0.0062
368.0000	  0.0067
367.5000	  0.0065
367.0000	  0.0062
366.5000	  0.0061
366.0000	  0.0056
365.5000	  0.0058
365.0000	  0.0063
364.5000	  0.0058
364.0000	  0.0052
363.5000	  0.0049
363.0000	  0.0065
362.5000	  0.0048
362.0000	  0.0059
361.5000	  0.0052
361.0000	  0.0057
360.5000	  0.0062
360.0000	  0.0069
359.5000	  0.0073
359.0000	  0.0075
358.5000	  0.0059
358.0000	  0.0069
357.5000	  0.0056
357.0000	  0.0050
356.5000	  0.0061
356.0000	  0.0047
355.5000	  0.0066
355.0000	  0.0035
354.5000	  0.0054
354.0000	  0.0064
353.5000	  0.0049
353.0000	  0.0058
352.5000	  0.0052
352.0000	  0.0076
351.5000	  0.0071
351.0000	  0.0057
350.5000	  0.0054
350.0000	  0.0048
