04/04/2023 16.45.33
04/04/2023 16.54.02

900.0000	 98.4000

900.0000	 98.4000

900.0000	113.4000



  1.0000
900.0000
  3.0000
340.0000
  1.0000
1301.0000
  5.0000
  6.0000
  1.0000
  1.0000
  0.0000
  0.0000
100.0000
  0.0000
  1.0000
  0.0000
500.0000
900.0000
250.0000
  4.0000
  1.0000
 18.0000
  2.0000
  1.0000
255.0000
  0.8199
  1.0000
 30.0000
  4.0000
500.0000
  0.0000
  0.0000
  4.0000
900.0000
250.0000
  0.0000
100.0000
  0.0000
  1.0000
  0.0000
500.0000
  1.0000
  1.0000
  1.0000
  1.0000
  4.0000
  0.0000
  1.0000
  1.0000
  1.0000
  1.0000
  1.0000
  2.0000
  1.0000
  1.0000
  1.0000
  3.0000
  1.0000
  1.0000
  1.0000
  4.0000
  5.0000
508.740
0.000
900.0000	  1.0915
899.5000	  0.9777
899.0000	  0.9792
898.5000	  1.0018
898.0000	  0.9764
897.5000	  1.0659
897.0000	  1.0261
896.5000	  1.0140
896.0000	  1.0210
895.5000	  0.9838
895.0000	  0.9267
894.5000	  0.9810
894.0000	  0.9851
893.5000	  1.0093
893.0000	  0.9764
892.5000	  0.9384
892.0000	  0.9199
891.5000	  0.9412
891.0000	  0.9591
890.5000	  0.9866
890.0000	  0.9796
889.5000	  0.9778
889.0000	  0.9827
888.5000	  0.9984
888.0000	  0.9693
887.5000	  1.0183
887.0000	  1.0251
886.5000	  1.0446
886.0000	  0.9787
885.5000	  0.9743
885.0000	  0.9797
884.5000	  0.9755
884.0000	  1.0115
883.5000	  0.9984
883.0000	  0.9904
882.5000	  0.9902
882.0000	  1.0614
881.5000	  1.0268
881.0000	  1.0367
880.5000	  1.0216
880.0000	  0.9998
879.5000	  1.0248
879.0000	  0.9985
878.5000	  0.9769
878.0000	  1.0205
877.5000	  0.9859
877.0000	  0.9806
876.5000	  1.0063
876.0000	  1.0115
875.5000	  0.9902
875.0000	  0.9948
874.5000	  0.9952
874.0000	  0.9823
873.5000	  1.0026
873.0000	  0.9996
872.5000	  0.9813
872.0000	  1.0023
871.5000	  1.0137
871.0000	  1.0014
870.5000	  1.0082
870.0000	  1.0161
869.5000	  1.0144
869.0000	  0.9879
868.5000	  0.9951
868.0000	  1.0096
867.5000	  1.0028
867.0000	  1.0026
866.5000	  0.9931
866.0000	  1.0092
865.5000	  1.0032
865.0000	  1.0015
864.5000	  1.0060
864.0000	  0.9981
863.5000	  1.0108
863.0000	  1.0090
862.5000	  1.0026
862.0000	  1.0049
861.5000	  1.0028
861.0000	  1.0038
860.5000	  1.0078
860.0000	  1.0136
859.5000	  1.0040
859.0000	  1.0071
858.5000	  1.0120
858.0000	  1.0109
857.5000	  1.0104
857.0000	  1.0107
856.5000	  1.0125
856.0000	  1.0157
855.5000	  1.0074
855.0000	  1.0124
854.5000	  1.0161
854.0000	  1.0083
853.5000	  1.0179
853.0000	  1.0195
852.5000	  1.0124
852.0000	  1.0185
851.5000	  1.0153
851.0000	  1.0174
850.5000	  1.0176
850.0000	  1.0138
849.5000	  1.0195
849.0000	  1.0168
848.5000	  1.0178
848.0000	  1.0177
847.5000	  1.0193
847.0000	  1.0165
846.5000	  1.0170
846.0000	  1.0207
845.5000	  1.0207
845.0000	  1.0222
844.5000	  1.0199
844.0000	  1.0177
843.5000	  1.0202
843.0000	  1.0203
842.5000	  1.0234
842.0000	  1.0192
841.5000	  1.0184
841.0000	  1.0229
840.5000	  1.0220
840.0000	  1.0201
839.5000	  1.0204
839.0000	  1.0219
838.5000	  1.0200
838.0000	  1.0190
837.5000	  1.0212
837.0000	  1.0218
836.5000	  1.0195
836.0000	  1.0229
835.5000	  1.0177
835.0000	  1.0215
834.5000	  1.0216
834.0000	  1.0183
833.5000	  1.0183
833.0000	  1.0190
832.5000	  1.0189
832.0000	  1.0175
831.5000	  1.0186
831.0000	  1.0167
830.5000	  1.0181
830.0000	  1.0181
829.5000	  1.0162
829.0000	  1.0175
828.5000	  1.0179
828.0000	  1.0164
827.5000	  1.0186
827.0000	  1.0189
826.5000	  1.0171
826.0000	  1.0168
825.5000	  1.0165
825.0000	  1.0159
824.5000	  1.0165
824.0000	  1.0156
823.5000	  1.0163
823.0000	  1.0178
822.5000	  1.0170
822.0000	  1.0152
821.5000	  1.0155
821.0000	  1.0153
820.5000	  1.0133
820.0000	  1.0136
819.5000	  1.0128
819.0000	  1.0152
818.5000	  1.0143
818.0000	  1.0149
817.5000	  1.0141
817.0000	  1.0159
816.5000	  1.0179
816.0000	  1.0129
815.5000	  1.0137
815.0000	  1.0169
814.5000	  1.0153
814.0000	  1.0144
813.5000	  1.0160
813.0000	  1.0147
812.5000	  1.0155
812.0000	  1.0164
811.5000	  1.0141
811.0000	  1.0154
810.5000	  1.0162
810.0000	  1.0162
809.5000	  1.0157
809.0000	  1.0149
808.5000	  1.0143
808.0000	  1.0141
807.5000	  1.0149
807.0000	  1.0138
806.5000	  1.0150
806.0000	  1.0182
805.5000	  1.0158
805.0000	  1.0141
804.5000	  1.0151
804.0000	  1.0174
803.5000	  1.0136
803.0000	  1.0155
802.5000	  1.0171
802.0000	  1.0158
801.5000	  1.0146
801.0000	  1.0161
800.5000	  1.0160
800.0000	  1.0166
799.5000	  1.0168
799.0000	  1.0165
798.5000	  1.0189
798.0000	  1.0188
797.5000	  1.0154
797.0000	  1.0174
796.5000	  1.0191
796.0000	  1.0172
795.5000	  1.0187
795.0000	  1.0167
794.5000	  1.0188
794.0000	  1.0169
793.5000	  1.0188
793.0000	  1.0182
792.5000	  1.0176
792.0000	  1.0176
791.5000	  1.0191
791.0000	  1.0194
790.5000	  1.0183
790.0000	  1.0198
789.5000	  1.0186
789.0000	  1.0200
788.5000	  1.0195
788.0000	  1.0207
787.5000	  1.0186
787.0000	  1.0193
786.5000	  1.0188
786.0000	  1.0205
785.5000	  1.0199
785.0000	  1.0202
784.5000	  1.0205
784.0000	  1.0193
783.5000	  1.0207
783.0000	  1.0194
782.5000	  1.0209
782.0000	  1.0207
781.5000	  1.0215
781.0000	  1.0209
780.5000	  1.0195
780.0000	  1.0212
779.5000	  1.0227
779.0000	  1.0212
778.5000	  1.0208
778.0000	  1.0213
777.5000	  1.0221
777.0000	  1.0215
776.5000	  1.0211
776.0000	  1.0228
775.5000	  1.0215
775.0000	  1.0216
774.5000	  1.0210
774.0000	  1.0225
773.5000	  1.0222
773.0000	  1.0220
772.5000	  1.0216
772.0000	  1.0237
771.5000	  1.0239
771.0000	  1.0231
770.5000	  1.0216
770.0000	  1.0230
769.5000	  1.0225
769.0000	  1.0231
768.5000	  1.0235
768.0000	  1.0233
767.5000	  1.0238
767.0000	  1.0241
766.5000	  1.0221
766.0000	  1.0242
765.5000	  1.0243
765.0000	  1.0238
764.5000	  1.0225
764.0000	  1.0233
763.5000	  1.0241
763.0000	  1.0243
762.5000	  1.0220
762.0000	  1.0231
761.5000	  1.0234
761.0000	  1.0246
760.5000	  1.0254
760.0000	  1.0239
759.5000	  1.0254
759.0000	  1.0241
758.5000	  1.0253
758.0000	  1.0261
757.5000	  1.0254
757.0000	  1.0250
756.5000	  1.0244
756.0000	  1.0262
755.5000	  1.0270
755.0000	  1.0258
754.5000	  1.0251
754.0000	  1.0256
753.5000	  1.0272
753.0000	  1.0264
752.5000	  1.0269
752.0000	  1.0267
751.5000	  1.0267
751.0000	  1.0261
750.5000	  1.0268
750.0000	  1.0277
749.5000	  1.0293
749.0000	  1.0274
748.5000	  1.0277
748.0000	  1.0285
747.5000	  1.0263
747.0000	  1.0276
746.5000	  1.0270
746.0000	  1.0273
745.5000	  1.0294
745.0000	  1.0287
744.5000	  1.0276
744.0000	  1.0283
743.5000	  1.0302
743.0000	  1.0295
742.5000	  1.0302
742.0000	  1.0300
741.5000	  1.0299
741.0000	  1.0298
740.5000	  1.0313
740.0000	  1.0314
739.5000	  1.0320
739.0000	  1.0308
738.5000	  1.0323
738.0000	  1.0321
737.5000	  1.0323
737.0000	  1.0325
736.5000	  1.0342
736.0000	  1.0321
735.5000	  1.0326
735.0000	  1.0341
734.5000	  1.0356
734.0000	  1.0360
733.5000	  1.0361
733.0000	  1.0355
732.5000	  1.0369
732.0000	  1.0375
731.5000	  1.0396
731.0000	  1.0396
730.5000	  1.0412
730.0000	  1.0396
729.5000	  1.0424
729.0000	  1.0437
728.5000	  1.0436
728.0000	  1.0463
727.5000	  1.0470
727.0000	  1.0494
726.5000	  1.0485
726.0000	  1.0494
725.5000	  1.0551
725.0000	  1.0570
724.5000	  1.0548
724.0000	  1.0602
723.5000	  1.0609
723.0000	  1.0649
722.5000	  1.0676
722.0000	  1.0698
721.5000	  1.0728
721.0000	  1.0760
720.5000	  1.0773
720.0000	  1.0823
719.5000	  1.0855
719.0000	  1.0877
718.5000	  1.0916
718.0000	  1.0895
717.5000	  1.0932
717.0000	  1.0912
716.5000	  1.0904
716.0000	  1.0868
715.5000	  1.0853
715.0000	  1.0839
714.5000	  1.0774
714.0000	  1.0746
713.5000	  1.0697
713.0000	  1.0688
712.5000	  1.0611
712.0000	  1.0602
711.5000	  1.0554
711.0000	  1.0530
710.5000	  1.0498
710.0000	  1.0471
709.5000	  1.0453
709.0000	  1.0432
708.5000	  1.0413
708.0000	  1.0394
707.5000	  1.0389
707.0000	  1.0381
706.5000	  1.0383
706.0000	  1.0378
705.5000	  1.0366
705.0000	  1.0392
704.5000	  1.0389
704.0000	  1.0383
703.5000	  1.0381
703.0000	  1.0378
702.5000	  1.0373
702.0000	  1.0368
701.5000	  1.0395
701.0000	  1.0389
700.5000	  1.0383
700.0000	  1.0370
699.5000	  1.0361
699.0000	  1.0385
698.5000	  1.0383
698.0000	  1.0377
697.5000	  1.0378
697.0000	  1.0379
696.5000	  1.0386
696.0000	  1.0368
695.5000	  1.0394
695.0000	  1.0389
694.5000	  1.0377
694.0000	  1.0361
693.5000	  1.0367
693.0000	  1.0368
692.5000	  1.0381
692.0000	  1.0373
691.5000	  1.0379
691.0000	  1.0370
690.5000	  1.0381
690.0000	  1.0370
689.5000	  1.0363
689.0000	  1.0373
688.5000	  1.0380
688.0000	  1.0370
687.5000	  1.0362
687.0000	  1.0367
686.5000	  1.0377
686.0000	  1.0379
685.5000	  1.0358
685.0000	  1.0371
684.5000	  1.0371
684.0000	  1.0382
683.5000	  1.0364
683.0000	  1.0363
682.5000	  1.0379
682.0000	  1.0372
681.5000	  1.0366
681.0000	  1.0368
680.5000	  1.0373
680.0000	  1.0379
679.5000	  1.0364
679.0000	  1.0358
678.5000	  1.0379
678.0000	  1.0371
677.5000	  1.0353
677.0000	  1.0373
676.5000	  1.0365
676.0000	  1.0366
675.5000	  1.0350
675.0000	  1.0360
674.5000	  1.0363
674.0000	  1.0363
673.5000	  1.0369
673.0000	  1.0372
672.5000	  1.0370
672.0000	  1.0364
671.5000	  1.0350
671.0000	  1.0364
670.5000	  1.0361
670.0000	  1.0368
669.5000	  1.0364
669.0000	  1.0352
668.5000	  1.0366
668.0000	  1.0367
667.5000	  1.0355
667.0000	  1.0363
666.5000	  1.0363
666.0000	  1.0359
665.5000	  1.0370
665.0000	  1.0360
664.5000	  1.0353
664.0000	  1.0351
663.5000	  1.0362
663.0000	  1.0340
662.5000	  1.0352
662.0000	  1.0359
661.5000	  1.0355
661.0000	  1.0357
660.5000	  1.0358
660.0000	  1.0347
659.5000	  1.0347
659.0000	  1.0345
658.5000	  1.0343
658.0000	  1.0365
657.5000	  1.0353
657.0000	  1.0342
656.5000	  1.0357
656.0000	  1.0348
655.5000	  1.0350
655.0000	  1.0347
654.5000	  1.0334
654.0000	  1.0353
653.5000	  1.0348
653.0000	  1.0328
652.5000	  1.0333
652.0000	  1.0330
651.5000	  1.0339
651.0000	  1.0342
650.5000	  1.0322
650.0000	  1.0335
649.5000	  1.0336
649.0000	  1.0321
648.5000	  1.0323
648.0000	  1.0336
647.5000	  1.0328
647.0000	  1.0315
646.5000	  1.0318
646.0000	  1.0331
645.5000	  1.0320
645.0000	  1.0311
644.5000	  1.0312
644.0000	  1.0320
643.5000	  1.0309
643.0000	  1.0288
642.5000	  1.0297
642.0000	  1.0294
641.5000	  1.0292
641.0000	  1.0271
640.5000	  1.0284
640.0000	  1.0285
639.5000	  1.0282
639.0000	  1.0259
638.5000	  1.0266
638.0000	  1.0268
637.5000	  1.0256
637.0000	  1.0245
636.5000	  1.0235
636.0000	  1.0250
635.5000	  1.0242
635.0000	  1.0223
634.5000	  1.0230
634.0000	  1.0231
633.5000	  1.0226
633.0000	  1.0216
632.5000	  1.0216
632.0000	  1.0217
631.5000	  1.0222
631.0000	  1.0217
630.5000	  1.0220
630.0000	  1.0234
629.5000	  1.0247
629.0000	  1.0258
628.5000	  1.0264
628.0000	  1.0287
627.5000	  1.0304
627.0000	  1.0325
626.5000	  1.0345
626.0000	  1.0367
625.5000	  1.0381
625.0000	  1.0413
624.5000	  1.0426
624.0000	  1.0446
623.5000	  1.0467
623.0000	  1.0495
622.5000	  1.0518
622.0000	  1.0518
621.5000	  1.0541
621.0000	  1.0556
620.5000	  1.0560
620.0000	  1.0565
619.5000	  1.0579
619.0000	  1.0611
618.5000	  1.0586
618.0000	  1.0583
617.5000	  1.0593
617.0000	  1.0591
616.5000	  1.0571
616.0000	  1.0571
615.5000	  1.0580
615.0000	  1.0574
614.5000	  1.0553
614.0000	  1.0557
613.5000	  1.0564
613.0000	  1.0569
612.5000	  1.0556
612.0000	  1.0566
611.5000	  1.0567
611.0000	  1.0564
610.5000	  1.0575
610.0000	  1.0570
609.5000	  1.0572
609.0000	  1.0588
608.5000	  1.0566
608.0000	  1.0573
607.5000	  1.0580
607.0000	  1.0576
606.5000	  1.0574
606.0000	  1.0577
605.5000	  1.0585
605.0000	  1.0586
604.5000	  1.0577
604.0000	  1.0579
603.5000	  1.0599
603.0000	  1.0596
602.5000	  1.0593
602.0000	  1.0587
601.5000	  1.0575
601.0000	  1.0602
600.5000	  1.0597
600.0000	  1.0596
599.5000	  1.0586
599.0000	  1.0608
598.5000	  1.0615
598.0000	  1.0602
597.5000	  1.0598
597.0000	  1.0600
596.5000	  1.0611
596.0000	  1.0606
595.5000	  1.0611
595.0000	  1.0627
594.5000	  1.0623
594.0000	  1.0612
593.5000	  1.0619
593.0000	  1.0631
592.5000	  1.0634
592.0000	  1.0620
591.5000	  1.0629
591.0000	  1.0632
590.5000	  1.0625
590.0000	  1.0623
589.5000	  1.0630
589.0000	  1.0635
588.5000	  1.0644
588.0000	  1.0638
587.5000	  1.0642
587.0000	  1.0638
586.5000	  1.0642
586.0000	  1.0644
585.5000	  1.0662
585.0000	  1.0649
584.5000	  1.0659
584.0000	  1.0646
583.5000	  1.0654
583.0000	  1.0673
582.5000	  1.0678
582.0000	  1.0659
581.5000	  1.0654
581.0000	  1.0676
580.5000	  1.0669
580.0000	  1.0655
579.5000	  1.0674
579.0000	  1.0666
578.5000	  1.0673
578.0000	  1.0673
577.5000	  1.0673
577.0000	  1.0679
576.5000	  1.0688
576.0000	  1.0683
575.5000	  1.0678
575.0000	  1.0697
574.5000	  1.0687
574.0000	  1.0688
573.5000	  1.0691
573.0000	  1.0703
572.5000	  1.0701
572.0000	  1.0693
571.5000	  1.0700
571.0000	  1.0708
570.5000	  1.0706
570.0000	  1.0700
569.5000	  1.0704
569.0000	  1.0698
568.5000	  1.0719
568.0000	  1.0703
567.5000	  1.0718
567.0000	  1.0714
566.5000	  1.0721
566.0000	  1.0718
565.5000	  1.0731
565.0000	  1.0721
564.5000	  1.0722
564.0000	  1.0728
563.5000	  1.0726
563.0000	  1.0740
562.5000	  1.0738
562.0000	  1.0726
561.5000	  1.0737
561.0000	  1.0738
560.5000	  1.0737
560.0000	  1.0731
559.5000	  1.0726
559.0000	  1.0742
558.5000	  1.0736
558.0000	  1.0733
557.5000	  1.0742
557.0000	  1.0735
556.5000	  1.0740
556.0000	  1.0731
555.5000	  1.0742
555.0000	  1.0748
554.5000	  1.0757
554.0000	  1.0748
553.5000	  1.0758
553.0000	  1.0761
552.5000	  1.0768
552.0000	  1.0752
551.5000	  1.0770
551.0000	  1.0755
550.5000	  1.0759
550.0000	  1.0760
549.5000	  1.0770
549.0000	  1.0772
548.5000	  1.0778
548.0000	  1.0785
547.5000	  1.0781
547.0000	  1.0782
546.5000	  1.0789
546.0000	  1.0796
545.5000	  1.0789
545.0000	  1.0790
544.5000	  1.0791
544.0000	  1.0797
543.5000	  1.0788
543.0000	  1.0786
542.5000	  1.0798
542.0000	  1.0808
541.5000	  1.0798
541.0000	  1.0803
540.5000	  1.0806
540.0000	  1.0813
539.5000	  1.0812
539.0000	  1.0821
538.5000	  1.0826
538.0000	  1.0821
537.5000	  1.0806
537.0000	  1.0814
536.5000	  1.0823
536.0000	  1.0827
535.5000	  1.0819
535.0000	  1.0827
534.5000	  1.0837
534.0000	  1.0834
533.5000	  1.0822
533.0000	  1.0828
532.5000	  1.0824
532.0000	  1.0836
531.5000	  1.0835
531.0000	  1.0837
530.5000	  1.0831
530.0000	  1.0843
529.5000	  1.0842
529.0000	  1.0844
528.5000	  1.0836
528.0000	  1.0853
527.5000	  1.0844
527.0000	  1.0844
526.5000	  1.0847
526.0000	  1.0852
525.5000	  1.0850
525.0000	  1.0846
524.5000	  1.0847
524.0000	  1.0859
523.5000	  1.0847
523.0000	  1.0858
522.5000	  1.0852
522.0000	  1.0861
521.5000	  1.0864
521.0000	  1.0842
520.5000	  1.0851
520.0000	  1.0844
519.5000	  1.0858
519.0000	  1.0852
518.5000	  1.0845
518.0000	  1.0860
517.5000	  1.0859
517.0000	  1.0847
516.5000	  1.0855
516.0000	  1.0858
515.5000	  1.0864
515.0000	  1.0847
514.5000	  1.0856
514.0000	  1.0848
513.5000	  1.0854
513.0000	  1.0844
512.5000	  1.0853
512.0000	  1.0855
511.5000	  1.0860
511.0000	  1.0854
510.5000	  1.0848
510.0000	  1.0850
509.5000	  1.0873
509.0000	  1.0870
508.5000	  1.0880
508.0000	  1.0882
507.5000	  1.0883
507.0000	  1.0892
506.5000	  1.0900
506.0000	  1.0930
505.5000	  1.0931
505.0000	  1.0933
504.5000	  1.0949
504.0000	  1.0970
503.5000	  1.0981
503.0000	  1.0994
502.5000	  1.1030
502.0000	  1.1036
501.5000	  1.1050
501.0000	  1.1065
500.5000	  1.1077
500.0000	  1.1097
499.5000	  1.1114
499.0000	  1.1123
498.5000	  1.1147
498.0000	  1.1142
497.5000	  1.1155
497.0000	  1.1159
496.5000	  1.1183
496.0000	  1.1195
495.5000	  1.1201
495.0000	  1.1200
494.5000	  1.1218
494.0000	  1.1232
493.5000	  1.1239
493.0000	  1.1228
492.5000	  1.1253
492.0000	  1.1268
491.5000	  1.1277
491.0000	  1.1269
490.5000	  1.1275
490.0000	  1.1289
489.5000	  1.1292
489.0000	  1.1293
488.5000	  1.1295
488.0000	  1.1299
487.5000	  1.1299
487.0000	  1.1285
486.5000	  1.1307
486.0000	  1.1310
485.5000	  1.1311
485.0000	  1.1301
484.5000	  1.1322
484.0000	  1.1332
483.5000	  1.1337
483.0000	  1.1337
482.5000	  1.1351
482.0000	  1.1359
481.5000	  1.1372
481.0000	  1.1365
480.5000	  1.1376
480.0000	  1.1393
479.5000	  1.1396
479.0000	  1.1407
478.5000	  1.1412
478.0000	  1.1432
477.5000	  1.1440
477.0000	  1.1435
476.5000	  1.1442
476.0000	  1.1462
475.5000	  1.1483
475.0000	  1.1476
474.5000	  1.1481
474.0000	  1.1521
473.5000	  1.1521
473.0000	  1.1513
472.5000	  1.1530
472.0000	  1.1557
471.5000	  1.1567
471.0000	  1.1569
470.5000	  1.1595
470.0000	  1.1607
469.5000	  1.1622
469.0000	  1.1634
468.5000	  1.1647
468.0000	  1.1667
467.5000	  1.1679
467.0000	  1.1686
466.5000	  1.1697
466.0000	  1.1749
465.5000	  1.1756
465.0000	  1.1773
464.5000	  1.1800
464.0000	  1.1816
463.5000	  1.1824
463.0000	  1.1861
462.5000	  1.1880
462.0000	  1.1879
461.5000	  1.1912
461.0000	  1.1914
460.5000	  1.1932
460.0000	  1.1937
459.5000	  1.1984
459.0000	  1.1981
458.5000	  1.1981
458.0000	  1.1991
457.5000	  1.2007
457.0000	  1.2018
456.5000	  1.2013
456.0000	  1.2016
455.5000	  1.2019
455.0000	  1.2018
454.5000	  1.2010
454.0000	  1.1998
453.5000	  1.1996
453.0000	  1.1990
452.5000	  1.1951
452.0000	  1.1951
451.5000	  1.1932
451.0000	  1.1937
450.5000	  1.1902
450.0000	  1.1888
449.5000	  1.1874
449.0000	  1.1856
448.5000	  1.1843
448.0000	  1.1824
447.5000	  1.1803
447.0000	  1.1782
446.5000	  1.1776
446.0000	  1.1768
445.5000	  1.1746
445.0000	  1.1738
444.5000	  1.1732
444.0000	  1.1722
443.5000	  1.1711
443.0000	  1.1704
442.5000	  1.1696
442.0000	  1.1712
441.5000	  1.1693
441.0000	  1.1684
440.5000	  1.1669
440.0000	  1.1665
439.5000	  1.1691
439.0000	  1.1671
438.5000	  1.1676
438.0000	  1.1661
437.5000	  1.1672
437.0000	  1.1679
436.5000	  1.1662
436.0000	  1.1671
435.5000	  1.1660
435.0000	  1.1686
434.5000	  1.1685
434.0000	  1.1669
433.5000	  1.1660
433.0000	  1.1666
432.5000	  1.1675
432.0000	  1.1680
431.5000	  1.1682
431.0000	  1.1707
430.5000	  1.1697
430.0000	  1.1698
429.5000	  1.1709
429.0000	  1.1703
428.5000	  1.1713
428.0000	  1.1715
427.5000	  1.1707
427.0000	  1.1718
426.5000	  1.1729
426.0000	  1.1753
425.5000	  1.1732
425.0000	  1.1751
424.5000	  1.1766
424.0000	  1.1762
423.5000	  1.1779
423.0000	  1.1775
422.5000	  1.1783
422.0000	  1.1793
421.5000	  1.1790
421.0000	  1.1801
420.5000	  1.1822
420.0000	  1.1824
419.5000	  1.1831
419.0000	  1.1836
418.5000	  1.1849
418.0000	  1.1847
417.5000	  1.1828
417.0000	  1.1860
416.5000	  1.1864
416.0000	  1.1877
415.5000	  1.1877
415.0000	  1.1868
414.5000	  1.1899
414.0000	  1.1912
413.5000	  1.1897
413.0000	  1.1908
412.5000	  1.1904
412.0000	  1.1922
411.5000	  1.1900
411.0000	  1.1927
410.5000	  1.1928
410.0000	  1.1942
409.5000	  1.1924
409.0000	  1.1927
408.5000	  1.1959
408.0000	  1.1954
407.5000	  1.1955
407.0000	  1.1952
406.5000	  1.1986
406.0000	  1.1970
405.5000	  1.1982
405.0000	  1.1989
404.5000	  1.2004
404.0000	  1.2025
403.5000	  1.1983
403.0000	  1.2003
402.5000	  1.2010
402.0000	  1.2002
401.5000	  1.2035
401.0000	  1.2024
400.5000	  1.2046
400.0000	  1.2043
399.5000	  1.2018
399.0000	  1.2042
398.5000	  1.2057
398.0000	  1.2065
397.5000	  1.2071
397.0000	  1.2074
396.5000	  1.2079
396.0000	  1.2103
395.5000	  1.2059
395.0000	  1.2083
394.5000	  1.2104
394.0000	  1.2106
393.5000	  1.2114
393.0000	  1.2132
392.5000	  1.2141
392.0000	  1.2137
391.5000	  1.2124
391.0000	  1.2165
390.5000	  1.2172
390.0000	  1.2220
389.5000	  1.2192
389.0000	  1.2228
388.5000	  1.2226
388.0000	  1.2257
387.5000	  1.2243
387.0000	  1.2263
386.5000	  1.2296
386.0000	  1.2315
385.5000	  1.2294
385.0000	  1.2314
384.5000	  1.2344
384.0000	  1.2337
383.5000	  1.2357
383.0000	  1.2385
382.5000	  1.2375
382.0000	  1.2411
381.5000	  1.2389
381.0000	  1.2448
380.5000	  1.2453
380.0000	  1.2457
379.5000	  1.2422
379.0000	  1.2489
378.5000	  1.2474
378.0000	  1.2496
377.5000	  1.2479
377.0000	  1.2500
376.5000	  1.2513
376.0000	  1.2512
375.5000	  1.2539
375.0000	  1.2527
374.5000	  1.2521
374.0000	  1.2557
373.5000	  1.2551
373.0000	  1.2578
372.5000	  1.2573
372.0000	  1.2581
371.5000	  1.2592
371.0000	  1.2614
370.5000	  1.2634
370.0000	  1.2598
369.5000	  1.2616
369.0000	  1.2613
368.5000	  1.2654
368.0000	  1.2643
367.5000	  1.2658
367.0000	  1.2685
366.5000	  1.2731
366.0000	  1.2718
365.5000	  1.2707
365.0000	  1.2726
364.5000	  1.2738
364.0000	  1.2765
363.5000	  1.2707
363.0000	  1.2774
362.5000	  1.2733
362.0000	  1.2765
361.5000	  1.2746
361.0000	  1.2794
360.5000	  1.2792
360.0000	  1.2804
359.5000	  1.2822
359.0000	  1.2814
358.5000	  1.2798
358.0000	  1.2841
357.5000	  1.2864
357.0000	  1.2889
356.5000	  1.2887
356.0000	  1.2902
355.5000	  1.2871
355.0000	  1.2897
354.5000	  1.2971
354.0000	  1.2954
353.5000	  1.2991
353.0000	  1.2938
352.5000	  1.2962
352.0000	  1.2977
351.5000	  1.2979
351.0000	  1.3001
350.5000	  1.3012
350.0000	  1.3041
349.5000	  1.3007
349.0000	  1.3025
348.5000	  1.3042
348.0000	  1.3094
347.5000	  1.3059
347.0000	  1.3129
346.5000	  1.3125
346.0000	  1.3113
345.5000	  1.3083
345.0000	  1.3112
344.5000	  1.3159
344.0000	  1.3120
343.5000	  1.3139
343.0000	  1.3209
342.5000	  1.3284
342.0000	  1.3247
341.5000	  1.3234
341.0000	  1.3249
340.5000	  1.3247
340.0000	  1.3129
339.5000	  1.3073
339.0000	  1.3267
338.5000	  1.3300
338.0000	  1.3388
337.5000	  1.3306
337.0000	  1.3328
336.5000	  1.3307
336.0000	  1.3342
335.5000	  1.3397
335.0000	  1.3338
334.5000	  1.3384
334.0000	  1.3361
333.5000	  1.3390
333.0000	  1.3418
332.5000	  1.3504
332.0000	  1.3383
331.5000	  1.3534
331.0000	  1.3511
330.5000	  1.3541
330.0000	  1.3558
329.5000	  1.3530
329.0000	  1.3559
328.5000	  1.3620
328.0000	  1.3597
327.5000	  1.3569
327.0000	  1.3676
326.5000	  1.3570
326.0000	  1.3654
325.5000	  1.3694
325.0000	  1.3700
324.5000	  1.3718
324.0000	  1.3753
323.5000	  1.3836
323.0000	  1.3750
322.5000	  1.3764
322.0000	  1.3799
321.5000	  1.3852
321.0000	  1.3778
320.5000	  1.3860
320.0000	  1.3808
319.5000	  1.3858
319.0000	  1.3897
318.5000	  1.3935
318.0000	  1.3933
317.5000	  1.3908
317.0000	  1.3981
316.5000	  1.4017
316.0000	  1.3960
315.5000	  1.3968
315.0000	  1.4074
314.5000	  1.4039
314.0000	  1.4055
313.5000	  1.4029
313.0000	  1.4133
312.5000	  1.4150
312.0000	  1.4169
311.5000	  1.4234
311.0000	  1.4161
310.5000	  1.4155
310.0000	  1.4215
309.5000	  1.4270
309.0000	  1.4271
308.5000	  1.4214
308.0000	  1.4243
307.5000	  1.4190
307.0000	  1.4303
306.5000	  1.4354
306.0000	  1.4386
305.5000	  1.4375
305.0000	  1.4351
304.5000	  1.4413
304.0000	  1.4324
303.5000	  1.4398
303.0000	  1.4363
302.5000	  1.4441
302.0000	  1.4393
301.5000	  1.4428
301.0000	  1.4433
300.5000	  1.4452
300.0000	  1.4521
299.5000	  1.4419
299.0000	  1.4450
298.5000	  1.4576
298.0000	  1.4446
297.5000	  1.4573
297.0000	  1.4609
296.5000	  1.4607
296.0000	  1.4597
295.5000	  1.4672
295.0000	  1.4569
294.5000	  1.4637
294.0000	  1.4630
293.5000	  1.4726
293.0000	  1.4794
292.5000	  1.4648
292.0000	  1.4777
291.5000	  1.4750
291.0000	  1.4911
290.5000	  1.4756
290.0000	  1.4819
289.5000	  1.4813
289.0000	  1.4941
288.5000	  1.4912
288.0000	  1.4984
287.5000	  1.5026
287.0000	  1.5071
286.5000	  1.5069
286.0000	  1.5185
285.5000	  1.5222
285.0000	  1.5199
284.5000	  1.5228
284.0000	  1.5248
283.5000	  1.5158
283.0000	  1.5306
282.5000	  1.5273
282.0000	  1.5286
281.5000	  1.5445
281.0000	  1.5436
280.5000	  1.5532
280.0000	  1.5504
279.5000	  1.5573
279.0000	  1.5589
278.5000	  1.5597
278.0000	  1.5643
277.5000	  1.5686
277.0000	  1.5655
276.5000	  1.5777
276.0000	  1.5862
275.5000	  1.5800
275.0000	  1.5892
274.5000	  1.6007
274.0000	  1.5846
273.5000	  1.5884
273.0000	  1.6068
272.5000	  1.6070
272.0000	  1.6102
271.5000	  1.6134
271.0000	  1.6320
270.5000	  1.6326
270.0000	  1.6244
269.5000	  1.6318
269.0000	  1.6365
268.5000	  1.6414
268.0000	  1.6415
267.5000	  1.6529
267.0000	  1.6521
266.5000	  1.6664
266.0000	  1.6609
265.5000	  1.6620
265.0000	  1.6853
264.5000	  1.6701
264.0000	  1.6718
263.5000	  1.6756
263.0000	  1.6847
262.5000	  1.6895
262.0000	  1.6878
261.5000	  1.6972
261.0000	  1.7037
260.5000	  1.7151
260.0000	  1.7092
259.5000	  1.7098
259.0000	  1.7314
258.5000	  1.7184
258.0000	  1.7344
257.5000	  1.7627
257.0000	  1.7630
256.5000	  1.7560
256.0000	  1.7569
255.5000	  1.7847
255.0000	  1.7674
254.5000	  1.7829
254.0000	  1.7846
253.5000	  1.8126
253.0000	  1.7860
252.5000	  1.8039
252.0000	  1.8031
251.5000	  1.8003
251.0000	  1.8095
250.5000	  1.8230
250.0000	  1.8260
