04/04/2023 17.50.45
04/04/2023 17.59.12

900.0000	 30.8800

900.0000	 30.8800

900.0000	 47.6700



  1.0000
900.0000
  3.0000
340.0000
  1.0000
1301.0000
  5.0000
  6.0000
  1.0000
  1.0000
  0.0000
  0.0000
100.0000
  0.0000
  1.0000
  0.0000
500.0000
900.0000
250.0000
  4.0000
  1.0000
 18.0000
  2.0000
  1.0000
255.0000
  0.8199
  1.0000
 30.0000
  4.0000
500.0000
  0.0000
  0.0000
  4.0000
900.0000
250.0000
  0.0000
100.0000
  0.0000
  1.0000
  0.0000
500.0000
  1.0000
  1.0000
  1.0000
  1.0000
  4.0000
  0.0000
  1.0000
  1.0000
  1.0000
  1.0000
  1.0000
  2.0000
  1.0000
  1.0000
  1.0000
  3.0000
  1.0000
  1.0000
  1.0000
  4.0000
  5.0000
507.501
0.000
900.0000	  0.3409
899.5000	  0.3246
899.0000	  0.4456
898.5000	  0.3939
898.0000	  0.3494
897.5000	  0.5113
897.0000	  0.3770
896.5000	  0.4129
896.0000	  0.3714
895.5000	  0.4270
895.0000	  0.3541
894.5000	  0.3577
894.0000	  0.3614
893.5000	  0.3358
893.0000	  0.4111
892.5000	  0.3780
892.0000	  0.3763
891.5000	  0.3470
891.0000	  0.4701
890.5000	  0.4211
890.0000	  0.3838
889.5000	  0.4369
889.0000	  0.4673
888.5000	  0.3353
888.0000	  0.4141
887.5000	  0.3860
887.0000	  0.4314
886.5000	  0.4062
886.0000	  0.3514
885.5000	  0.3868
885.0000	  0.3948
884.5000	  0.3778
884.0000	  0.3776
883.5000	  0.4193
883.0000	  0.3825
882.5000	  0.3868
882.0000	  0.3860
881.5000	  0.3774
881.0000	  0.4107
880.5000	  0.4303
880.0000	  0.3782
879.5000	  0.3830
879.0000	  0.3811
878.5000	  0.3825
878.0000	  0.4022
877.5000	  0.3897
877.0000	  0.4121
876.5000	  0.3923
876.0000	  0.4022
875.5000	  0.3924
875.0000	  0.4019
874.5000	  0.3840
874.0000	  0.3777
873.5000	  0.4001
873.0000	  0.4066
872.5000	  0.3830
872.0000	  0.3911
871.5000	  0.3887
871.0000	  0.3856
870.5000	  0.3961
870.0000	  0.3972
869.5000	  0.3819
869.0000	  0.3975
868.5000	  0.3795
868.0000	  0.3888
867.5000	  0.3913
867.0000	  0.3925
866.5000	  0.3867
866.0000	  0.3769
865.5000	  0.3817
865.0000	  0.3956
864.5000	  0.3893
864.0000	  0.3904
863.5000	  0.3910
863.0000	  0.3921
862.5000	  0.3823
862.0000	  0.3830
861.5000	  0.3906
861.0000	  0.3869
860.5000	  0.3819
860.0000	  0.3815
859.5000	  0.3857
859.0000	  0.3813
858.5000	  0.3882
858.0000	  0.3856
857.5000	  0.3882
857.0000	  0.3841
856.5000	  0.3871
856.0000	  0.3841
855.5000	  0.3887
855.0000	  0.3855
854.5000	  0.3828
854.0000	  0.3846
853.5000	  0.3858
853.0000	  0.3857
852.5000	  0.3853
852.0000	  0.3834
851.5000	  0.3859
851.0000	  0.3855
850.5000	  0.3860
850.0000	  0.3845
849.5000	  0.3841
849.0000	  0.3849
848.5000	  0.3814
848.0000	  0.3860
847.5000	  0.3839
847.0000	  0.3836
846.5000	  0.3821
846.0000	  0.3831
845.5000	  0.3817
845.0000	  0.3824
844.5000	  0.3804
844.0000	  0.3805
843.5000	  0.3812
843.0000	  0.3791
842.5000	  0.3795
842.0000	  0.3799
841.5000	  0.3785
841.0000	  0.3791
840.5000	  0.3792
840.0000	  0.3794
839.5000	  0.3788
839.0000	  0.3766
838.5000	  0.3772
838.0000	  0.3779
837.5000	  0.3770
837.0000	  0.3764
836.5000	  0.3770
836.0000	  0.3750
835.5000	  0.3767
835.0000	  0.3736
834.5000	  0.3739
834.0000	  0.3746
833.5000	  0.3732
833.0000	  0.3748
832.5000	  0.3738
832.0000	  0.3738
831.5000	  0.3724
831.0000	  0.3720
830.5000	  0.3716
830.0000	  0.3709
829.5000	  0.3703
829.0000	  0.3696
828.5000	  0.3697
828.0000	  0.3706
827.5000	  0.3685
827.0000	  0.3688
826.5000	  0.3680
826.0000	  0.3674
825.5000	  0.3673
825.0000	  0.3672
824.5000	  0.3672
824.0000	  0.3663
823.5000	  0.3660
823.0000	  0.3652
822.5000	  0.3652
822.0000	  0.3646
821.5000	  0.3650
821.0000	  0.3640
820.5000	  0.3637
820.0000	  0.3645
819.5000	  0.3628
819.0000	  0.3626
818.5000	  0.3618
818.0000	  0.3625
817.5000	  0.3622
817.0000	  0.3619
816.5000	  0.3617
816.0000	  0.3612
815.5000	  0.3604
815.0000	  0.3602
814.5000	  0.3601
814.0000	  0.3596
813.5000	  0.3592
813.0000	  0.3580
812.5000	  0.3586
812.0000	  0.3578
811.5000	  0.3580
811.0000	  0.3576
810.5000	  0.3577
810.0000	  0.3578
809.5000	  0.3566
809.0000	  0.3566
808.5000	  0.3563
808.0000	  0.3556
807.5000	  0.3553
807.0000	  0.3554
806.5000	  0.3549
806.0000	  0.3549
805.5000	  0.3529
805.0000	  0.3540
804.5000	  0.3535
804.0000	  0.3533
803.5000	  0.3530
803.0000	  0.3534
802.5000	  0.3522
802.0000	  0.3512
801.5000	  0.3515
801.0000	  0.3506
800.5000	  0.3509
800.0000	  0.3497
799.5000	  0.3497
799.0000	  0.3500
798.5000	  0.3498
798.0000	  0.3498
797.5000	  0.3485
797.0000	  0.3486
796.5000	  0.3487
796.0000	  0.3481
795.5000	  0.3473
795.0000	  0.3474
794.5000	  0.3474
794.0000	  0.3458
793.5000	  0.3461
793.0000	  0.3465
792.5000	  0.3454
792.0000	  0.3457
791.5000	  0.3452
791.0000	  0.3450
790.5000	  0.3446
790.0000	  0.3441
789.5000	  0.3443
789.0000	  0.3441
788.5000	  0.3433
788.0000	  0.3430
787.5000	  0.3434
787.0000	  0.3426
786.5000	  0.3422
786.0000	  0.3423
785.5000	  0.3411
785.0000	  0.3415
784.5000	  0.3409
784.0000	  0.3401
783.5000	  0.3412
783.0000	  0.3392
782.5000	  0.3385
782.0000	  0.3389
781.5000	  0.3394
781.0000	  0.3385
780.5000	  0.3384
780.0000	  0.3385
779.5000	  0.3382
779.0000	  0.3379
778.5000	  0.3370
778.0000	  0.3366
777.5000	  0.3365
777.0000	  0.3360
776.5000	  0.3360
776.0000	  0.3352
775.5000	  0.3350
775.0000	  0.3351
774.5000	  0.3349
774.0000	  0.3342
773.5000	  0.3341
773.0000	  0.3329
772.5000	  0.3339
772.0000	  0.3327
771.5000	  0.3320
771.0000	  0.3316
770.5000	  0.3321
770.0000	  0.3314
769.5000	  0.3309
769.0000	  0.3308
768.5000	  0.3304
768.0000	  0.3305
767.5000	  0.3296
767.0000	  0.3287
766.5000	  0.3288
766.0000	  0.3288
765.5000	  0.3282
765.0000	  0.3275
764.5000	  0.3280
764.0000	  0.3273
763.5000	  0.3267
763.0000	  0.3264
762.5000	  0.3256
762.0000	  0.3264
761.5000	  0.3257
761.0000	  0.3245
760.5000	  0.3247
760.0000	  0.3240
759.5000	  0.3243
759.0000	  0.3233
758.5000	  0.3234
758.0000	  0.3228
757.5000	  0.3228
757.0000	  0.3224
756.5000	  0.3210
756.0000	  0.3222
755.5000	  0.3215
755.0000	  0.3203
754.5000	  0.3205
754.0000	  0.3195
753.5000	  0.3196
753.0000	  0.3195
752.5000	  0.3193
752.0000	  0.3185
751.5000	  0.3188
751.0000	  0.3183
750.5000	  0.3175
750.0000	  0.3180
749.5000	  0.3166
749.0000	  0.3166
748.5000	  0.3166
748.0000	  0.3159
747.5000	  0.3154
747.0000	  0.3156
746.5000	  0.3150
746.0000	  0.3142
745.5000	  0.3145
745.0000	  0.3133
744.5000	  0.3136
744.0000	  0.3131
743.5000	  0.3130
743.0000	  0.3127
742.5000	  0.3124
742.0000	  0.3125
741.5000	  0.3113
741.0000	  0.3120
740.5000	  0.3116
740.0000	  0.3104
739.5000	  0.3104
739.0000	  0.3099
738.5000	  0.3098
738.0000	  0.3094
737.5000	  0.3089
737.0000	  0.3088
736.5000	  0.3092
736.0000	  0.3086
735.5000	  0.3075
735.0000	  0.3078
734.5000	  0.3081
734.0000	  0.3078
733.5000	  0.3072
733.0000	  0.3070
732.5000	  0.3071
732.0000	  0.3066
731.5000	  0.3061
731.0000	  0.3063
730.5000	  0.3062
730.0000	  0.3061
729.5000	  0.3070
729.0000	  0.3055
728.5000	  0.3062
728.0000	  0.3054
727.5000	  0.3056
727.0000	  0.3052
726.5000	  0.3062
726.0000	  0.3068
725.5000	  0.3067
725.0000	  0.3062
724.5000	  0.3065
724.0000	  0.3069
723.5000	  0.3076
723.0000	  0.3085
722.5000	  0.3090
722.0000	  0.3094
721.5000	  0.3094
721.0000	  0.3104
720.5000	  0.3114
720.0000	  0.3117
719.5000	  0.3128
719.0000	  0.3126
718.5000	  0.3140
718.0000	  0.3139
717.5000	  0.3121
717.0000	  0.3120
716.5000	  0.3107
716.0000	  0.3104
715.5000	  0.3084
715.0000	  0.3075
714.5000	  0.3050
714.0000	  0.3033
713.5000	  0.3018
713.0000	  0.2998
712.5000	  0.2974
712.0000	  0.2962
711.5000	  0.2951
711.0000	  0.2930
710.5000	  0.2921
710.0000	  0.2904
709.5000	  0.2891
709.0000	  0.2878
708.5000	  0.2865
708.0000	  0.2863
707.5000	  0.2856
707.0000	  0.2851
706.5000	  0.2844
706.0000	  0.2839
705.5000	  0.2838
705.0000	  0.2834
704.5000	  0.2828
704.0000	  0.2830
703.5000	  0.2822
703.0000	  0.2814
702.5000	  0.2817
702.0000	  0.2809
701.5000	  0.2801
701.0000	  0.2806
700.5000	  0.2796
700.0000	  0.2788
699.5000	  0.2784
699.0000	  0.2783
698.5000	  0.2777
698.0000	  0.2769
697.5000	  0.2763
697.0000	  0.2769
696.5000	  0.2759
696.0000	  0.2755
695.5000	  0.2748
695.0000	  0.2748
694.5000	  0.2744
694.0000	  0.2736
693.5000	  0.2731
693.0000	  0.2721
692.5000	  0.2719
692.0000	  0.2718
691.5000	  0.2712
691.0000	  0.2710
690.5000	  0.2706
690.0000	  0.2698
689.5000	  0.2689
689.0000	  0.2689
688.5000	  0.2684
688.0000	  0.2683
687.5000	  0.2674
687.0000	  0.2670
686.5000	  0.2667
686.0000	  0.2660
685.5000	  0.2653
685.0000	  0.2648
684.5000	  0.2650
684.0000	  0.2641
683.5000	  0.2637
683.0000	  0.2634
682.5000	  0.2624
682.0000	  0.2619
681.5000	  0.2621
681.0000	  0.2616
680.5000	  0.2607
680.0000	  0.2601
679.5000	  0.2598
679.0000	  0.2597
678.5000	  0.2586
678.0000	  0.2583
677.5000	  0.2585
677.0000	  0.2576
676.5000	  0.2571
676.0000	  0.2568
675.5000	  0.2564
675.0000	  0.2554
674.5000	  0.2551
674.0000	  0.2545
673.5000	  0.2543
673.0000	  0.2540
672.5000	  0.2539
672.0000	  0.2529
671.5000	  0.2523
671.0000	  0.2525
670.5000	  0.2515
670.0000	  0.2512
669.5000	  0.2512
669.0000	  0.2498
668.5000	  0.2497
668.0000	  0.2496
667.5000	  0.2491
667.0000	  0.2484
666.5000	  0.2478
666.0000	  0.2473
665.5000	  0.2466
665.0000	  0.2465
664.5000	  0.2463
664.0000	  0.2456
663.5000	  0.2454
663.0000	  0.2446
662.5000	  0.2444
662.0000	  0.2439
661.5000	  0.2432
661.0000	  0.2431
660.5000	  0.2421
660.0000	  0.2421
659.5000	  0.2414
659.0000	  0.2409
658.5000	  0.2403
658.0000	  0.2400
657.5000	  0.2396
657.0000	  0.2388
656.5000	  0.2389
656.0000	  0.2380
655.5000	  0.2377
655.0000	  0.2373
654.5000	  0.2366
654.0000	  0.2362
653.5000	  0.2356
653.0000	  0.2353
652.5000	  0.2350
652.0000	  0.2341
651.5000	  0.2341
651.0000	  0.2334
650.5000	  0.2327
650.0000	  0.2321
649.5000	  0.2315
649.0000	  0.2313
648.5000	  0.2313
648.0000	  0.2304
647.5000	  0.2299
647.0000	  0.2288
646.5000	  0.2290
646.0000	  0.2282
645.5000	  0.2279
645.0000	  0.2272
644.5000	  0.2272
644.0000	  0.2262
643.5000	  0.2255
643.0000	  0.2251
642.5000	  0.2248
642.0000	  0.2241
641.5000	  0.2229
641.0000	  0.2231
640.5000	  0.2227
640.0000	  0.2221
639.5000	  0.2213
639.0000	  0.2209
638.5000	  0.2200
638.0000	  0.2197
637.5000	  0.2191
637.0000	  0.2186
636.5000	  0.2179
636.0000	  0.2178
635.5000	  0.2171
635.0000	  0.2165
634.5000	  0.2159
634.0000	  0.2155
633.5000	  0.2152
633.0000	  0.2146
632.5000	  0.2144
632.0000	  0.2136
631.5000	  0.2133
631.0000	  0.2132
630.5000	  0.2134
630.0000	  0.2129
629.5000	  0.2127
629.0000	  0.2130
628.5000	  0.2129
628.0000	  0.2128
627.5000	  0.2125
627.0000	  0.2130
626.5000	  0.2133
626.0000	  0.2136
625.5000	  0.2133
625.0000	  0.2138
624.5000	  0.2138
624.0000	  0.2138
623.5000	  0.2139
623.0000	  0.2141
622.5000	  0.2142
622.0000	  0.2140
621.5000	  0.2139
621.0000	  0.2139
620.5000	  0.2135
620.0000	  0.2137
619.5000	  0.2136
619.0000	  0.2130
618.5000	  0.2131
618.0000	  0.2122
617.5000	  0.2117
617.0000	  0.2114
616.5000	  0.2109
616.0000	  0.2104
615.5000	  0.2102
615.0000	  0.2097
614.5000	  0.2093
614.0000	  0.2089
613.5000	  0.2086
613.0000	  0.2083
612.5000	  0.2079
612.0000	  0.2075
611.5000	  0.2072
611.0000	  0.2066
610.5000	  0.2066
610.0000	  0.2062
609.5000	  0.2062
609.0000	  0.2057
608.5000	  0.2052
608.0000	  0.2048
607.5000	  0.2047
607.0000	  0.2043
606.5000	  0.2044
606.0000	  0.2036
605.5000	  0.2035
605.0000	  0.2033
604.5000	  0.2029
604.0000	  0.2026
603.5000	  0.2024
603.0000	  0.2016
602.5000	  0.2018
602.0000	  0.2017
601.5000	  0.2012
601.0000	  0.2011
600.5000	  0.2006
600.0000	  0.2010
599.5000	  0.2003
599.0000	  0.2002
598.5000	  0.1999
598.0000	  0.1996
597.5000	  0.1995
597.0000	  0.1992
596.5000	  0.1991
596.0000	  0.1989
595.5000	  0.1987
595.0000	  0.1985
594.5000	  0.1982
594.0000	  0.1981
593.5000	  0.1980
593.0000	  0.1972
592.5000	  0.1975
592.0000	  0.1973
591.5000	  0.1971
591.0000	  0.1969
590.5000	  0.1967
590.0000	  0.1967
589.5000	  0.1964
589.0000	  0.1965
588.5000	  0.1966
588.0000	  0.1962
587.5000	  0.1959
587.0000	  0.1960
586.5000	  0.1961
586.0000	  0.1956
585.5000	  0.1953
585.0000	  0.1957
584.5000	  0.1955
584.0000	  0.1954
583.5000	  0.1951
583.0000	  0.1949
582.5000	  0.1948
582.0000	  0.1944
581.5000	  0.1947
581.0000	  0.1946
580.5000	  0.1947
580.0000	  0.1946
579.5000	  0.1944
579.0000	  0.1942
578.5000	  0.1943
578.0000	  0.1950
577.5000	  0.1944
577.0000	  0.1941
576.5000	  0.1943
576.0000	  0.1945
575.5000	  0.1943
575.0000	  0.1945
574.5000	  0.1944
574.0000	  0.1945
573.5000	  0.1940
573.0000	  0.1948
572.5000	  0.1944
572.0000	  0.1943
571.5000	  0.1948
571.0000	  0.1946
570.5000	  0.1945
570.0000	  0.1951
569.5000	  0.1952
569.0000	  0.1952
568.5000	  0.1949
568.0000	  0.1953
567.5000	  0.1952
567.0000	  0.1955
566.5000	  0.1955
566.0000	  0.1956
565.5000	  0.1959
565.0000	  0.1958
564.5000	  0.1959
564.0000	  0.1963
563.5000	  0.1967
563.0000	  0.1969
562.5000	  0.1969
562.0000	  0.1972
561.5000	  0.1973
561.0000	  0.1975
560.5000	  0.1976
560.0000	  0.1975
559.5000	  0.1977
559.0000	  0.1979
558.5000	  0.1980
558.0000	  0.1986
557.5000	  0.1988
557.0000	  0.1992
556.5000	  0.1994
556.0000	  0.1999
555.5000	  0.2002
555.0000	  0.2005
554.5000	  0.2007
554.0000	  0.2011
553.5000	  0.2016
553.0000	  0.2019
552.5000	  0.2022
552.0000	  0.2026
551.5000	  0.2030
551.0000	  0.2035
550.5000	  0.2038
550.0000	  0.2044
549.5000	  0.2049
549.0000	  0.2057
548.5000	  0.2057
548.0000	  0.2062
547.5000	  0.2072
547.0000	  0.2075
546.5000	  0.2078
546.0000	  0.2083
545.5000	  0.2089
545.0000	  0.2095
544.5000	  0.2100
544.0000	  0.2108
543.5000	  0.2113
543.0000	  0.2118
542.5000	  0.2123
542.0000	  0.2133
541.5000	  0.2138
541.0000	  0.2142
540.5000	  0.2150
540.0000	  0.2156
539.5000	  0.2165
539.0000	  0.2172
538.5000	  0.2178
538.0000	  0.2188
537.5000	  0.2191
537.0000	  0.2199
536.5000	  0.2207
536.0000	  0.2215
535.5000	  0.2226
535.0000	  0.2232
534.5000	  0.2240
534.0000	  0.2251
533.5000	  0.2256
533.0000	  0.2262
532.5000	  0.2274
532.0000	  0.2286
531.5000	  0.2295
531.0000	  0.2305
530.5000	  0.2318
530.0000	  0.2322
529.5000	  0.2333
529.0000	  0.2340
528.5000	  0.2354
528.0000	  0.2363
527.5000	  0.2372
527.0000	  0.2382
526.5000	  0.2396
526.0000	  0.2406
525.5000	  0.2417
525.0000	  0.2423
524.5000	  0.2439
524.0000	  0.2452
523.5000	  0.2462
523.0000	  0.2475
522.5000	  0.2485
522.0000	  0.2498
521.5000	  0.2507
521.0000	  0.2525
520.5000	  0.2535
520.0000	  0.2547
519.5000	  0.2560
519.0000	  0.2573
518.5000	  0.2587
518.0000	  0.2597
517.5000	  0.2609
517.0000	  0.2625
516.5000	  0.2634
516.0000	  0.2649
515.5000	  0.2663
515.0000	  0.2683
514.5000	  0.2691
514.0000	  0.2702
513.5000	  0.2713
513.0000	  0.2735
512.5000	  0.2748
512.0000	  0.2760
511.5000	  0.2774
511.0000	  0.2792
510.5000	  0.2804
510.0000	  0.2823
509.5000	  0.2836
509.0000	  0.2852
508.5000	  0.2868
508.0000	  0.2879
507.5000	  0.2903
507.0000	  0.2915
506.5000	  0.2932
506.0000	  0.2949
505.5000	  0.2970
505.0000	  0.2986
504.5000	  0.3004
504.0000	  0.3026
503.5000	  0.3045
503.0000	  0.3060
502.5000	  0.3077
502.0000	  0.3100
501.5000	  0.3118
501.0000	  0.3131
500.5000	  0.3156
500.0000	  0.3167
499.5000	  0.3191
499.0000	  0.3206
498.5000	  0.3227
498.0000	  0.3240
497.5000	  0.3262
497.0000	  0.3278
496.5000	  0.3291
496.0000	  0.3311
495.5000	  0.3328
495.0000	  0.3347
494.5000	  0.3360
494.0000	  0.3368
493.5000	  0.3385
493.0000	  0.3400
492.5000	  0.3416
492.0000	  0.3427
491.5000	  0.3441
491.0000	  0.3460
490.5000	  0.3468
490.0000	  0.3481
489.5000	  0.3489
489.0000	  0.3506
488.5000	  0.3518
488.0000	  0.3522
487.5000	  0.3534
487.0000	  0.3540
486.5000	  0.3551
486.0000	  0.3558
485.5000	  0.3572
485.0000	  0.3585
484.5000	  0.3595
484.0000	  0.3599
483.5000	  0.3616
483.0000	  0.3628
482.5000	  0.3629
482.0000	  0.3634
481.5000	  0.3651
481.0000	  0.3652
480.5000	  0.3668
480.0000	  0.3673
479.5000	  0.3685
479.0000	  0.3693
478.5000	  0.3694
478.0000	  0.3707
477.5000	  0.3716
477.0000	  0.3720
476.5000	  0.3741
476.0000	  0.3739
475.5000	  0.3746
475.0000	  0.3755
474.5000	  0.3760
474.0000	  0.3773
473.5000	  0.3775
473.0000	  0.3779
472.5000	  0.3787
472.0000	  0.3791
471.5000	  0.3808
471.0000	  0.3815
470.5000	  0.3817
470.0000	  0.3820
469.5000	  0.3836
469.0000	  0.3845
468.5000	  0.3849
468.0000	  0.3854
467.5000	  0.3858
467.0000	  0.3870
466.5000	  0.3878
466.0000	  0.3885
465.5000	  0.3895
465.0000	  0.3906
464.5000	  0.3917
464.0000	  0.3915
463.5000	  0.3926
463.0000	  0.3926
462.5000	  0.3938
462.0000	  0.3939
461.5000	  0.3945
461.0000	  0.3946
460.5000	  0.3959
460.0000	  0.3970
459.5000	  0.3967
459.0000	  0.3975
458.5000	  0.3973
458.0000	  0.3976
457.5000	  0.3975
457.0000	  0.3988
456.5000	  0.3982
456.0000	  0.3984
455.5000	  0.3973
455.0000	  0.3969
454.5000	  0.3977
454.0000	  0.3952
453.5000	  0.3959
453.0000	  0.3953
452.5000	  0.3939
452.0000	  0.3935
451.5000	  0.3922
451.0000	  0.3916
450.5000	  0.3908
450.0000	  0.3900
449.5000	  0.3895
449.0000	  0.3887
448.5000	  0.3870
448.0000	  0.3862
447.5000	  0.3859
447.0000	  0.3857
446.5000	  0.3839
446.0000	  0.3833
445.5000	  0.3829
445.0000	  0.3820
444.5000	  0.3810
444.0000	  0.3808
443.5000	  0.3813
443.0000	  0.3806
442.5000	  0.3804
442.0000	  0.3809
441.5000	  0.3799
441.0000	  0.3793
440.5000	  0.3787
440.0000	  0.3791
439.5000	  0.3788
439.0000	  0.3780
438.5000	  0.3786
438.0000	  0.3779
437.5000	  0.3783
437.0000	  0.3779
436.5000	  0.3771
436.0000	  0.3771
435.5000	  0.3769
435.0000	  0.3769
434.5000	  0.3763
434.0000	  0.3767
433.5000	  0.3770
433.0000	  0.3764
432.5000	  0.3760
432.0000	  0.3758
431.5000	  0.3756
431.0000	  0.3763
430.5000	  0.3757
430.0000	  0.3757
429.5000	  0.3759
429.0000	  0.3762
428.5000	  0.3757
428.0000	  0.3766
427.5000	  0.3764
427.0000	  0.3756
426.5000	  0.3756
426.0000	  0.3757
425.5000	  0.3755
425.0000	  0.3752
424.5000	  0.3756
424.0000	  0.3754
423.5000	  0.3757
423.0000	  0.3759
422.5000	  0.3756
422.0000	  0.3757
421.5000	  0.3757
421.0000	  0.3750
420.5000	  0.3753
420.0000	  0.3758
419.5000	  0.3763
419.0000	  0.3749
418.5000	  0.3754
418.0000	  0.3759
417.5000	  0.3756
417.0000	  0.3758
416.5000	  0.3755
416.0000	  0.3748
415.5000	  0.3753
415.0000	  0.3757
414.5000	  0.3747
414.0000	  0.3747
413.5000	  0.3738
413.0000	  0.3745
412.5000	  0.3739
412.0000	  0.3738
411.5000	  0.3737
411.0000	  0.3742
410.5000	  0.3732
410.0000	  0.3732
409.5000	  0.3734
409.0000	  0.3746
408.5000	  0.3737
408.0000	  0.3727
407.5000	  0.3734
407.0000	  0.3728
406.5000	  0.3728
406.0000	  0.3724
405.5000	  0.3727
405.0000	  0.3725
404.5000	  0.3732
404.0000	  0.3714
403.5000	  0.3718
403.0000	  0.3717
402.5000	  0.3712
402.0000	  0.3717
401.5000	  0.3717
401.0000	  0.3712
400.5000	  0.3713
400.0000	  0.3709
399.5000	  0.3715
399.0000	  0.3705
398.5000	  0.3703
398.0000	  0.3699
397.5000	  0.3706
397.0000	  0.3703
396.5000	  0.3703
396.0000	  0.3688
395.5000	  0.3699
395.0000	  0.3692
394.5000	  0.3683
394.0000	  0.3687
393.5000	  0.3688
393.0000	  0.3699
392.5000	  0.3681
392.0000	  0.3690
391.5000	  0.3678
391.0000	  0.3686
390.5000	  0.3691
390.0000	  0.3682
389.5000	  0.3691
389.0000	  0.3686
388.5000	  0.3695
388.0000	  0.3683
387.5000	  0.3690
387.0000	  0.3684
386.5000	  0.3701
386.0000	  0.3701
385.5000	  0.3699
385.0000	  0.3703
384.5000	  0.3700
384.0000	  0.3699
383.5000	  0.3704
383.0000	  0.3708
382.5000	  0.3704
382.0000	  0.3700
381.5000	  0.3711
381.0000	  0.3692
380.5000	  0.3702
380.0000	  0.3693
379.5000	  0.3703
379.0000	  0.3700
378.5000	  0.3701
378.0000	  0.3706
377.5000	  0.3721
377.0000	  0.3701
376.5000	  0.3695
376.0000	  0.3694
375.5000	  0.3707
375.0000	  0.3710
374.5000	  0.3691
374.0000	  0.3691
373.5000	  0.3709
373.0000	  0.3724
372.5000	  0.3700
372.0000	  0.3700
371.5000	  0.3702
371.0000	  0.3695
370.5000	  0.3695
370.0000	  0.3688
369.5000	  0.3693
369.0000	  0.3712
368.5000	  0.3716
368.0000	  0.3705
367.5000	  0.3683
367.0000	  0.3694
366.5000	  0.3701
366.0000	  0.3705
365.5000	  0.3706
365.0000	  0.3704
364.5000	  0.3716
364.0000	  0.3725
363.5000	  0.3712
363.0000	  0.3724
362.5000	  0.3709
362.0000	  0.3725
361.5000	  0.3716
361.0000	  0.3712
360.5000	  0.3713
360.0000	  0.3717
359.5000	  0.3717
359.0000	  0.3693
358.5000	  0.3717
358.0000	  0.3705
357.5000	  0.3742
357.0000	  0.3725
356.5000	  0.3718
356.0000	  0.3732
355.5000	  0.3737
355.0000	  0.3736
354.5000	  0.3719
354.0000	  0.3729
353.5000	  0.3739
353.0000	  0.3742
352.5000	  0.3720
352.0000	  0.3726
351.5000	  0.3768
351.0000	  0.3730
350.5000	  0.3715
350.0000	  0.3754
349.5000	  0.3738
349.0000	  0.3737
348.5000	  0.3740
348.0000	  0.3730
347.5000	  0.3714
347.0000	  0.3743
346.5000	  0.3757
346.0000	  0.3764
345.5000	  0.3746
345.0000	  0.3767
344.5000	  0.3742
344.0000	  0.3760
343.5000	  0.3781
343.0000	  0.3766
342.5000	  0.3771
342.0000	  0.3781
341.5000	  0.3762
341.0000	  0.3754
340.5000	  0.3801
340.0000	  0.3729
339.5000	  0.3743
339.0000	  0.3796
338.5000	  0.3750
338.0000	  0.3790
337.5000	  0.3792
337.0000	  0.3763
336.5000	  0.3768
336.0000	  0.3769
335.5000	  0.3786
335.0000	  0.3768
334.5000	  0.3783
334.0000	  0.3748
333.5000	  0.3789
333.0000	  0.3823
332.5000	  0.3803
332.0000	  0.3820
331.5000	  0.3782
331.0000	  0.3856
330.5000	  0.3804
330.0000	  0.3856
329.5000	  0.3813
329.0000	  0.3799
328.5000	  0.3851
328.0000	  0.3852
327.5000	  0.3895
327.0000	  0.3941
326.5000	  0.3863
326.0000	  0.3922
325.5000	  0.3957
325.0000	  0.3968
324.5000	  0.3968
324.0000	  0.3909
323.5000	  0.3988
323.0000	  0.3984
322.5000	  0.4079
322.0000	  0.4056
321.5000	  0.4086
321.0000	  0.4114
320.5000	  0.4150
320.0000	  0.4212
319.5000	  0.4280
319.0000	  0.4303
318.5000	  0.4315
318.0000	  0.4393
317.5000	  0.4443
317.0000	  0.4461
316.5000	  0.4528
316.0000	  0.4629
315.5000	  0.4659
315.0000	  0.4813
314.5000	  0.4920
314.0000	  0.4925
313.5000	  0.5047
313.0000	  0.5142
312.5000	  0.5076
312.0000	  0.5437
311.5000	  0.5603
311.0000	  0.5716
310.5000	  0.5835
310.0000	  0.6097
309.5000	  0.6181
309.0000	  0.6470
308.5000	  0.6598
308.0000	  0.7037
307.5000	  0.7285
307.0000	  0.7548
306.5000	  0.7924
306.0000	  0.8154
305.5000	  0.8739
305.0000	  0.9167
304.5000	  0.9665
304.0000	  1.0079
303.5000	  1.1032
303.0000	  1.1673
302.5000	  1.2484
302.0000	  1.3197
301.5000	  1.4087
301.0000	  1.5313
300.5000	  1.6462
300.0000	  1.7997
299.5000	  1.9445
299.0000	  2.1515
298.5000	  2.2989
298.0000	  2.5800
297.5000	  2.6905
297.0000	  3.2168
296.5000	  3.5238
296.0000	  4.0484
295.5000	  4.5848
295.0000	  5.2129
294.5000	  5.5589
294.0000	  8.0336
293.5000	  7.9986
293.0000	  8.1487
292.5000	 12.5962
292.0000	 11.2032
291.5000	 14.4826
291.0000	 20.2384
290.5000	 16.9151
290.0000	 19.3786
289.5000	 38.1213
289.0000	 44.4888
288.5000	  5.4220
288.0000	-94.4486
287.5000	 90.2893
287.0000	 40.5712
286.5000	 39.3165
286.0000	 49.2460
285.5000	 25.5188
285.0000	-90.3010
284.5000	 59.8517
284.0000	-42.2009
283.5000	 68.8980
283.0000	  6.2779
282.5000	-30.8224
282.0000	-65.6480
281.5000	-14.9997
281.0000	 22.7577
280.5000	-92.3426
280.0000	 40.4633
279.5000	 29.0243
279.0000	 14.0685
278.5000	  9.9393
278.0000	 45.9490
277.5000	 -9.6819
277.0000	 45.2630
276.5000	-92.9962
276.0000	 -6.6444
275.5000	 95.7913
275.0000	-20.3626
274.5000	-28.8814
274.0000	 71.8641
273.5000	 -9.4113
273.0000	-10.2881
272.5000	 -4.7959
272.0000	 -9.8008
271.5000	 -6.1088
271.0000	 -4.4032
270.5000	 -9.5010
270.0000	-84.0906
269.5000	  4.5217
269.0000	 -4.1828
268.5000	 12.1492
268.0000	  2.8061
267.5000	 -3.2670
267.0000	  5.9169
266.5000	 -1.7174
266.0000	 11.2348
265.5000	  3.8019
265.0000	  5.7743
264.5000	  7.3725
264.0000	 11.6987
263.5000	  1.8598
263.0000	  1.0557
262.5000	 -4.8338
262.0000	  4.1568
261.5000	 -0.7658
261.0000	 -1.0474
260.5000	  3.5041
260.0000	  6.5503
259.5000	  0.2155
259.0000	 -0.0052
258.5000	 -3.1580
258.0000	  1.8732
257.5000	  1.0727
257.0000	 -2.4652
256.5000	 -1.4281
256.0000	  0.6073
255.5000	  3.6252
255.0000	  5.6443
254.5000	  1.6448
254.0000	  3.6459
253.5000	 -1.5684
253.0000	  0.2452
252.5000	 -7.0368
252.0000	 -5.9493
251.5000	  0.4427
251.0000	  1.1022
250.5000	 -0.0517
250.0000	  0.3948
