04/04/2023 16.56.42
04/04/2023 17.05.11

900.0000	 63.2100

900.0000	 63.2100

900.0000	 67.8600



  1.0000
900.0000
  3.0000
340.0000
  1.0000
1301.0000
  5.0000
  6.0000
  1.0000
  1.0000
  0.0000
  0.0000
100.0000
  0.0000
  1.0000
  0.0000
500.0000
900.0000
250.0000
  4.0000
  1.0000
 18.0000
  2.0000
  1.0000
255.0000
  0.8199
  1.0000
 30.0000
  4.0000
500.0000
  0.0000
  0.0000
  4.0000
900.0000
250.0000
  0.0000
100.0000
  0.0000
  1.0000
  0.0000
500.0000
  1.0000
  1.0000
  1.0000
  1.0000
  4.0000
  0.0000
  1.0000
  1.0000
  1.0000
  1.0000
  1.0000
  2.0000
  1.0000
  1.0000
  1.0000
  3.0000
  1.0000
  1.0000
  1.0000
  4.0000
  5.0000
508.814
0.000
900.0000	  0.5384
899.5000	  0.5309
899.0000	  0.5045
898.5000	  0.4920
898.0000	  0.7139
897.5000	  0.6062
897.0000	  0.4989
896.5000	  0.6035
896.0000	  0.5449
895.5000	  0.5101
895.0000	  0.6282
894.5000	  0.5817
894.0000	  0.5979
893.5000	  0.6053
893.0000	  0.5573
892.5000	  0.6241
892.0000	  0.6004
891.5000	  0.5220
891.0000	  0.5218
890.5000	  0.6310
890.0000	  0.5708
889.5000	  0.5908
889.0000	  0.5903
888.5000	  0.6110
888.0000	  0.5407
887.5000	  0.5917
887.0000	  0.5689
886.5000	  0.6171
886.0000	  0.5111
885.5000	  0.5523
885.0000	  0.5547
884.5000	  0.5703
884.0000	  0.5446
883.5000	  0.5691
883.0000	  0.5749
882.5000	  0.5838
882.0000	  0.5803
881.5000	  0.5512
881.0000	  0.5589
880.5000	  0.5713
880.0000	  0.5566
879.5000	  0.5513
879.0000	  0.5638
878.5000	  0.5648
878.0000	  0.5673
877.5000	  0.5507
877.0000	  0.5725
876.5000	  0.5664
876.0000	  0.5799
875.5000	  0.5703
875.0000	  0.5632
874.5000	  0.5693
874.0000	  0.5525
873.5000	  0.5372
873.0000	  0.5643
872.5000	  0.5803
872.0000	  0.5651
871.5000	  0.5648
871.0000	  0.5597
870.5000	  0.5623
870.0000	  0.5634
869.5000	  0.5678
869.0000	  0.5642
868.5000	  0.5540
868.0000	  0.5498
867.5000	  0.5622
867.0000	  0.5612
866.5000	  0.5543
866.0000	  0.5669
865.5000	  0.5693
865.0000	  0.5583
864.5000	  0.5673
864.0000	  0.5530
863.5000	  0.5629
863.0000	  0.5578
862.5000	  0.5599
862.0000	  0.5653
861.5000	  0.5563
861.0000	  0.5527
860.5000	  0.5638
860.0000	  0.5611
859.5000	  0.5544
859.0000	  0.5549
858.5000	  0.5592
858.0000	  0.5553
857.5000	  0.5590
857.0000	  0.5564
856.5000	  0.5575
856.0000	  0.5600
855.5000	  0.5585
855.0000	  0.5563
854.5000	  0.5584
854.0000	  0.5563
853.5000	  0.5594
853.0000	  0.5594
852.5000	  0.5593
852.0000	  0.5591
851.5000	  0.5571
851.0000	  0.5575
850.5000	  0.5593
850.0000	  0.5578
849.5000	  0.5558
849.0000	  0.5571
848.5000	  0.5574
848.0000	  0.5595
847.5000	  0.5581
847.0000	  0.5600
846.5000	  0.5595
846.0000	  0.5600
845.5000	  0.5578
845.0000	  0.5569
844.5000	  0.5576
844.0000	  0.5600
843.5000	  0.5576
843.0000	  0.5568
842.5000	  0.5607
842.0000	  0.5591
841.5000	  0.5554
841.0000	  0.5573
840.5000	  0.5587
840.0000	  0.5564
839.5000	  0.5584
839.0000	  0.5590
838.5000	  0.5578
838.0000	  0.5577
837.5000	  0.5570
837.0000	  0.5557
836.5000	  0.5580
836.0000	  0.5568
835.5000	  0.5574
835.0000	  0.5579
834.5000	  0.5550
834.0000	  0.5558
833.5000	  0.5546
833.0000	  0.5556
832.5000	  0.5558
832.0000	  0.5566
831.5000	  0.5560
831.0000	  0.5563
830.5000	  0.5568
830.0000	  0.5551
829.5000	  0.5537
829.0000	  0.5564
828.5000	  0.5542
828.0000	  0.5546
827.5000	  0.5546
827.0000	  0.5536
826.5000	  0.5519
826.0000	  0.5526
825.5000	  0.5548
825.0000	  0.5538
824.5000	  0.5515
824.0000	  0.5535
823.5000	  0.5527
823.0000	  0.5524
822.5000	  0.5534
822.0000	  0.5528
821.5000	  0.5530
821.0000	  0.5525
820.5000	  0.5538
820.0000	  0.5522
819.5000	  0.5530
819.0000	  0.5510
818.5000	  0.5512
818.0000	  0.5519
817.5000	  0.5506
817.0000	  0.5511
816.5000	  0.5506
816.0000	  0.5511
815.5000	  0.5507
815.0000	  0.5513
814.5000	  0.5514
814.0000	  0.5500
813.5000	  0.5506
813.0000	  0.5506
812.5000	  0.5508
812.0000	  0.5490
811.5000	  0.5498
811.0000	  0.5494
810.5000	  0.5504
810.0000	  0.5505
809.5000	  0.5499
809.0000	  0.5502
808.5000	  0.5496
808.0000	  0.5502
807.5000	  0.5507
807.0000	  0.5489
806.5000	  0.5501
806.0000	  0.5498
805.5000	  0.5502
805.0000	  0.5489
804.5000	  0.5493
804.0000	  0.5481
803.5000	  0.5493
803.0000	  0.5489
802.5000	  0.5496
802.0000	  0.5484
801.5000	  0.5487
801.0000	  0.5487
800.5000	  0.5490
800.0000	  0.5485
799.5000	  0.5476
799.0000	  0.5495
798.5000	  0.5492
798.0000	  0.5486
797.5000	  0.5491
797.0000	  0.5485
796.5000	  0.5498
796.0000	  0.5477
795.5000	  0.5475
795.0000	  0.5497
794.5000	  0.5475
794.0000	  0.5485
793.5000	  0.5486
793.0000	  0.5484
792.5000	  0.5474
792.0000	  0.5492
791.5000	  0.5485
791.0000	  0.5485
790.5000	  0.5477
790.0000	  0.5486
789.5000	  0.5491
789.0000	  0.5481
788.5000	  0.5478
788.0000	  0.5497
787.5000	  0.5490
787.0000	  0.5483
786.5000	  0.5490
786.0000	  0.5479
785.5000	  0.5483
785.0000	  0.5488
784.5000	  0.5481
784.0000	  0.5486
783.5000	  0.5492
783.0000	  0.5477
782.5000	  0.5486
782.0000	  0.5482
781.5000	  0.5478
781.0000	  0.5488
780.5000	  0.5494
780.0000	  0.5475
779.5000	  0.5490
779.0000	  0.5490
778.5000	  0.5492
778.0000	  0.5490
777.5000	  0.5479
777.0000	  0.5498
776.5000	  0.5497
776.0000	  0.5478
775.5000	  0.5492
775.0000	  0.5497
774.5000	  0.5490
774.0000	  0.5493
773.5000	  0.5477
773.0000	  0.5486
772.5000	  0.5502
772.0000	  0.5486
771.5000	  0.5496
771.0000	  0.5488
770.5000	  0.5490
770.0000	  0.5492
769.5000	  0.5490
769.0000	  0.5503
768.5000	  0.5505
768.0000	  0.5498
767.5000	  0.5491
767.0000	  0.5488
766.5000	  0.5493
766.0000	  0.5507
765.5000	  0.5486
765.0000	  0.5497
764.5000	  0.5509
764.0000	  0.5493
763.5000	  0.5512
763.0000	  0.5496
762.5000	  0.5508
762.0000	  0.5507
761.5000	  0.5493
761.0000	  0.5522
760.5000	  0.5498
760.0000	  0.5516
759.5000	  0.5516
759.0000	  0.5494
758.5000	  0.5510
758.0000	  0.5514
757.5000	  0.5515
757.0000	  0.5538
756.5000	  0.5501
756.0000	  0.5528
755.5000	  0.5525
755.0000	  0.5513
754.5000	  0.5527
754.0000	  0.5517
753.5000	  0.5523
753.0000	  0.5532
752.5000	  0.5519
752.0000	  0.5544
751.5000	  0.5523
751.0000	  0.5529
750.5000	  0.5533
750.0000	  0.5534
749.5000	  0.5549
749.0000	  0.5526
748.5000	  0.5538
748.0000	  0.5548
747.5000	  0.5538
747.0000	  0.5544
746.5000	  0.5532
746.0000	  0.5536
745.5000	  0.5565
745.0000	  0.5534
744.5000	  0.5562
744.0000	  0.5557
743.5000	  0.5557
743.0000	  0.5570
742.5000	  0.5546
742.0000	  0.5573
741.5000	  0.5581
741.0000	  0.5568
740.5000	  0.5578
740.0000	  0.5563
739.5000	  0.5571
739.0000	  0.5578
738.5000	  0.5571
738.0000	  0.5587
737.5000	  0.5583
737.0000	  0.5603
736.5000	  0.5594
736.0000	  0.5595
735.5000	  0.5617
735.0000	  0.5590
734.5000	  0.5608
734.0000	  0.5607
733.5000	  0.5609
733.0000	  0.5629
732.5000	  0.5603
732.0000	  0.5634
731.5000	  0.5632
731.0000	  0.5645
730.5000	  0.5648
730.0000	  0.5645
729.5000	  0.5663
729.0000	  0.5645
728.5000	  0.5679
728.0000	  0.5670
727.5000	  0.5680
727.0000	  0.5693
726.5000	  0.5691
726.0000	  0.5722
725.5000	  0.5698
725.0000	  0.5743
724.5000	  0.5733
724.0000	  0.5750
723.5000	  0.5777
723.0000	  0.5784
722.5000	  0.5807
722.0000	  0.5790
721.5000	  0.5830
721.0000	  0.5835
720.5000	  0.5871
720.0000	  0.5877
719.5000	  0.5888
719.0000	  0.5917
718.5000	  0.5914
718.0000	  0.5941
717.5000	  0.5933
717.0000	  0.5963
716.5000	  0.5946
716.0000	  0.5940
715.5000	  0.5948
715.0000	  0.5919
714.5000	  0.5905
714.0000	  0.5874
713.5000	  0.5884
713.0000	  0.5862
712.5000	  0.5842
712.0000	  0.5830
711.5000	  0.5815
711.0000	  0.5819
710.5000	  0.5800
710.0000	  0.5803
709.5000	  0.5768
709.0000	  0.5783
708.5000	  0.5761
708.0000	  0.5772
707.5000	  0.5764
707.0000	  0.5771
706.5000	  0.5777
706.0000	  0.5781
705.5000	  0.5791
705.0000	  0.5782
704.5000	  0.5802
704.0000	  0.5792
703.5000	  0.5794
703.0000	  0.5809
702.5000	  0.5814
702.0000	  0.5822
701.5000	  0.5800
701.0000	  0.5831
700.5000	  0.5819
700.0000	  0.5831
699.5000	  0.5834
699.0000	  0.5830
698.5000	  0.5855
698.0000	  0.5835
697.5000	  0.5862
697.0000	  0.5848
696.5000	  0.5867
696.0000	  0.5865
695.5000	  0.5875
695.0000	  0.5855
694.5000	  0.5879
694.0000	  0.5872
693.5000	  0.5890
693.0000	  0.5895
692.5000	  0.5884
692.0000	  0.5903
691.5000	  0.5899
691.0000	  0.5917
690.5000	  0.5907
690.0000	  0.5922
689.5000	  0.5921
689.0000	  0.5931
688.5000	  0.5932
688.0000	  0.5941
687.5000	  0.5946
687.0000	  0.5941
686.5000	  0.5952
686.0000	  0.5962
685.5000	  0.5961
685.0000	  0.5968
684.5000	  0.5976
684.0000	  0.5976
683.5000	  0.5983
683.0000	  0.5993
682.5000	  0.6001
682.0000	  0.6001
681.5000	  0.6012
681.0000	  0.6018
680.5000	  0.6022
680.0000	  0.6023
679.5000	  0.6035
679.0000	  0.6039
678.5000	  0.6045
678.0000	  0.6052
677.5000	  0.6059
677.0000	  0.6064
676.5000	  0.6073
676.0000	  0.6072
675.5000	  0.6085
675.0000	  0.6094
674.5000	  0.6109
674.0000	  0.6104
673.5000	  0.6106
673.0000	  0.6111
672.5000	  0.6130
672.0000	  0.6124
671.5000	  0.6138
671.0000	  0.6136
670.5000	  0.6150
670.0000	  0.6146
669.5000	  0.6161
669.0000	  0.6166
668.5000	  0.6185
668.0000	  0.6179
667.5000	  0.6194
667.0000	  0.6194
666.5000	  0.6207
666.0000	  0.6207
665.5000	  0.6211
665.0000	  0.6221
664.5000	  0.6239
664.0000	  0.6238
663.5000	  0.6240
663.0000	  0.6259
662.5000	  0.6256
662.0000	  0.6274
661.5000	  0.6272
661.0000	  0.6288
660.5000	  0.6295
660.0000	  0.6298
659.5000	  0.6302
659.0000	  0.6303
658.5000	  0.6317
658.0000	  0.6326
657.5000	  0.6332
657.0000	  0.6330
656.5000	  0.6347
656.0000	  0.6355
655.5000	  0.6359
655.0000	  0.6372
654.5000	  0.6386
654.0000	  0.6379
653.5000	  0.6386
653.0000	  0.6398
652.5000	  0.6411
652.0000	  0.6416
651.5000	  0.6424
651.0000	  0.6420
650.5000	  0.6434
650.0000	  0.6445
649.5000	  0.6445
649.0000	  0.6454
648.5000	  0.6470
648.0000	  0.6477
647.5000	  0.6474
647.0000	  0.6489
646.5000	  0.6499
646.0000	  0.6509
645.5000	  0.6513
645.0000	  0.6525
644.5000	  0.6534
644.0000	  0.6533
643.5000	  0.6538
643.0000	  0.6551
642.5000	  0.6565
642.0000	  0.6569
641.5000	  0.6573
641.0000	  0.6580
640.5000	  0.6590
640.0000	  0.6600
639.5000	  0.6598
639.0000	  0.6615
638.5000	  0.6622
638.0000	  0.6630
637.5000	  0.6631
637.0000	  0.6634
636.5000	  0.6653
636.0000	  0.6660
635.5000	  0.6663
635.0000	  0.6677
634.5000	  0.6684
634.0000	  0.6693
633.5000	  0.6701
633.0000	  0.6712
632.5000	  0.6730
632.0000	  0.6737
631.5000	  0.6750
631.0000	  0.6764
630.5000	  0.6774
630.0000	  0.6793
629.5000	  0.6806
629.0000	  0.6820
628.5000	  0.6852
628.0000	  0.6858
627.5000	  0.6883
627.0000	  0.6893
626.5000	  0.6916
626.0000	  0.6933
625.5000	  0.6948
625.0000	  0.6970
624.5000	  0.6997
624.0000	  0.7006
623.5000	  0.7034
623.0000	  0.7044
622.5000	  0.7064
622.0000	  0.7089
621.5000	  0.7094
621.0000	  0.7104
620.5000	  0.7131
620.0000	  0.7137
619.5000	  0.7150
619.0000	  0.7163
618.5000	  0.7170
618.0000	  0.7178
617.5000	  0.7199
617.0000	  0.7191
616.5000	  0.7204
616.0000	  0.7217
615.5000	  0.7215
615.0000	  0.7237
614.5000	  0.7244
614.0000	  0.7253
613.5000	  0.7268
613.0000	  0.7265
612.5000	  0.7287
612.0000	  0.7298
611.5000	  0.7301
611.0000	  0.7312
610.5000	  0.7327
610.0000	  0.7343
609.5000	  0.7351
609.0000	  0.7353
608.5000	  0.7368
608.0000	  0.7389
607.5000	  0.7393
607.0000	  0.7409
606.5000	  0.7414
606.0000	  0.7435
605.5000	  0.7452
605.0000	  0.7451
604.5000	  0.7466
604.0000	  0.7486
603.5000	  0.7492
603.0000	  0.7491
602.5000	  0.7509
602.0000	  0.7531
601.5000	  0.7540
601.0000	  0.7542
600.5000	  0.7557
600.0000	  0.7573
599.5000	  0.7592
599.0000	  0.7593
598.5000	  0.7606
598.0000	  0.7625
597.5000	  0.7628
597.0000	  0.7641
596.5000	  0.7644
596.0000	  0.7664
595.5000	  0.7684
595.0000	  0.7684
594.5000	  0.7707
594.0000	  0.7706
593.5000	  0.7727
593.0000	  0.7732
592.5000	  0.7744
592.0000	  0.7764
591.5000	  0.7772
591.0000	  0.7789
590.5000	  0.7790
590.0000	  0.7804
589.5000	  0.7815
589.0000	  0.7826
588.5000	  0.7838
588.0000	  0.7849
587.5000	  0.7859
587.0000	  0.7869
586.5000	  0.7885
586.0000	  0.7900
585.5000	  0.7907
585.0000	  0.7930
584.5000	  0.7929
584.0000	  0.7937
583.5000	  0.7954
583.0000	  0.7967
582.5000	  0.7975
582.0000	  0.7991
581.5000	  0.7994
581.0000	  0.8011
580.5000	  0.8025
580.0000	  0.8039
579.5000	  0.8045
579.0000	  0.8068
578.5000	  0.8069
578.0000	  0.8074
577.5000	  0.8089
577.0000	  0.8106
576.5000	  0.8102
576.0000	  0.8123
575.5000	  0.8124
575.0000	  0.8155
574.5000	  0.8161
574.0000	  0.8173
573.5000	  0.8177
573.0000	  0.8202
572.5000	  0.8195
572.0000	  0.8222
571.5000	  0.8230
571.0000	  0.8242
570.5000	  0.8246
570.0000	  0.8276
569.5000	  0.8271
569.0000	  0.8274
568.5000	  0.8304
568.0000	  0.8312
567.5000	  0.8317
567.0000	  0.8342
566.5000	  0.8351
566.0000	  0.8358
565.5000	  0.8356
565.0000	  0.8379
564.5000	  0.8395
564.0000	  0.8387
563.5000	  0.8413
563.0000	  0.8423
562.5000	  0.8433
562.0000	  0.8446
561.5000	  0.8472
561.0000	  0.8468
560.5000	  0.8479
560.0000	  0.8474
559.5000	  0.8482
559.0000	  0.8493
558.5000	  0.8502
558.0000	  0.8521
557.5000	  0.8528
557.0000	  0.8534
556.5000	  0.8542
556.0000	  0.8566
555.5000	  0.8580
555.0000	  0.8571
554.5000	  0.8581
554.0000	  0.8606
553.5000	  0.8615
553.0000	  0.8618
552.5000	  0.8636
552.0000	  0.8644
551.5000	  0.8655
551.0000	  0.8658
550.5000	  0.8668
550.0000	  0.8693
549.5000	  0.8697
549.0000	  0.8708
548.5000	  0.8715
548.0000	  0.8730
547.5000	  0.8730
547.0000	  0.8751
546.5000	  0.8755
546.0000	  0.8761
545.5000	  0.8780
545.0000	  0.8797
544.5000	  0.8793
544.0000	  0.8809
543.5000	  0.8816
543.0000	  0.8828
542.5000	  0.8831
542.0000	  0.8835
541.5000	  0.8860
541.0000	  0.8858
540.5000	  0.8871
540.0000	  0.8876
539.5000	  0.8897
539.0000	  0.8896
538.5000	  0.8903
538.0000	  0.8917
537.5000	  0.8929
537.0000	  0.8941
536.5000	  0.8949
536.0000	  0.8950
535.5000	  0.8964
535.0000	  0.8981
534.5000	  0.8980
534.0000	  0.8984
533.5000	  0.9007
533.0000	  0.9015
532.5000	  0.9023
532.0000	  0.9034
531.5000	  0.9029
531.0000	  0.9041
530.5000	  0.9060
530.0000	  0.9059
529.5000	  0.9066
529.0000	  0.9076
528.5000	  0.9083
528.0000	  0.9094
527.5000	  0.9104
527.0000	  0.9106
526.5000	  0.9123
526.0000	  0.9122
525.5000	  0.9140
525.0000	  0.9130
524.5000	  0.9145
524.0000	  0.9150
523.5000	  0.9172
523.0000	  0.9157
522.5000	  0.9175
522.0000	  0.9180
521.5000	  0.9195
521.0000	  0.9186
520.5000	  0.9192
520.0000	  0.9209
519.5000	  0.9212
519.0000	  0.9224
518.5000	  0.9228
518.0000	  0.9236
517.5000	  0.9242
517.0000	  0.9246
516.5000	  0.9249
516.0000	  0.9259
515.5000	  0.9269
515.0000	  0.9273
514.5000	  0.9271
514.0000	  0.9277
513.5000	  0.9292
513.0000	  0.9298
512.5000	  0.9291
512.0000	  0.9311
511.5000	  0.9322
511.0000	  0.9323
510.5000	  0.9331
510.0000	  0.9326
509.5000	  0.9341
509.0000	  0.9356
508.5000	  0.9364
508.0000	  0.9362
507.5000	  0.9380
507.0000	  0.9392
506.5000	  0.9400
506.0000	  0.9408
505.5000	  0.9426
505.0000	  0.9447
504.5000	  0.9447
504.0000	  0.9458
503.5000	  0.9476
503.0000	  0.9481
502.5000	  0.9495
502.0000	  0.9513
501.5000	  0.9516
501.0000	  0.9536
500.5000	  0.9542
500.0000	  0.9553
499.5000	  0.9553
499.0000	  0.9574
498.5000	  0.9594
498.0000	  0.9597
497.5000	  0.9596
497.0000	  0.9608
496.5000	  0.9618
496.0000	  0.9621
495.5000	  0.9634
495.0000	  0.9635
494.5000	  0.9644
494.0000	  0.9661
493.5000	  0.9660
493.0000	  0.9652
492.5000	  0.9657
492.0000	  0.9668
491.5000	  0.9674
491.0000	  0.9666
490.5000	  0.9663
490.0000	  0.9684
489.5000	  0.9678
489.0000	  0.9675
488.5000	  0.9686
488.0000	  0.9676
487.5000	  0.9685
487.0000	  0.9692
486.5000	  0.9683
486.0000	  0.9689
485.5000	  0.9689
485.0000	  0.9697
484.5000	  0.9687
484.0000	  0.9676
483.5000	  0.9706
483.0000	  0.9701
482.5000	  0.9701
482.0000	  0.9708
481.5000	  0.9705
481.0000	  0.9708
480.5000	  0.9713
480.0000	  0.9698
479.5000	  0.9720
479.0000	  0.9702
478.5000	  0.9737
478.0000	  0.9711
477.5000	  0.9723
477.0000	  0.9736
476.5000	  0.9733
476.0000	  0.9727
475.5000	  0.9729
475.0000	  0.9745
474.5000	  0.9724
474.0000	  0.9747
473.5000	  0.9732
473.0000	  0.9751
472.5000	  0.9755
472.0000	  0.9764
471.5000	  0.9764
471.0000	  0.9773
470.5000	  0.9782
470.0000	  0.9792
469.5000	  0.9795
469.0000	  0.9805
468.5000	  0.9816
468.0000	  0.9816
467.5000	  0.9814
467.0000	  0.9825
466.5000	  0.9843
466.0000	  0.9847
465.5000	  0.9855
465.0000	  0.9857
464.5000	  0.9869
464.0000	  0.9892
463.5000	  0.9903
463.0000	  0.9902
462.5000	  0.9914
462.0000	  0.9932
461.5000	  0.9924
461.0000	  0.9945
460.5000	  0.9944
460.0000	  0.9975
459.5000	  0.9968
459.0000	  0.9986
458.5000	  0.9968
458.0000	  0.9994
457.5000	  1.0009
457.0000	  1.0004
456.5000	  0.9998
456.0000	  0.9977
455.5000	  1.0001
455.0000	  0.9991
454.5000	  0.9983
454.0000	  0.9975
453.5000	  0.9973
453.0000	  0.9954
452.5000	  0.9972
452.0000	  0.9930
451.5000	  0.9903
451.0000	  0.9911
450.5000	  0.9904
450.0000	  0.9868
449.5000	  0.9843
449.0000	  0.9831
448.5000	  0.9820
448.0000	  0.9815
447.5000	  0.9773
447.0000	  0.9746
446.5000	  0.9725
446.0000	  0.9748
445.5000	  0.9691
445.0000	  0.9694
444.5000	  0.9700
444.0000	  0.9677
443.5000	  0.9661
443.0000	  0.9663
442.5000	  0.9621
442.0000	  0.9642
441.5000	  0.9622
441.0000	  0.9626
440.5000	  0.9625
440.0000	  0.9629
439.5000	  0.9607
439.0000	  0.9601
438.5000	  0.9601
438.0000	  0.9598
437.5000	  0.9591
437.0000	  0.9593
436.5000	  0.9574
436.0000	  0.9588
435.5000	  0.9578
435.0000	  0.9580
434.5000	  0.9575
434.0000	  0.9578
433.5000	  0.9584
433.0000	  0.9587
432.5000	  0.9569
432.0000	  0.9573
431.5000	  0.9586
431.0000	  0.9559
430.5000	  0.9558
430.0000	  0.9560
429.5000	  0.9568
429.0000	  0.9558
428.5000	  0.9562
428.0000	  0.9559
427.5000	  0.9551
427.0000	  0.9556
426.5000	  0.9570
426.0000	  0.9564
425.5000	  0.9555
425.0000	  0.9553
424.5000	  0.9557
424.0000	  0.9573
423.5000	  0.9566
423.0000	  0.9571
422.5000	  0.9587
422.0000	  0.9586
421.5000	  0.9570
421.0000	  0.9578
420.5000	  0.9591
420.0000	  0.9582
419.5000	  0.9604
419.0000	  0.9560
418.5000	  0.9591
418.0000	  0.9598
417.5000	  0.9602
417.0000	  0.9574
416.5000	  0.9588
416.0000	  0.9603
415.5000	  0.9588
415.0000	  0.9589
414.5000	  0.9598
414.0000	  0.9603
413.5000	  0.9596
413.0000	  0.9593
412.5000	  0.9592
412.0000	  0.9589
411.5000	  0.9608
411.0000	  0.9616
410.5000	  0.9608
410.0000	  0.9604
409.5000	  0.9617
409.0000	  0.9614
408.5000	  0.9601
408.0000	  0.9595
407.5000	  0.9610
407.0000	  0.9602
406.5000	  0.9625
406.0000	  0.9600
405.5000	  0.9602
405.0000	  0.9631
404.5000	  0.9609
404.0000	  0.9613
403.5000	  0.9589
403.0000	  0.9621
402.5000	  0.9617
402.0000	  0.9628
401.5000	  0.9599
401.0000	  0.9619
400.5000	  0.9631
400.0000	  0.9621
399.5000	  0.9614
399.0000	  0.9614
398.5000	  0.9623
398.0000	  0.9622
397.5000	  0.9617
397.0000	  0.9632
396.5000	  0.9625
396.0000	  0.9642
395.5000	  0.9618
395.0000	  0.9656
394.5000	  0.9653
394.0000	  0.9639
393.5000	  0.9667
393.0000	  0.9637
392.5000	  0.9632
392.0000	  0.9678
391.5000	  0.9662
391.0000	  0.9680
390.5000	  0.9663
390.0000	  0.9668
389.5000	  0.9706
389.0000	  0.9722
388.5000	  0.9697
388.0000	  0.9702
387.5000	  0.9731
387.0000	  0.9705
386.5000	  0.9725
386.0000	  0.9721
385.5000	  0.9739
385.0000	  0.9748
384.5000	  0.9768
384.0000	  0.9772
383.5000	  0.9791
383.0000	  0.9790
382.5000	  0.9788
382.0000	  0.9781
381.5000	  0.9804
381.0000	  0.9804
380.5000	  0.9814
380.0000	  0.9797
379.5000	  0.9812
379.0000	  0.9807
378.5000	  0.9810
378.0000	  0.9843
377.5000	  0.9823
377.0000	  0.9872
376.5000	  0.9864
376.0000	  0.9840
375.5000	  0.9827
375.0000	  0.9836
374.5000	  0.9856
374.0000	  0.9879
373.5000	  0.9860
373.0000	  0.9875
372.5000	  0.9873
372.0000	  0.9889
371.5000	  0.9907
371.0000	  0.9904
370.5000	  0.9918
370.0000	  0.9907
369.5000	  0.9929
369.0000	  0.9903
368.5000	  0.9894
368.0000	  0.9964
367.5000	  0.9906
367.0000	  0.9950
366.5000	  0.9951
366.0000	  0.9964
365.5000	  0.9962
365.0000	  0.9929
364.5000	  0.9954
364.0000	  0.9922
363.5000	  0.9975
363.0000	  0.9940
362.5000	  0.9941
362.0000	  1.0003
361.5000	  0.9986
361.0000	  1.0036
360.5000	  1.0002
360.0000	  1.0001
359.5000	  1.0045
359.0000	  1.0056
358.5000	  1.0043
358.0000	  1.0038
357.5000	  1.0039
357.0000	  1.0085
356.5000	  1.0118
356.0000	  1.0077
355.5000	  1.0069
355.0000	  1.0098
354.5000	  1.0080
354.0000	  1.0087
353.5000	  1.0126
353.0000	  1.0095
352.5000	  1.0067
352.0000	  1.0100
351.5000	  1.0092
351.0000	  1.0129
350.5000	  1.0130
350.0000	  1.0169
349.5000	  1.0149
349.0000	  1.0126
348.5000	  1.0168
348.0000	  1.0209
347.5000	  1.0183
347.0000	  1.0185
346.5000	  1.0163
346.0000	  1.0185
345.5000	  1.0180
345.0000	  1.0223
344.5000	  1.0211
344.0000	  1.0233
343.5000	  1.0235
343.0000	  1.0192
342.5000	  1.0278
342.0000	  1.0245
341.5000	  1.0218
341.0000	  1.0239
340.5000	  1.0272
340.0000	  1.0283
339.5000	  1.0213
339.0000	  1.0280
338.5000	  1.0257
338.0000	  1.0322
337.5000	  1.0227
337.0000	  1.0278
336.5000	  1.0330
336.0000	  1.0268
335.5000	  1.0315
335.0000	  1.0337
334.5000	  1.0351
334.0000	  1.0306
333.5000	  1.0376
333.0000	  1.0315
332.5000	  1.0298
332.0000	  1.0354
331.5000	  1.0314
331.0000	  1.0321
330.5000	  1.0383
330.0000	  1.0348
329.5000	  1.0320
329.0000	  1.0439
328.5000	  1.0401
328.0000	  1.0437
327.5000	  1.0362
327.0000	  1.0394
326.5000	  1.0460
326.0000	  1.0507
325.5000	  1.0406
325.0000	  1.0426
324.5000	  1.0477
324.0000	  1.0460
323.5000	  1.0471
323.0000	  1.0393
322.5000	  1.0503
322.0000	  1.0459
321.5000	  1.0486
321.0000	  1.0511
320.5000	  1.0510
320.0000	  1.0502
319.5000	  1.0477
319.0000	  1.0549
318.5000	  1.0553
318.0000	  1.0516
317.5000	  1.0583
317.0000	  1.0586
316.5000	  1.0646
316.0000	  1.0600
315.5000	  1.0503
315.0000	  1.0608
314.5000	  1.0730
314.0000	  1.0606
313.5000	  1.0644
313.0000	  1.0595
312.5000	  1.0514
312.0000	  1.0637
311.5000	  1.0649
311.0000	  1.0696
310.5000	  1.0719
310.0000	  1.0696
309.5000	  1.0773
309.0000	  1.0624
308.5000	  1.0573
308.0000	  1.0609
307.5000	  1.0770
307.0000	  1.0558
306.5000	  1.0549
306.0000	  1.0591
305.5000	  1.0702
305.0000	  1.0689
304.5000	  1.0711
304.0000	  1.0711
303.5000	  1.0526
303.0000	  1.0562
302.5000	  1.0853
302.0000	  1.0462
301.5000	  1.0533
301.0000	  1.0552
300.5000	  1.0646
300.0000	  1.0403
299.5000	  1.0322
299.0000	  1.0564
298.5000	  1.0426
298.0000	  1.0373
297.5000	  1.0392
297.0000	  1.0465
296.5000	  1.0536
296.0000	  0.9803
295.5000	  1.0049
295.0000	  1.0501
294.5000	  1.0602
294.0000	  1.1031
293.5000	  0.9604
293.0000	  1.1902
292.5000	  1.0680
292.0000	  1.0757
291.5000	  1.0917
291.0000	  1.0212
290.5000	  1.3177
290.0000	  1.2066
289.5000	  1.0806
289.0000	  0.5824
288.5000	  0.1026
288.0000	  0.9356
287.5000	  1.0448
287.0000	  2.1986
286.5000	  1.2924
286.0000	  1.4616
285.5000	  8.5953
285.0000	  0.0256
284.5000	 -0.4705
284.0000	  1.5776
283.5000	  0.9982
283.0000	  0.4261
282.5000	  0.2196
282.0000	  2.3937
281.5000	  0.2502
281.0000	  1.0948
280.5000	  2.0431
280.0000	 -0.1445
279.5000	 -0.7506
279.0000	  1.6076
278.5000	 -0.7505
278.0000	  0.7230
277.5000	  1.6122
277.0000	 -1.4221
276.5000	  1.2182
276.0000	  4.9080
275.5000	  0.1217
275.0000	  3.1534
274.5000	  0.7488
274.0000	 -0.2821
273.5000	  1.2378
273.0000	  0.7941
272.5000	 -4.3050
272.0000	  3.4171
271.5000	 -0.3775
271.0000	 -0.9603
270.5000	 -0.0877
270.0000	  0.1219
269.5000	 13.1514
269.0000	  1.6875
268.5000	 -0.8320
268.0000	  0.4161
267.5000	 -1.2308
267.0000	 -0.0432
266.5000	  0.4665
266.0000	 -1.3169
265.5000	 -0.4376
265.0000	 -0.5323
264.5000	 -0.0513
264.0000	 -2.4080
263.5000	  0.9776
263.0000	  0.7791
262.5000	 -0.6905
262.0000	 -7.3425
261.5000	  5.8371
261.0000	  0.2358
260.5000	  9.3782
260.0000	  2.1005
259.5000	  0.7204
259.0000	  5.6609
258.5000	  1.7765
258.0000	  0.1879
257.5000	  0.5414
257.0000	  0.6585
256.5000	 -0.9756
256.0000	 -0.0760
255.5000	  1.4444
255.0000	 -3.7446
254.5000	 -1.7430
254.0000	  0.7569
253.5000	  1.5507
253.0000	  0.5190
252.5000	 -2.1872
252.0000	  0.2939
251.5000	  2.8692
251.0000	  0.3910
250.5000	  0.1859
250.0000	  1.6033
