31/12/2001 23.51.34
31/12/2001 23.53.47

900.0000	 94.1900

900.0000	 94.1900

900.0000	 87.3000



  1.0000
900.0000
  3.0000
340.0000
  1.0000
201.0000
  5.0000
  6.0000
  1.0000
  1.0000
  0.0000
  0.0000
100.0000
  0.0000
  1.0000
  0.0000
500.0000
900.0000
800.0000
  4.0000
  1.0000
 18.0000
  2.0000
  1.0000
255.0000
  0.9425
  1.0000
 30.0000
  4.0000
500.0000
  0.0000
  0.0000
  4.0000
900.0000
800.0000
  0.0000
100.0000
  0.0000
  1.0000
  0.0000
500.0000
  1.0000
  1.0000
  1.0000
  1.0000
  4.0000
  0.0000
  1.0000
  1.0000
  1.0000
  1.0000
  1.0000
  2.0000
  1.0000
  1.0000
  1.0000
  3.0000
  1.0000
  1.0000
  1.0000
  4.0000
  5.0000
133.061
0.000
900.0000	  0.8920
899.5000	  0.8825
899.0000	  0.8469
898.5000	  0.8871
898.0000	  0.8902
897.5000	  0.8877
897.0000	  0.8654
896.5000	  0.8908
896.0000	  0.8847
895.5000	  0.8766
895.0000	  0.8933
894.5000	  0.9082
894.0000	  0.9042
893.5000	  0.8678
893.0000	  0.8614
892.5000	  0.8578
892.0000	  0.8751
891.5000	  0.8907
891.0000	  0.9148
890.5000	  0.8486
890.0000	  0.8757
889.5000	  0.8812
889.0000	  0.8768
888.5000	  0.8732
888.0000	  0.8844
887.5000	  0.9007
887.0000	  0.8769
886.5000	  0.8651
886.0000	  0.8984
885.5000	  0.9001
885.0000	  0.9046
884.5000	  0.8895
884.0000	  0.8937
883.5000	  0.8695
883.0000	  0.8852
882.5000	  0.8748
882.0000	  0.8824
881.5000	  0.8795
881.0000	  0.8748
880.5000	  0.8920
880.0000	  0.8710
879.5000	  0.8685
879.0000	  0.8845
878.5000	  0.8637
878.0000	  0.8910
877.5000	  0.8798
877.0000	  0.8893
876.5000	  0.8909
876.0000	  0.8811
875.5000	  0.8851
875.0000	  0.8812
874.5000	  0.8876
874.0000	  0.8754
873.5000	  0.8835
873.0000	  0.8893
872.5000	  0.8849
872.0000	  0.8868
871.5000	  0.8932
871.0000	  0.8893
870.5000	  0.8858
870.0000	  0.8905
869.5000	  0.8871
869.0000	  0.8896
868.5000	  0.8877
868.0000	  0.8926
867.5000	  0.8910
867.0000	  0.8864
866.5000	  0.8858
866.0000	  0.8853
865.5000	  0.8851
865.0000	  0.8870
864.5000	  0.8881
864.0000	  0.8932
863.5000	  0.8859
863.0000	  0.8898
862.5000	  0.8917
862.0000	  0.8865
861.5000	  0.8858
861.0000	  0.8869
860.5000	  0.8927
860.0000	  0.8943
859.5000	  0.8891
859.0000	  0.8911
858.5000	  0.8896
858.0000	  0.8888
857.5000	  0.8938
857.0000	  0.8976
856.5000	  0.8919
856.0000	  0.8962
855.5000	  0.8918
855.0000	  0.8945
854.5000	  0.8923
854.0000	  0.8965
853.5000	  0.8952
853.0000	  0.8973
852.5000	  0.8983
852.0000	  0.8964
851.5000	  0.9011
851.0000	  0.8995
850.5000	  0.8971
850.0000	  0.8944
849.5000	  0.9015
849.0000	  0.8980
848.5000	  0.9000
848.0000	  0.8996
847.5000	  0.9012
847.0000	  0.8999
846.5000	  0.9003
846.0000	  0.9035
845.5000	  0.9023
845.0000	  0.9004
844.5000	  0.9011
844.0000	  0.9022
843.5000	  0.9006
843.0000	  0.9031
842.5000	  0.9006
842.0000	  0.9046
841.5000	  0.8998
841.0000	  0.8996
840.5000	  0.9017
840.0000	  0.8998
839.5000	  0.8999
839.0000	  0.9001
838.5000	  0.9021
838.0000	  0.8999
837.5000	  0.9007
837.0000	  0.9012
836.5000	  0.8995
836.0000	  0.9014
835.5000	  0.8977
835.0000	  0.9002
834.5000	  0.8993
834.0000	  0.8994
833.5000	  0.8983
833.0000	  0.8993
832.5000	  0.8989
832.0000	  0.8973
831.5000	  0.8971
831.0000	  0.8973
830.5000	  0.8977
830.0000	  0.8984
829.5000	  0.8966
829.0000	  0.8976
828.5000	  0.8969
828.0000	  0.8980
827.5000	  0.8971
827.0000	  0.8979
826.5000	  0.8981
826.0000	  0.8955
825.5000	  0.8956
825.0000	  0.8963
824.5000	  0.8980
824.0000	  0.8985
823.5000	  0.8955
823.0000	  0.8962
822.5000	  0.8945
822.0000	  0.8968
821.5000	  0.8985
821.0000	  0.8945
820.5000	  0.8974
820.0000	  0.8966
819.5000	  0.8944
819.0000	  0.8951
818.5000	  0.8965
818.0000	  0.8955
817.5000	  0.8954
817.0000	  0.8945
816.5000	  0.8945
816.0000	  0.8954
815.5000	  0.8948
815.0000	  0.8944
814.5000	  0.8975
814.0000	  0.8958
813.5000	  0.8964
813.0000	  0.8974
812.5000	  0.8963
812.0000	  0.8964
811.5000	  0.8967
811.0000	  0.8967
810.5000	  0.8942
810.0000	  0.8962
809.5000	  0.8972
809.0000	  0.8951
808.5000	  0.8960
808.0000	  0.8975
807.5000	  0.8982
807.0000	  0.8977
806.5000	  0.8984
806.0000	  0.8966
805.5000	  0.8951
805.0000	  0.8959
804.5000	  0.8969
804.0000	  0.8976
803.5000	  0.8969
803.0000	  0.8982
802.5000	  0.8964
802.0000	  0.8970
801.5000	  0.8957
801.0000	  0.8973
800.5000	  0.8985
800.0000	  0.8992
