31/03/2023 15.41.59
31/03/2023 15.50.28

900.0000	 59.5300

900.0000	 59.5300

900.0000	 58.9200



  1.0000
900.0000
  3.0000
340.0000
  1.0000
1301.0000
  5.0000
  6.0000
  1.0000
  1.0000
  0.0000
  0.0000
100.0000
  0.0000
  1.0000
  0.0000
500.0000
900.0000
250.0000
  4.0000
  1.0000
 18.0000
  2.0000
  1.0000
255.0000
  0.8402
  1.0000
 30.0000
  4.0000
500.0000
  0.0000
  0.0000
  4.0000
900.0000
250.0000
  0.0000
100.0000
  0.0000
  1.0000
  0.0000
500.0000
  1.0000
  1.0000
  1.0000
  1.0000
  4.0000
  0.0000
  1.0000
  1.0000
  1.0000
  1.0000
  1.0000
  2.0000
  1.0000
  1.0000
  1.0000
  3.0000
  1.0000
  1.0000
  1.0000
  4.0000
  5.0000
508.855
0.000
900.0000	  0.5705
899.5000	  0.5220
899.0000	  0.5845
898.5000	  0.5303
898.0000	  0.5706
897.5000	  0.5907
897.0000	  0.5717
896.5000	  0.6116
896.0000	  0.6515
895.5000	  0.5823
895.0000	  0.5921
894.5000	  0.5940
894.0000	  0.6008
893.5000	  0.5736
893.0000	  0.5729
892.5000	  0.5318
892.0000	  0.5975
891.5000	  0.5884
891.0000	  0.6075
890.5000	  0.5866
890.0000	  0.5735
889.5000	  0.5745
889.0000	  0.6007
888.5000	  0.5613
888.0000	  0.5844
887.5000	  0.5650
887.0000	  0.6100
886.5000	  0.5953
886.0000	  0.5636
885.5000	  0.5441
885.0000	  0.5872
884.5000	  0.5557
884.0000	  0.5672
883.5000	  0.5608
883.0000	  0.5740
882.5000	  0.5998
882.0000	  0.5797
881.5000	  0.5575
881.0000	  0.5792
880.5000	  0.5607
880.0000	  0.5621
879.5000	  0.5628
879.0000	  0.5782
878.5000	  0.5757
878.0000	  0.5765
877.5000	  0.5587
877.0000	  0.5463
876.5000	  0.5545
876.0000	  0.5545
875.5000	  0.5617
875.0000	  0.5689
874.5000	  0.5735
874.0000	  0.5583
873.5000	  0.5774
873.0000	  0.5593
872.5000	  0.5653
872.0000	  0.5618
871.5000	  0.5553
871.0000	  0.5598
870.5000	  0.5595
870.0000	  0.5628
869.5000	  0.5555
869.0000	  0.5560
868.5000	  0.5557
868.0000	  0.5658
867.5000	  0.5639
867.0000	  0.5622
866.5000	  0.5586
866.0000	  0.5591
865.5000	  0.5643
865.0000	  0.5594
864.5000	  0.5552
864.0000	  0.5533
863.5000	  0.5530
863.0000	  0.5472
862.5000	  0.5574
862.0000	  0.5590
861.5000	  0.5478
861.0000	  0.5557
860.5000	  0.5572
860.0000	  0.5538
859.5000	  0.5582
859.0000	  0.5507
858.5000	  0.5506
858.0000	  0.5561
857.5000	  0.5548
857.0000	  0.5527
856.5000	  0.5544
856.0000	  0.5545
855.5000	  0.5573
855.0000	  0.5512
854.5000	  0.5582
854.0000	  0.5536
853.5000	  0.5544
853.0000	  0.5543
852.5000	  0.5534
852.0000	  0.5533
851.5000	  0.5573
851.0000	  0.5538
850.5000	  0.5523
850.0000	  0.5535
849.5000	  0.5547
849.0000	  0.5552
848.5000	  0.5537
848.0000	  0.5548
847.5000	  0.5554
847.0000	  0.5535
846.5000	  0.5554
846.0000	  0.5527
845.5000	  0.5531
845.0000	  0.5547
844.5000	  0.5540
844.0000	  0.5553
843.5000	  0.5535
843.0000	  0.5533
842.5000	  0.5546
842.0000	  0.5545
841.5000	  0.5515
841.0000	  0.5524
840.5000	  0.5545
840.0000	  0.5507
839.5000	  0.5538
839.0000	  0.5518
838.5000	  0.5525
838.0000	  0.5541
837.5000	  0.5519
837.0000	  0.5526
836.5000	  0.5531
836.0000	  0.5525
835.5000	  0.5520
835.0000	  0.5528
834.5000	  0.5509
834.0000	  0.5506
833.5000	  0.5512
833.0000	  0.5527
832.5000	  0.5499
832.0000	  0.5524
831.5000	  0.5509
831.0000	  0.5516
830.5000	  0.5511
830.0000	  0.5511
829.5000	  0.5521
829.0000	  0.5510
828.5000	  0.5500
828.0000	  0.5512
827.5000	  0.5506
827.0000	  0.5501
826.5000	  0.5492
826.0000	  0.5498
825.5000	  0.5490
825.0000	  0.5491
824.5000	  0.5486
824.0000	  0.5503
823.5000	  0.5503
823.0000	  0.5492
822.5000	  0.5479
822.0000	  0.5492
821.5000	  0.5484
821.0000	  0.5484
820.5000	  0.5487
820.0000	  0.5477
819.5000	  0.5473
819.0000	  0.5482
818.5000	  0.5474
818.0000	  0.5482
817.5000	  0.5470
817.0000	  0.5484
816.5000	  0.5477
816.0000	  0.5457
815.5000	  0.5464
815.0000	  0.5468
814.5000	  0.5478
814.0000	  0.5457
813.5000	  0.5463
813.0000	  0.5451
812.5000	  0.5460
812.0000	  0.5455
811.5000	  0.5454
811.0000	  0.5460
810.5000	  0.5461
810.0000	  0.5450
809.5000	  0.5453
809.0000	  0.5454
808.5000	  0.5450
808.0000	  0.5453
807.5000	  0.5454
807.0000	  0.5445
806.5000	  0.5444
806.0000	  0.5458
805.5000	  0.5453
805.0000	  0.5437
804.5000	  0.5440
804.0000	  0.5449
803.5000	  0.5442
803.0000	  0.5440
802.5000	  0.5441
802.0000	  0.5445
801.5000	  0.5437
801.0000	  0.5435
800.5000	  0.5441
800.0000	  0.5430
799.5000	  0.5441
799.0000	  0.5436
798.5000	  0.5424
798.0000	  0.5435
797.5000	  0.5434
797.0000	  0.5418
796.5000	  0.5427
796.0000	  0.5435
795.5000	  0.5424
795.0000	  0.5437
794.5000	  0.5434
794.0000	  0.5430
793.5000	  0.5437
793.0000	  0.5430
792.5000	  0.5423
792.0000	  0.5439
791.5000	  0.5429
791.0000	  0.5420
790.5000	  0.5440
790.0000	  0.5423
789.5000	  0.5422
789.0000	  0.5429
788.5000	  0.5427
788.0000	  0.5434
787.5000	  0.5418
787.0000	  0.5420
786.5000	  0.5433
786.0000	  0.5428
785.5000	  0.5418
785.0000	  0.5425
784.5000	  0.5425
784.0000	  0.5427
783.5000	  0.5428
783.0000	  0.5418
782.5000	  0.5437
782.0000	  0.5432
781.5000	  0.5415
781.0000	  0.5431
780.5000	  0.5432
780.0000	  0.5420
779.5000	  0.5424
779.0000	  0.5413
778.5000	  0.5431
778.0000	  0.5447
777.5000	  0.5422
777.0000	  0.5427
776.5000	  0.5431
776.0000	  0.5413
775.5000	  0.5438
775.0000	  0.5417
774.5000	  0.5418
774.0000	  0.5433
773.5000	  0.5426
773.0000	  0.5418
772.5000	  0.5437
772.0000	  0.5427
771.5000	  0.5432
771.0000	  0.5424
770.5000	  0.5426
770.0000	  0.5443
769.5000	  0.5410
769.0000	  0.5429
768.5000	  0.5438
768.0000	  0.5423
767.5000	  0.5422
767.0000	  0.5426
766.5000	  0.5417
766.0000	  0.5435
765.5000	  0.5420
765.0000	  0.5428
764.5000	  0.5441
764.0000	  0.5430
763.5000	  0.5431
763.0000	  0.5426
762.5000	  0.5437
762.0000	  0.5449
761.5000	  0.5416
761.0000	  0.5442
760.5000	  0.5435
760.0000	  0.5439
759.5000	  0.5445
759.0000	  0.5434
758.5000	  0.5443
758.0000	  0.5445
757.5000	  0.5454
757.0000	  0.5457
756.5000	  0.5439
756.0000	  0.5456
755.5000	  0.5461
755.0000	  0.5439
754.5000	  0.5458
754.0000	  0.5448
753.5000	  0.5441
753.0000	  0.5450
752.5000	  0.5436
752.0000	  0.5459
751.5000	  0.5453
751.0000	  0.5451
750.5000	  0.5463
750.0000	  0.5442
749.5000	  0.5459
749.0000	  0.5450
748.5000	  0.5456
748.0000	  0.5473
747.5000	  0.5455
747.0000	  0.5483
746.5000	  0.5460
746.0000	  0.5468
745.5000	  0.5481
745.0000	  0.5468
744.5000	  0.5478
744.0000	  0.5484
743.5000	  0.5467
743.0000	  0.5487
742.5000	  0.5477
742.0000	  0.5493
741.5000	  0.5483
741.0000	  0.5483
740.5000	  0.5493
740.0000	  0.5489
739.5000	  0.5499
739.0000	  0.5505
738.5000	  0.5482
738.0000	  0.5514
737.5000	  0.5500
737.0000	  0.5505
736.5000	  0.5521
736.0000	  0.5500
735.5000	  0.5533
735.0000	  0.5507
734.5000	  0.5521
734.0000	  0.5528
733.5000	  0.5531
733.0000	  0.5562
732.5000	  0.5529
732.0000	  0.5561
731.5000	  0.5541
731.0000	  0.5559
730.5000	  0.5577
730.0000	  0.5559
729.5000	  0.5578
729.0000	  0.5561
728.5000	  0.5597
728.0000	  0.5588
727.5000	  0.5598
727.0000	  0.5612
726.5000	  0.5603
726.0000	  0.5634
725.5000	  0.5628
725.0000	  0.5657
724.5000	  0.5655
724.0000	  0.5672
723.5000	  0.5684
723.0000	  0.5673
722.5000	  0.5711
722.0000	  0.5700
721.5000	  0.5746
721.0000	  0.5744
720.5000	  0.5778
720.0000	  0.5783
719.5000	  0.5789
719.0000	  0.5825
718.5000	  0.5832
718.0000	  0.5843
717.5000	  0.5838
717.0000	  0.5869
716.5000	  0.5863
716.0000	  0.5832
715.5000	  0.5846
715.0000	  0.5825
714.5000	  0.5829
714.0000	  0.5795
713.5000	  0.5788
713.0000	  0.5768
712.5000	  0.5765
712.0000	  0.5733
711.5000	  0.5730
711.0000	  0.5730
710.5000	  0.5702
710.0000	  0.5720
709.5000	  0.5695
709.0000	  0.5693
708.5000	  0.5700
708.0000	  0.5689
707.5000	  0.5706
707.0000	  0.5699
706.5000	  0.5711
706.0000	  0.5690
705.5000	  0.5715
705.0000	  0.5718
704.5000	  0.5725
704.0000	  0.5722
703.5000	  0.5724
703.0000	  0.5745
702.5000	  0.5739
702.0000	  0.5751
701.5000	  0.5731
701.0000	  0.5753
700.5000	  0.5753
700.0000	  0.5769
699.5000	  0.5770
699.0000	  0.5769
698.5000	  0.5781
698.0000	  0.5767
697.5000	  0.5780
697.0000	  0.5787
696.5000	  0.5790
696.0000	  0.5791
695.5000	  0.5800
695.0000	  0.5805
694.5000	  0.5808
694.0000	  0.5807
693.5000	  0.5815
693.0000	  0.5826
692.5000	  0.5831
692.0000	  0.5841
691.5000	  0.5841
691.0000	  0.5854
690.5000	  0.5847
690.0000	  0.5864
689.5000	  0.5861
689.0000	  0.5872
688.5000	  0.5879
688.0000	  0.5883
687.5000	  0.5887
687.0000	  0.5887
686.5000	  0.5893
686.0000	  0.5902
685.5000	  0.5895
685.0000	  0.5920
684.5000	  0.5934
684.0000	  0.5923
683.5000	  0.5937
683.0000	  0.5938
682.5000	  0.5958
682.0000	  0.5953
681.5000	  0.5965
681.0000	  0.5977
680.5000	  0.5976
680.0000	  0.5968
679.5000	  0.5994
679.0000	  0.5989
678.5000	  0.6010
678.0000	  0.6011
677.5000	  0.6008
677.0000	  0.6023
676.5000	  0.6029
676.0000	  0.6036
675.5000	  0.6049
675.0000	  0.6054
674.5000	  0.6054
674.0000	  0.6061
673.5000	  0.6063
673.0000	  0.6089
672.5000	  0.6099
672.0000	  0.6090
671.5000	  0.6104
671.0000	  0.6102
670.5000	  0.6120
670.0000	  0.6124
669.5000	  0.6126
669.0000	  0.6138
668.5000	  0.6157
668.0000	  0.6151
667.5000	  0.6161
667.0000	  0.6172
666.5000	  0.6185
666.0000	  0.6178
665.5000	  0.6191
665.0000	  0.6203
664.5000	  0.6214
664.0000	  0.6211
663.5000	  0.6218
663.0000	  0.6223
662.5000	  0.6245
662.0000	  0.6243
661.5000	  0.6258
661.0000	  0.6254
660.5000	  0.6278
660.0000	  0.6278
659.5000	  0.6289
659.0000	  0.6292
658.5000	  0.6312
658.0000	  0.6313
657.5000	  0.6320
657.0000	  0.6331
656.5000	  0.6341
656.0000	  0.6336
655.5000	  0.6350
655.0000	  0.6360
654.5000	  0.6368
654.0000	  0.6374
653.5000	  0.6382
653.0000	  0.6393
652.5000	  0.6414
652.0000	  0.6419
651.5000	  0.6421
651.0000	  0.6432
650.5000	  0.6447
650.0000	  0.6454
649.5000	  0.6470
649.0000	  0.6475
648.5000	  0.6474
648.0000	  0.6489
647.5000	  0.6501
647.0000	  0.6501
646.5000	  0.6512
646.0000	  0.6518
645.5000	  0.6539
645.0000	  0.6536
644.5000	  0.6548
644.0000	  0.6554
643.5000	  0.6574
643.0000	  0.6575
642.5000	  0.6581
642.0000	  0.6594
641.5000	  0.6605
641.0000	  0.6617
640.5000	  0.6618
640.0000	  0.6625
639.5000	  0.6645
639.0000	  0.6644
638.5000	  0.6649
638.0000	  0.6662
637.5000	  0.6681
637.0000	  0.6691
636.5000	  0.6700
636.0000	  0.6703
635.5000	  0.6717
635.0000	  0.6725
634.5000	  0.6739
634.0000	  0.6755
633.5000	  0.6764
633.0000	  0.6773
632.5000	  0.6780
632.0000	  0.6802
631.5000	  0.6814
631.0000	  0.6829
630.5000	  0.6846
630.0000	  0.6858
629.5000	  0.6876
629.0000	  0.6900
628.5000	  0.6928
628.0000	  0.6941
627.5000	  0.6959
627.0000	  0.6974
626.5000	  0.6993
626.0000	  0.7024
625.5000	  0.7041
625.0000	  0.7052
624.5000	  0.7078
624.0000	  0.7096
623.5000	  0.7110
623.0000	  0.7131
622.5000	  0.7145
622.0000	  0.7164
621.5000	  0.7175
621.0000	  0.7200
620.5000	  0.7206
620.0000	  0.7225
619.5000	  0.7238
619.0000	  0.7251
618.5000	  0.7257
618.0000	  0.7261
617.5000	  0.7274
617.0000	  0.7290
616.5000	  0.7297
616.0000	  0.7297
615.5000	  0.7319
615.0000	  0.7329
614.5000	  0.7335
614.0000	  0.7355
613.5000	  0.7363
613.0000	  0.7371
612.5000	  0.7398
612.0000	  0.7395
611.5000	  0.7418
611.0000	  0.7417
610.5000	  0.7431
610.0000	  0.7443
609.5000	  0.7464
609.0000	  0.7475
608.5000	  0.7477
608.0000	  0.7497
607.5000	  0.7514
607.0000	  0.7518
606.5000	  0.7532
606.0000	  0.7546
605.5000	  0.7562
605.0000	  0.7578
604.5000	  0.7575
604.0000	  0.7584
603.5000	  0.7602
603.0000	  0.7625
602.5000	  0.7641
602.0000	  0.7646
601.5000	  0.7660
601.0000	  0.7678
600.5000	  0.7674
600.0000	  0.7696
599.5000	  0.7715
599.0000	  0.7729
598.5000	  0.7743
598.0000	  0.7746
597.5000	  0.7759
597.0000	  0.7781
596.5000	  0.7782
596.0000	  0.7807
595.5000	  0.7821
595.0000	  0.7827
594.5000	  0.7843
594.0000	  0.7853
593.5000	  0.7871
593.0000	  0.7878
592.5000	  0.7883
592.0000	  0.7896
591.5000	  0.7921
591.0000	  0.7923
590.5000	  0.7940
590.0000	  0.7958
589.5000	  0.7955
589.0000	  0.7979
588.5000	  0.7995
588.0000	  0.8007
587.5000	  0.8014
587.0000	  0.8029
586.5000	  0.8045
586.0000	  0.8063
585.5000	  0.8061
585.0000	  0.8079
584.5000	  0.8096
584.0000	  0.8105
583.5000	  0.8117
583.0000	  0.8126
582.5000	  0.8142
582.0000	  0.8161
581.5000	  0.8168
581.0000	  0.8171
580.5000	  0.8202
580.0000	  0.8210
579.5000	  0.8211
579.0000	  0.8223
578.5000	  0.8235
578.0000	  0.8261
577.5000	  0.8270
577.0000	  0.8271
576.5000	  0.8281
576.0000	  0.8318
575.5000	  0.8309
575.0000	  0.8319
574.5000	  0.8337
574.0000	  0.8341
573.5000	  0.8373
573.0000	  0.8364
572.5000	  0.8380
572.0000	  0.8405
571.5000	  0.8433
571.0000	  0.8411
570.5000	  0.8433
570.0000	  0.8459
569.5000	  0.8472
569.0000	  0.8469
568.5000	  0.8480
568.0000	  0.8497
567.5000	  0.8517
567.0000	  0.8526
566.5000	  0.8530
566.0000	  0.8552
565.5000	  0.8564
565.0000	  0.8564
564.5000	  0.8590
564.0000	  0.8606
563.5000	  0.8605
563.0000	  0.8602
562.5000	  0.8631
562.0000	  0.8644
561.5000	  0.8656
561.0000	  0.8664
560.5000	  0.8670
560.0000	  0.8673
559.5000	  0.8681
559.0000	  0.8695
558.5000	  0.8714
558.0000	  0.8712
557.5000	  0.8731
557.0000	  0.8740
556.5000	  0.8744
556.0000	  0.8761
555.5000	  0.8772
555.0000	  0.8782
554.5000	  0.8789
554.0000	  0.8806
553.5000	  0.8806
553.0000	  0.8828
552.5000	  0.8847
552.0000	  0.8850
551.5000	  0.8861
551.0000	  0.8868
550.5000	  0.8885
550.0000	  0.8891
549.5000	  0.8906
549.0000	  0.8906
548.5000	  0.8927
548.0000	  0.8929
547.5000	  0.8948
547.0000	  0.8950
546.5000	  0.8970
546.0000	  0.8979
545.5000	  0.8985
545.0000	  0.8992
544.5000	  0.9013
544.0000	  0.9019
543.5000	  0.9016
543.0000	  0.9036
542.5000	  0.9050
542.0000	  0.9069
541.5000	  0.9065
541.0000	  0.9070
540.5000	  0.9097
540.0000	  0.9094
539.5000	  0.9094
539.0000	  0.9112
538.5000	  0.9136
538.0000	  0.9127
537.5000	  0.9133
537.0000	  0.9151
536.5000	  0.9165
536.0000	  0.9163
535.5000	  0.9171
535.0000	  0.9185
534.5000	  0.9198
534.0000	  0.9194
533.5000	  0.9210
533.0000	  0.9225
532.5000	  0.9224
532.0000	  0.9231
531.5000	  0.9237
531.0000	  0.9243
530.5000	  0.9264
530.0000	  0.9260
529.5000	  0.9280
529.0000	  0.9285
528.5000	  0.9299
528.0000	  0.9299
527.5000	  0.9306
527.0000	  0.9318
526.5000	  0.9336
526.0000	  0.9328
525.5000	  0.9346
525.0000	  0.9353
524.5000	  0.9357
524.0000	  0.9365
523.5000	  0.9372
523.0000	  0.9372
522.5000	  0.9380
522.0000	  0.9403
521.5000	  0.9408
521.0000	  0.9410
520.5000	  0.9412
520.0000	  0.9418
519.5000	  0.9434
519.0000	  0.9426
518.5000	  0.9434
518.0000	  0.9439
517.5000	  0.9449
517.0000	  0.9454
516.5000	  0.9453
516.0000	  0.9466
515.5000	  0.9479
515.0000	  0.9475
514.5000	  0.9480
514.0000	  0.9493
513.5000	  0.9497
513.0000	  0.9491
512.5000	  0.9510
512.0000	  0.9521
511.5000	  0.9528
511.0000	  0.9529
510.5000	  0.9537
510.0000	  0.9530
509.5000	  0.9554
509.0000	  0.9562
508.5000	  0.9565
508.0000	  0.9586
507.5000	  0.9595
507.0000	  0.9587
506.5000	  0.9606
506.0000	  0.9620
505.5000	  0.9643
505.0000	  0.9647
504.5000	  0.9646
504.0000	  0.9663
503.5000	  0.9689
503.0000	  0.9679
502.5000	  0.9705
502.0000	  0.9720
501.5000	  0.9726
501.0000	  0.9734
500.5000	  0.9742
500.0000	  0.9756
499.5000	  0.9767
499.0000	  0.9768
498.5000	  0.9783
498.0000	  0.9788
497.5000	  0.9801
497.0000	  0.9801
496.5000	  0.9810
496.0000	  0.9822
495.5000	  0.9825
495.0000	  0.9827
494.5000	  0.9841
494.0000	  0.9844
493.5000	  0.9856
493.0000	  0.9853
492.5000	  0.9856
492.0000	  0.9862
491.5000	  0.9853
491.0000	  0.9863
490.5000	  0.9863
490.0000	  0.9876
489.5000	  0.9871
489.0000	  0.9857
488.5000	  0.9882
488.0000	  0.9862
487.5000	  0.9882
487.0000	  0.9861
486.5000	  0.9867
486.0000	  0.9867
485.5000	  0.9873
485.0000	  0.9878
484.5000	  0.9874
484.0000	  0.9884
483.5000	  0.9875
483.0000	  0.9882
482.5000	  0.9878
482.0000	  0.9892
481.5000	  0.9886
481.0000	  0.9889
480.5000	  0.9895
480.0000	  0.9895
479.5000	  0.9899
479.0000	  0.9897
478.5000	  0.9897
478.0000	  0.9898
477.5000	  0.9908
477.0000	  0.9903
476.5000	  0.9898
476.0000	  0.9917
475.5000	  0.9900
475.0000	  0.9916
474.5000	  0.9911
474.0000	  0.9937
473.5000	  0.9929
473.0000	  0.9935
472.5000	  0.9943
472.0000	  0.9936
471.5000	  0.9948
471.0000	  0.9951
470.5000	  0.9962
470.0000	  0.9956
469.5000	  0.9976
469.0000	  0.9967
468.5000	  0.9980
468.0000	  0.9988
467.5000	  0.9990
467.0000	  0.9991
466.5000	  1.0009
466.0000	  1.0010
465.5000	  1.0036
465.0000	  1.0044
464.5000	  1.0055
464.0000	  1.0052
463.5000	  1.0074
463.0000	  1.0066
462.5000	  1.0080
462.0000	  1.0095
461.5000	  1.0107
461.0000	  1.0117
460.5000	  1.0097
460.0000	  1.0158
459.5000	  1.0128
459.0000	  1.0172
458.5000	  1.0158
458.0000	  1.0150
457.5000	  1.0163
457.0000	  1.0164
456.5000	  1.0163
456.0000	  1.0166
455.5000	  1.0179
455.0000	  1.0171
454.5000	  1.0141
454.0000	  1.0157
453.5000	  1.0121
453.0000	  1.0135
452.5000	  1.0120
452.0000	  1.0107
451.5000	  1.0089
451.0000	  1.0079
450.5000	  1.0071
450.0000	  1.0045
449.5000	  1.0024
449.0000	  1.0016
448.5000	  0.9971
448.0000	  0.9959
447.5000	  0.9935
447.0000	  0.9929
446.5000	  0.9911
446.0000	  0.9888
445.5000	  0.9881
445.0000	  0.9884
444.5000	  0.9849
444.0000	  0.9839
443.5000	  0.9819
443.0000	  0.9840
442.5000	  0.9799
442.0000	  0.9799
441.5000	  0.9812
441.0000	  0.9803
440.5000	  0.9779
440.0000	  0.9772
439.5000	  0.9784
439.0000	  0.9794
438.5000	  0.9753
438.0000	  0.9756
437.5000	  0.9766
437.0000	  0.9759
436.5000	  0.9755
436.0000	  0.9754
435.5000	  0.9747
435.0000	  0.9747
434.5000	  0.9728
434.0000	  0.9734
433.5000	  0.9745
433.0000	  0.9751
432.5000	  0.9730
432.0000	  0.9745
431.5000	  0.9728
431.0000	  0.9743
430.5000	  0.9730
430.0000	  0.9713
429.5000	  0.9730
429.0000	  0.9749
428.5000	  0.9741
428.0000	  0.9738
427.5000	  0.9737
427.0000	  0.9742
426.5000	  0.9747
426.0000	  0.9726
425.5000	  0.9733
425.0000	  0.9748
424.5000	  0.9756
424.0000	  0.9733
423.5000	  0.9754
423.0000	  0.9759
422.5000	  0.9761
422.0000	  0.9749
421.5000	  0.9761
421.0000	  0.9777
420.5000	  0.9762
420.0000	  0.9754
419.5000	  0.9762
419.0000	  0.9766
418.5000	  0.9758
418.0000	  0.9738
417.5000	  0.9780
417.0000	  0.9767
416.5000	  0.9760
416.0000	  0.9763
415.5000	  0.9760
415.0000	  0.9785
414.5000	  0.9771
414.0000	  0.9748
413.5000	  0.9754
413.0000	  0.9787
412.5000	  0.9786
412.0000	  0.9762
411.5000	  0.9756
411.0000	  0.9772
410.5000	  0.9776
410.0000	  0.9771
409.5000	  0.9772
409.0000	  0.9776
408.5000	  0.9773
408.0000	  0.9782
407.5000	  0.9791
407.0000	  0.9766
406.5000	  0.9787
406.0000	  0.9775
405.5000	  0.9778
405.0000	  0.9777
404.5000	  0.9776
404.0000	  0.9770
403.5000	  0.9767
403.0000	  0.9772
402.5000	  0.9780
402.0000	  0.9779
401.5000	  0.9775
401.0000	  0.9788
400.5000	  0.9782
400.0000	  0.9799
399.5000	  0.9796
399.0000	  0.9799
398.5000	  0.9792
398.0000	  0.9810
397.5000	  0.9776
397.0000	  0.9806
396.5000	  0.9793
396.0000	  0.9817
395.5000	  0.9815
395.0000	  0.9807
394.5000	  0.9830
394.0000	  0.9834
393.5000	  0.9812
393.0000	  0.9798
392.5000	  0.9816
392.0000	  0.9827
391.5000	  0.9827
391.0000	  0.9848
390.5000	  0.9827
390.0000	  0.9839
389.5000	  0.9859
389.0000	  0.9860
388.5000	  0.9878
388.0000	  0.9893
387.5000	  0.9859
387.0000	  0.9879
386.5000	  0.9920
386.0000	  0.9898
385.5000	  0.9896
385.0000	  0.9889
384.5000	  0.9926
384.0000	  0.9921
383.5000	  0.9930
383.0000	  0.9938
382.5000	  0.9946
382.0000	  0.9938
381.5000	  0.9951
381.0000	  0.9963
380.5000	  0.9951
380.0000	  0.9973
379.5000	  0.9993
379.0000	  0.9953
378.5000	  0.9976
378.0000	  0.9971
377.5000	  0.9984
377.0000	  1.0005
376.5000	  1.0012
376.0000	  1.0015
375.5000	  1.0018
375.0000	  1.0044
374.5000	  1.0005
374.0000	  1.0051
373.5000	  1.0027
373.0000	  0.9999
372.5000	  1.0049
372.0000	  1.0026
371.5000	  1.0031
371.0000	  1.0026
370.5000	  1.0033
370.0000	  1.0072
369.5000	  1.0053
369.0000	  1.0050
368.5000	  1.0067
368.0000	  1.0077
367.5000	  1.0096
367.0000	  1.0080
366.5000	  1.0104
366.0000	  1.0116
365.5000	  1.0125
365.0000	  1.0066
364.5000	  1.0089
364.0000	  1.0120
363.5000	  1.0128
363.0000	  1.0124
362.5000	  1.0120
362.0000	  1.0122
361.5000	  1.0138
361.0000	  1.0165
360.5000	  1.0129
360.0000	  1.0193
359.5000	  1.0162
359.0000	  1.0180
358.5000	  1.0225
358.0000	  1.0205
357.5000	  1.0172
357.0000	  1.0199
356.5000	  1.0199
356.0000	  1.0211
355.5000	  1.0221
355.0000	  1.0248
354.5000	  1.0167
354.0000	  1.0212
353.5000	  1.0205
353.0000	  1.0249
352.5000	  1.0263
352.0000	  1.0257
351.5000	  1.0314
351.0000	  1.0287
350.5000	  1.0302
350.0000	  1.0309
349.5000	  1.0255
349.0000	  1.0325
348.5000	  1.0288
348.0000	  1.0361
347.5000	  1.0386
347.0000	  1.0356
346.5000	  1.0322
346.0000	  1.0327
345.5000	  1.0355
345.0000	  1.0343
344.5000	  1.0413
344.0000	  1.0376
343.5000	  1.0439
343.0000	  1.0402
342.5000	  1.0388
342.0000	  1.0393
341.5000	  1.0413
341.0000	  1.0396
340.5000	  1.0418
340.0000	  1.0423
339.5000	  1.0328
339.0000	  1.0425
338.5000	  1.0428
338.0000	  1.0400
337.5000	  1.0411
337.0000	  1.0472
336.5000	  1.0457
336.0000	  1.0391
335.5000	  1.0391
335.0000	  1.0444
334.5000	  1.0434
334.0000	  1.0435
333.5000	  1.0489
333.0000	  1.0504
332.5000	  1.0502
332.0000	  1.0546
331.5000	  1.0520
331.0000	  1.0467
330.5000	  1.0504
330.0000	  1.0470
329.5000	  1.0444
329.0000	  1.0504
328.5000	  1.0513
328.0000	  1.0567
327.5000	  1.0586
327.0000	  1.0562
326.5000	  1.0624
326.0000	  1.0577
325.5000	  1.0525
325.0000	  1.0615
324.5000	  1.0611
324.0000	  1.0553
323.5000	  1.0563
323.0000	  1.0667
322.5000	  1.0651
322.0000	  1.0664
321.5000	  1.0719
321.0000	  1.0627
320.5000	  1.0547
320.0000	  1.0660
319.5000	  1.0648
319.0000	  1.0723
318.5000	  1.0695
318.0000	  1.0730
317.5000	  1.0734
317.0000	  1.0748
316.5000	  1.0723
316.0000	  1.0821
315.5000	  1.0721
315.0000	  1.0729
314.5000	  1.0780
314.0000	  1.0747
313.5000	  1.0832
313.0000	  1.0749
312.5000	  1.0809
312.0000	  1.0901
311.5000	  1.0852
311.0000	  1.0726
310.5000	  1.0808
310.0000	  1.0747
309.5000	  1.0876
309.0000	  1.0872
308.5000	  1.0870
308.0000	  1.0754
307.5000	  1.0849
307.0000	  1.0902
306.5000	  1.0779
306.0000	  1.0826
305.5000	  1.0767
305.0000	  1.0666
304.5000	  1.0765
304.0000	  1.0931
303.5000	  1.0824
303.0000	  1.1007
302.5000	  1.0849
302.0000	  1.0829
301.5000	  1.0705
301.0000	  1.0939
300.5000	  1.0809
300.0000	  1.0788
299.5000	  1.0741
299.0000	  1.0728
298.5000	  1.0726
298.0000	  1.1138
297.5000	  1.1080
297.0000	  1.0845
296.5000	  1.0926
296.0000	  1.0951
295.5000	  1.0494
295.0000	  1.0702
294.5000	  1.0708
294.0000	  1.0655
293.5000	  1.0533
293.0000	  1.0410
292.5000	  1.0431
292.0000	  1.0191
291.5000	  1.1386
291.0000	  0.9699
290.5000	  0.9744
290.0000	  1.0249
289.5000	  1.4069
289.0000	  1.1521
288.5000	  0.7566
288.0000	  1.0424
287.5000	  0.9461
287.0000	  0.9876
286.5000	  0.9502
286.0000	  1.1257
285.5000	  1.3046
285.0000	  3.2859
284.5000	  4.4490
284.0000	  1.1795
283.5000	 -0.0248
283.0000	-13.6873
282.5000	 -0.4559
282.0000	 -3.3607
281.5000	  2.9154
281.0000	  2.2538
280.5000	  0.8590
280.0000	  8.4240
279.5000	  0.8451
279.0000	  0.4958
278.5000	  0.2305
278.0000	  0.2803
277.5000	  1.3068
277.0000	  6.9279
276.5000	 -0.2393
276.0000	 15.4892
275.5000	 -2.3862
275.0000	  1.3231
274.5000	  1.3091
274.0000	 -1.1797
273.5000	  1.6886
273.0000	  0.3735
272.5000	  1.3756
272.0000	-31.3787
271.5000	  1.4151
271.0000	 -1.8745
270.5000	  1.7441
270.0000	  1.1514
269.5000	  0.0948
269.0000	 -3.5653
268.5000	 -1.0912
268.0000	  0.1802
267.5000	  1.9565
267.0000	  0.8682
266.5000	 -1.9850
266.0000	  0.0400
265.5000	  1.2231
265.0000	 -0.5055
264.5000	  1.2398
264.0000	  7.3668
263.5000	 -2.9765
263.0000	  1.7375
262.5000	 -0.2074
262.0000	  1.6207
261.5000	  0.2037
261.0000	  0.4061
260.5000	 -2.4585
260.0000	 -2.7571
259.5000	 56.6826
259.0000	 -2.6134
258.5000	  6.7283
258.0000	 -0.8642
257.5000	  5.2708
257.0000	  1.7631
256.5000	  0.6962
256.0000	 -1.9127
255.5000	  2.3663
255.0000	  0.8229
254.5000	  5.0232
254.0000	 -0.7068
253.5000	  4.1633
253.0000	  0.6268
252.5000	 -4.6358
252.0000	  2.3526
251.5000	 -1.6705
251.0000	  2.9269
250.5000	 -4.5368
250.0000	 -1.3652
