04/01/2002 23.06.48
04/01/2002 23.15.15

900.0000	 96.2100

900.0000	 96.2100

900.0000	103.8700



  1.0000
900.0000
  3.0000
340.0000
  1.0000
1301.0000
  5.0000
  6.0000
  1.0000
  1.0000
  0.0000
  0.0000
100.0000
  0.0000
  1.0000
  0.0000
500.0000
900.0000
250.0000
  4.0000
  1.0000
 18.0000
  2.0000
  1.0000
255.0000
  0.7934
  1.0000
 30.0000
  4.0000
500.0000
  0.0000
  0.0000
  4.0000
900.0000
250.0000
  0.0000
100.0000
  0.0000
  1.0000
  0.0000
500.0000
  1.0000
  1.0000
  1.0000
  1.0000
  4.0000
  0.0000
  1.0000
  1.0000
  1.0000
  1.0000
  1.0000
  2.0000
  1.0000
  1.0000
  1.0000
  3.0000
  1.0000
  1.0000
  1.0000
  4.0000
  5.0000
507.239
0.000
900.0000	  0.9947
899.5000	  0.9899
899.0000	  0.9937
898.5000	  0.9096
898.0000	  0.9570
897.5000	  0.9872
897.0000	  0.9595
896.5000	  0.9684
896.0000	  0.9681
895.5000	  0.9442
895.0000	  0.9866
894.5000	  0.9614
894.0000	  0.9955
893.5000	  1.0015
893.0000	  1.0072
892.5000	  0.9780
892.0000	  1.0055
891.5000	  0.9870
891.0000	  0.9961
890.5000	  0.9934
890.0000	  1.0044
889.5000	  0.9825
889.0000	  1.0001
888.5000	  1.0214
888.0000	  0.9907
887.5000	  1.0020
887.0000	  1.0148
886.5000	  1.0282
886.0000	  1.0063
885.5000	  0.9914
885.0000	  0.9839
884.5000	  1.0033
884.0000	  1.0393
883.5000	  1.0199
883.0000	  1.0176
882.5000	  1.0151
882.0000	  1.0022
881.5000	  1.0265
881.0000	  1.0207
880.5000	  1.0002
880.0000	  1.0362
879.5000	  1.0263
879.0000	  1.0243
878.5000	  1.0350
878.0000	  1.0184
877.5000	  1.0270
877.0000	  1.0246
876.5000	  1.0362
876.0000	  1.0179
875.5000	  1.0345
875.0000	  1.0283
874.5000	  1.0253
874.0000	  1.0226
873.5000	  1.0301
873.0000	  1.0242
872.5000	  1.0363
872.0000	  1.0343
871.5000	  1.0234
871.0000	  1.0285
870.5000	  1.0343
870.0000	  1.0304
869.5000	  1.0313
869.0000	  1.0352
868.5000	  1.0411
868.0000	  1.0382
867.5000	  1.0278
867.0000	  1.0378
866.5000	  1.0285
866.0000	  1.0386
865.5000	  1.0284
865.0000	  1.0411
864.5000	  1.0389
864.0000	  1.0363
863.5000	  1.0388
863.0000	  1.0356
862.5000	  1.0420
862.0000	  1.0460
861.5000	  1.0386
861.0000	  1.0449
860.5000	  1.0390
860.0000	  1.0438
859.5000	  1.0490
859.0000	  1.0420
858.5000	  1.0457
858.0000	  1.0482
857.5000	  1.0487
857.0000	  1.0501
856.5000	  1.0467
856.0000	  1.0433
855.5000	  1.0511
855.0000	  1.0448
854.5000	  1.0465
854.0000	  1.0526
853.5000	  1.0491
853.0000	  1.0508
852.5000	  1.0544
852.0000	  1.0514
851.5000	  1.0497
851.0000	  1.0500
850.5000	  1.0536
850.0000	  1.0571
849.5000	  1.0505
849.0000	  1.0513
848.5000	  1.0507
848.0000	  1.0548
847.5000	  1.0583
847.0000	  1.0571
846.5000	  1.0522
846.0000	  1.0519
845.5000	  1.0544
845.0000	  1.0595
844.5000	  1.0588
844.0000	  1.0586
843.5000	  1.0549
843.0000	  1.0542
842.5000	  1.0561
842.0000	  1.0548
841.5000	  1.0536
841.0000	  1.0536
840.5000	  1.0525
840.0000	  1.0539
839.5000	  1.0538
839.0000	  1.0580
838.5000	  1.0567
838.0000	  1.0552
837.5000	  1.0559
837.0000	  1.0533
836.5000	  1.0536
836.0000	  1.0524
835.5000	  1.0527
835.0000	  1.0542
834.5000	  1.0532
834.0000	  1.0521
833.5000	  1.0521
833.0000	  1.0503
832.5000	  1.0529
832.0000	  1.0521
831.5000	  1.0523
831.0000	  1.0514
830.5000	  1.0515
830.0000	  1.0511
829.5000	  1.0512
829.0000	  1.0524
828.5000	  1.0501
828.0000	  1.0501
827.5000	  1.0518
827.0000	  1.0516
826.5000	  1.0504
826.0000	  1.0513
825.5000	  1.0494
825.0000	  1.0497
824.5000	  1.0482
824.0000	  1.0492
823.5000	  1.0517
823.0000	  1.0506
822.5000	  1.0470
822.0000	  1.0477
821.5000	  1.0494
821.0000	  1.0480
820.5000	  1.0461
820.0000	  1.0482
819.5000	  1.0514
819.0000	  1.0502
818.5000	  1.0492
818.0000	  1.0463
817.5000	  1.0486
817.0000	  1.0486
816.5000	  1.0495
816.0000	  1.0476
815.5000	  1.0485
815.0000	  1.0493
814.5000	  1.0459
814.0000	  1.0469
813.5000	  1.0492
813.0000	  1.0469
812.5000	  1.0477
812.0000	  1.0494
811.5000	  1.0464
811.0000	  1.0509
810.5000	  1.0499
810.0000	  1.0488
809.5000	  1.0507
809.0000	  1.0499
808.5000	  1.0468
808.0000	  1.0490
807.5000	  1.0487
807.0000	  1.0503
806.5000	  1.0485
806.0000	  1.0480
805.5000	  1.0490
805.0000	  1.0514
804.5000	  1.0466
804.0000	  1.0473
803.5000	  1.0490
803.0000	  1.0508
802.5000	  1.0510
802.0000	  1.0485
801.5000	  1.0492
801.0000	  1.0498
800.5000	  1.0493
800.0000	  1.0495
799.5000	  1.0500
799.0000	  1.0515
798.5000	  1.0497
798.0000	  1.0525
797.5000	  1.0513
797.0000	  1.0520
796.5000	  1.0502
796.0000	  1.0505
795.5000	  1.0508
795.0000	  1.0505
794.5000	  1.0506
794.0000	  1.0517
793.5000	  1.0534
793.0000	  1.0515
792.5000	  1.0508
792.0000	  1.0528
791.5000	  1.0520
791.0000	  1.0511
790.5000	  1.0533
790.0000	  1.0514
789.5000	  1.0518
789.0000	  1.0533
788.5000	  1.0503
788.0000	  1.0514
787.5000	  1.0537
787.0000	  1.0533
786.5000	  1.0521
786.0000	  1.0545
785.5000	  1.0541
785.0000	  1.0545
784.5000	  1.0524
784.0000	  1.0530
783.5000	  1.0549
783.0000	  1.0553
782.5000	  1.0539
782.0000	  1.0533
781.5000	  1.0553
781.0000	  1.0547
780.5000	  1.0538
780.0000	  1.0527
779.5000	  1.0549
779.0000	  1.0544
778.5000	  1.0540
778.0000	  1.0548
777.5000	  1.0558
777.0000	  1.0527
776.5000	  1.0545
776.0000	  1.0535
775.5000	  1.0539
775.0000	  1.0571
774.5000	  1.0552
774.0000	  1.0547
773.5000	  1.0585
773.0000	  1.0549
772.5000	  1.0566
772.0000	  1.0561
771.5000	  1.0561
771.0000	  1.0569
770.5000	  1.0560
770.0000	  1.0563
769.5000	  1.0584
769.0000	  1.0564
768.5000	  1.0587
768.0000	  1.0571
767.5000	  1.0568
767.0000	  1.0584
766.5000	  1.0574
766.0000	  1.0555
765.5000	  1.0584
765.0000	  1.0560
764.5000	  1.0582
764.0000	  1.0576
763.5000	  1.0567
763.0000	  1.0589
762.5000	  1.0562
762.0000	  1.0585
761.5000	  1.0588
761.0000	  1.0572
760.5000	  1.0589
760.0000	  1.0569
759.5000	  1.0588
759.0000	  1.0599
758.5000	  1.0559
758.0000	  1.0588
757.5000	  1.0591
757.0000	  1.0570
756.5000	  1.0596
756.0000	  1.0561
755.5000	  1.0592
755.0000	  1.0592
754.5000	  1.0591
754.0000	  1.0597
753.5000	  1.0580
753.0000	  1.0606
752.5000	  1.0608
752.0000	  1.0589
751.5000	  1.0620
751.0000	  1.0593
750.5000	  1.0615
750.0000	  1.0593
749.5000	  1.0616
749.0000	  1.0616
748.5000	  1.0613
748.0000	  1.0609
747.5000	  1.0632
747.0000	  1.0617
746.5000	  1.0640
746.0000	  1.0618
745.5000	  1.0610
745.0000	  1.0641
744.5000	  1.0612
744.0000	  1.0623
743.5000	  1.0631
743.0000	  1.0621
742.5000	  1.0648
742.0000	  1.0623
741.5000	  1.0630
741.0000	  1.0644
740.5000	  1.0639
740.0000	  1.0652
739.5000	  1.0634
739.0000	  1.0658
738.5000	  1.0674
738.0000	  1.0638
737.5000	  1.0665
737.0000	  1.0653
736.5000	  1.0663
736.0000	  1.0678
735.5000	  1.0675
735.0000	  1.0676
734.5000	  1.0664
734.0000	  1.0692
733.5000	  1.0687
733.0000	  1.0678
732.5000	  1.0728
732.0000	  1.0690
731.5000	  1.0713
731.0000	  1.0733
730.5000	  1.0740
730.0000	  1.0742
729.5000	  1.0743
729.0000	  1.0768
728.5000	  1.0773
728.0000	  1.0792
727.5000	  1.0795
727.0000	  1.0811
726.5000	  1.0842
726.0000	  1.0843
725.5000	  1.0879
725.0000	  1.0882
724.5000	  1.0927
724.0000	  1.0912
723.5000	  1.0952
723.0000	  1.0985
722.5000	  1.1006
722.0000	  1.1049
721.5000	  1.1060
721.0000	  1.1098
720.5000	  1.1140
720.0000	  1.1141
719.5000	  1.1193
719.0000	  1.1206
718.5000	  1.1250
718.0000	  1.1252
717.5000	  1.1278
717.0000	  1.1281
716.5000	  1.1259
716.0000	  1.1243
715.5000	  1.1224
715.0000	  1.1198
714.5000	  1.1116
714.0000	  1.1099
713.5000	  1.1040
713.0000	  1.1006
712.5000	  1.0970
712.0000	  1.0935
711.5000	  1.0922
711.0000	  1.0888
710.5000	  1.0842
710.0000	  1.0814
709.5000	  1.0803
709.0000	  1.0767
708.5000	  1.0753
708.0000	  1.0740
707.5000	  1.0730
707.0000	  1.0728
706.5000	  1.0707
706.0000	  1.0716
705.5000	  1.0712
705.0000	  1.0718
704.5000	  1.0729
704.0000	  1.0715
703.5000	  1.0732
703.0000	  1.0703
702.5000	  1.0718
702.0000	  1.0713
701.5000	  1.0738
701.0000	  1.0730
700.5000	  1.0721
700.0000	  1.0707
699.5000	  1.0718
699.0000	  1.0734
698.5000	  1.0719
698.0000	  1.0730
697.5000	  1.0724
697.0000	  1.0724
696.5000	  1.0705
696.0000	  1.0716
695.5000	  1.0713
695.0000	  1.0700
694.5000	  1.0713
694.0000	  1.0708
693.5000	  1.0726
693.0000	  1.0704
692.5000	  1.0715
692.0000	  1.0698
691.5000	  1.0715
691.0000	  1.0707
690.5000	  1.0720
690.0000	  1.0711
689.5000	  1.0719
689.0000	  1.0706
688.5000	  1.0707
688.0000	  1.0690
687.5000	  1.0716
687.0000	  1.0708
686.5000	  1.0712
686.0000	  1.0711
685.5000	  1.0719
685.0000	  1.0711
684.5000	  1.0707
684.0000	  1.0696
683.5000	  1.0705
683.0000	  1.0721
682.5000	  1.0688
682.0000	  1.0708
681.5000	  1.0710
681.0000	  1.0706
680.5000	  1.0705
680.0000	  1.0718
679.5000	  1.0707
679.0000	  1.0711
678.5000	  1.0705
678.0000	  1.0708
677.5000	  1.0695
677.0000	  1.0696
676.5000	  1.0699
676.0000	  1.0704
675.5000	  1.0709
675.0000	  1.0706
674.5000	  1.0686
674.0000	  1.0706
673.5000	  1.0703
673.0000	  1.0714
672.5000	  1.0701
672.0000	  1.0695
671.5000	  1.0706
671.0000	  1.0703
670.5000	  1.0693
670.0000	  1.0700
669.5000	  1.0709
669.0000	  1.0716
668.5000	  1.0695
668.0000	  1.0702
667.5000	  1.0703
667.0000	  1.0700
666.5000	  1.0688
666.0000	  1.0686
665.5000	  1.0705
665.0000	  1.0697
664.5000	  1.0697
664.0000	  1.0694
663.5000	  1.0696
663.0000	  1.0712
662.5000	  1.0704
662.0000	  1.0687
661.5000	  1.0706
661.0000	  1.0697
660.5000	  1.0689
660.0000	  1.0696
659.5000	  1.0688
659.0000	  1.0679
658.5000	  1.0688
658.0000	  1.0691
657.5000	  1.0692
657.0000	  1.0684
656.5000	  1.0687
656.0000	  1.0696
655.5000	  1.0684
655.0000	  1.0698
654.5000	  1.0678
654.0000	  1.0680
653.5000	  1.0679
653.0000	  1.0678
652.5000	  1.0672
652.0000	  1.0683
651.5000	  1.0685
651.0000	  1.0681
650.5000	  1.0672
650.0000	  1.0679
649.5000	  1.0675
649.0000	  1.0661
648.5000	  1.0666
648.0000	  1.0674
647.5000	  1.0673
647.0000	  1.0660
646.5000	  1.0654
646.0000	  1.0668
645.5000	  1.0652
645.0000	  1.0645
644.5000	  1.0649
644.0000	  1.0642
643.5000	  1.0644
643.0000	  1.0631
642.5000	  1.0634
642.0000	  1.0643
641.5000	  1.0642
641.0000	  1.0630
640.5000	  1.0617
640.0000	  1.0621
639.5000	  1.0610
639.0000	  1.0613
638.5000	  1.0604
638.0000	  1.0613
637.5000	  1.0600
637.0000	  1.0588
636.5000	  1.0596
636.0000	  1.0592
635.5000	  1.0586
635.0000	  1.0576
634.5000	  1.0569
634.0000	  1.0573
633.5000	  1.0564
633.0000	  1.0565
632.5000	  1.0562
632.0000	  1.0573
631.5000	  1.0578
631.0000	  1.0568
630.5000	  1.0592
630.0000	  1.0598
629.5000	  1.0605
629.0000	  1.0609
628.5000	  1.0634
628.0000	  1.0657
627.5000	  1.0670
627.0000	  1.0685
626.5000	  1.0704
626.0000	  1.0733
625.5000	  1.0747
625.0000	  1.0753
624.5000	  1.0783
624.0000	  1.0810
623.5000	  1.0817
623.0000	  1.0842
622.5000	  1.0858
622.0000	  1.0875
621.5000	  1.0903
621.0000	  1.0896
620.5000	  1.0898
620.0000	  1.0920
619.5000	  1.0926
619.0000	  1.0934
618.5000	  1.0942
618.0000	  1.0948
617.5000	  1.0954
617.0000	  1.0930
616.5000	  1.0917
616.0000	  1.0923
615.5000	  1.0936
615.0000	  1.0904
614.5000	  1.0911
614.0000	  1.0919
613.5000	  1.0906
613.0000	  1.0914
612.5000	  1.0910
612.0000	  1.0920
611.5000	  1.0927
611.0000	  1.0914
610.5000	  1.0920
610.0000	  1.0926
609.5000	  1.0929
609.0000	  1.0925
608.5000	  1.0905
608.0000	  1.0927
607.5000	  1.0924
607.0000	  1.0927
606.5000	  1.0938
606.0000	  1.0926
605.5000	  1.0948
605.0000	  1.0929
604.5000	  1.0926
604.0000	  1.0940
603.5000	  1.0938
603.0000	  1.0934
602.5000	  1.0941
602.0000	  1.0949
601.5000	  1.0946
601.0000	  1.0948
600.5000	  1.0945
600.0000	  1.0959
599.5000	  1.0954
599.0000	  1.0940
598.5000	  1.0949
598.0000	  1.0957
597.5000	  1.0964
597.0000	  1.0963
596.5000	  1.0947
596.0000	  1.0973
595.5000	  1.0951
595.0000	  1.0966
594.5000	  1.0970
594.0000	  1.0963
593.5000	  1.0968
593.0000	  1.0987
592.5000	  1.0968
592.0000	  1.0980
591.5000	  1.0979
591.0000	  1.0974
590.5000	  1.0992
590.0000	  1.0987
589.5000	  1.0979
589.0000	  1.0987
588.5000	  1.0992
588.0000	  1.0993
587.5000	  1.0999
587.0000	  1.0999
586.5000	  1.0994
586.0000	  1.0999
585.5000	  1.1004
585.0000	  1.1003
584.5000	  1.1022
584.0000	  1.1004
583.5000	  1.1017
583.0000	  1.1015
582.5000	  1.1007
582.0000	  1.1022
581.5000	  1.1010
581.0000	  1.1013
580.5000	  1.1028
580.0000	  1.1024
579.5000	  1.1031
579.0000	  1.1037
578.5000	  1.1024
578.0000	  1.1038
577.5000	  1.1031
577.0000	  1.1029
576.5000	  1.1039
576.0000	  1.1035
575.5000	  1.1048
575.0000	  1.1044
574.5000	  1.1052
574.0000	  1.1049
573.5000	  1.1034
573.0000	  1.1050
572.5000	  1.1052
572.0000	  1.1047
571.5000	  1.1054
571.0000	  1.1064
570.5000	  1.1063
570.0000	  1.1060
569.5000	  1.1063
569.0000	  1.1047
568.5000	  1.1057
568.0000	  1.1062
567.5000	  1.1067
567.0000	  1.1067
566.5000	  1.1075
566.0000	  1.1080
565.5000	  1.1068
565.0000	  1.1087
564.5000	  1.1088
564.0000	  1.1082
563.5000	  1.1078
563.0000	  1.1085
562.5000	  1.1092
562.0000	  1.1098
561.5000	  1.1095
561.0000	  1.1096
560.5000	  1.1106
560.0000	  1.1078
559.5000	  1.1088
559.0000	  1.1090
558.5000	  1.1094
558.0000	  1.1085
557.5000	  1.1098
557.0000	  1.1099
556.5000	  1.1090
556.0000	  1.1097
555.5000	  1.1101
555.0000	  1.1099
554.5000	  1.1111
554.0000	  1.1108
553.5000	  1.1106
553.0000	  1.1110
552.5000	  1.1124
552.0000	  1.1119
551.5000	  1.1120
551.0000	  1.1119
550.5000	  1.1123
550.0000	  1.1123
549.5000	  1.1126
549.0000	  1.1128
548.5000	  1.1134
548.0000	  1.1130
547.5000	  1.1133
547.0000	  1.1141
546.5000	  1.1138
546.0000	  1.1132
545.5000	  1.1138
545.0000	  1.1147
544.5000	  1.1145
544.0000	  1.1145
543.5000	  1.1146
543.0000	  1.1149
542.5000	  1.1161
542.0000	  1.1151
541.5000	  1.1159
541.0000	  1.1171
540.5000	  1.1153
540.0000	  1.1173
539.5000	  1.1156
539.0000	  1.1181
538.5000	  1.1173
538.0000	  1.1171
537.5000	  1.1170
537.0000	  1.1177
536.5000	  1.1176
536.0000	  1.1179
535.5000	  1.1178
535.0000	  1.1187
534.5000	  1.1178
534.0000	  1.1192
533.5000	  1.1183
533.0000	  1.1185
532.5000	  1.1188
532.0000	  1.1192
531.5000	  1.1195
531.0000	  1.1207
530.5000	  1.1196
530.0000	  1.1194
529.5000	  1.1188
529.0000	  1.1205
528.5000	  1.1197
528.0000	  1.1199
527.5000	  1.1206
527.0000	  1.1208
526.5000	  1.1202
526.0000	  1.1205
525.5000	  1.1204
525.0000	  1.1213
524.5000	  1.1201
524.0000	  1.1213
523.5000	  1.1199
523.0000	  1.1211
522.5000	  1.1208
522.0000	  1.1216
521.5000	  1.1208
521.0000	  1.1201
520.5000	  1.1205
520.0000	  1.1214
519.5000	  1.1211
519.0000	  1.1209
518.5000	  1.1213
518.0000	  1.1214
517.5000	  1.1215
517.0000	  1.1201
516.5000	  1.1227
516.0000	  1.1221
515.5000	  1.1220
515.0000	  1.1220
514.5000	  1.1211
514.0000	  1.1213
513.5000	  1.1206
513.0000	  1.1208
512.5000	  1.1211
512.0000	  1.1227
511.5000	  1.1215
511.0000	  1.1222
510.5000	  1.1230
510.0000	  1.1234
509.5000	  1.1224
509.0000	  1.1241
508.5000	  1.1246
508.0000	  1.1256
507.5000	  1.1254
507.0000	  1.1258
506.5000	  1.1280
506.0000	  1.1287
505.5000	  1.1289
505.0000	  1.1314
504.5000	  1.1328
504.0000	  1.1333
503.5000	  1.1348
503.0000	  1.1362
502.5000	  1.1393
502.0000	  1.1409
501.5000	  1.1410
501.0000	  1.1424
500.5000	  1.1457
500.0000	  1.1462
499.5000	  1.1476
499.0000	  1.1472
498.5000	  1.1502
498.0000	  1.1521
497.5000	  1.1516
497.0000	  1.1535
496.5000	  1.1554
496.0000	  1.1559
495.5000	  1.1563
495.0000	  1.1568
494.5000	  1.1587
494.0000	  1.1594
493.5000	  1.1610
493.0000	  1.1603
492.5000	  1.1618
492.0000	  1.1616
491.5000	  1.1637
491.0000	  1.1642
490.5000	  1.1631
490.0000	  1.1656
489.5000	  1.1658
489.0000	  1.1652
488.5000	  1.1658
488.0000	  1.1667
487.5000	  1.1656
487.0000	  1.1652
486.5000	  1.1672
486.0000	  1.1683
485.5000	  1.1680
485.0000	  1.1683
484.5000	  1.1683
484.0000	  1.1713
483.5000	  1.1705
483.0000	  1.1709
482.5000	  1.1699
482.0000	  1.1729
481.5000	  1.1737
481.0000	  1.1736
480.5000	  1.1733
480.0000	  1.1749
479.5000	  1.1752
479.0000	  1.1769
478.5000	  1.1772
478.0000	  1.1790
477.5000	  1.1807
477.0000	  1.1805
476.5000	  1.1808
476.0000	  1.1832
475.5000	  1.1828
475.0000	  1.1834
474.5000	  1.1845
474.0000	  1.1868
473.5000	  1.1873
473.0000	  1.1905
472.5000	  1.1915
472.0000	  1.1921
471.5000	  1.1933
471.0000	  1.1956
470.5000	  1.1968
470.0000	  1.1979
469.5000	  1.1994
469.0000	  1.1996
468.5000	  1.2011
468.0000	  1.2030
467.5000	  1.2057
467.0000	  1.2077
466.5000	  1.2085
466.0000	  1.2119
465.5000	  1.2118
465.0000	  1.2142
464.5000	  1.2156
464.0000	  1.2174
463.5000	  1.2203
463.0000	  1.2217
462.5000	  1.2233
462.0000	  1.2242
461.5000	  1.2252
461.0000	  1.2292
460.5000	  1.2318
460.0000	  1.2317
459.5000	  1.2351
459.0000	  1.2361
458.5000	  1.2363
458.0000	  1.2379
457.5000	  1.2408
457.0000	  1.2403
456.5000	  1.2393
456.0000	  1.2408
455.5000	  1.2418
455.0000	  1.2393
454.5000	  1.2401
454.0000	  1.2404
453.5000	  1.2395
453.0000	  1.2396
452.5000	  1.2359
452.0000	  1.2347
451.5000	  1.2344
451.0000	  1.2321
450.5000	  1.2287
450.0000	  1.2270
449.5000	  1.2256
449.0000	  1.2230
448.5000	  1.2228
448.0000	  1.2197
447.5000	  1.2198
447.0000	  1.2168
446.5000	  1.2137
446.0000	  1.2139
445.5000	  1.2149
445.0000	  1.2120
444.5000	  1.2107
444.0000	  1.2098
443.5000	  1.2083
443.0000	  1.2089
442.5000	  1.2060
442.0000	  1.2070
441.5000	  1.2092
441.0000	  1.2063
440.5000	  1.2035
440.0000	  1.2058
439.5000	  1.2058
439.0000	  1.2047
438.5000	  1.2021
438.0000	  1.2040
437.5000	  1.2062
437.0000	  1.2048
436.5000	  1.2042
436.0000	  1.2039
435.5000	  1.2037
435.0000	  1.2040
434.5000	  1.2040
434.0000	  1.2050
433.5000	  1.2073
433.0000	  1.2052
432.5000	  1.2044
432.0000	  1.2032
431.5000	  1.2065
431.0000	  1.2057
430.5000	  1.2072
430.0000	  1.2053
429.5000	  1.2095
429.0000	  1.2057
428.5000	  1.2089
428.0000	  1.2084
427.5000	  1.2101
427.0000	  1.2106
426.5000	  1.2087
426.0000	  1.2113
425.5000	  1.2119
425.0000	  1.2135
424.5000	  1.2104
424.0000	  1.2114
423.5000	  1.2153
423.0000	  1.2155
422.5000	  1.2153
422.0000	  1.2174
421.5000	  1.2182
421.0000	  1.2188
420.5000	  1.2178
420.0000	  1.2191
419.5000	  1.2207
419.0000	  1.2185
418.5000	  1.2209
418.0000	  1.2209
417.5000	  1.2218
417.0000	  1.2225
416.5000	  1.2235
416.0000	  1.2232
415.5000	  1.2241
415.0000	  1.2259
414.5000	  1.2241
414.0000	  1.2249
413.5000	  1.2279
413.0000	  1.2285
412.5000	  1.2257
412.0000	  1.2287
411.5000	  1.2293
411.0000	  1.2285
410.5000	  1.2291
410.0000	  1.2303
409.5000	  1.2305
409.0000	  1.2293
408.5000	  1.2307
408.0000	  1.2326
407.5000	  1.2340
407.0000	  1.2345
406.5000	  1.2350
406.0000	  1.2347
405.5000	  1.2368
405.0000	  1.2366
404.5000	  1.2364
404.0000	  1.2379
403.5000	  1.2380
403.0000	  1.2382
402.5000	  1.2394
402.0000	  1.2377
401.5000	  1.2372
401.0000	  1.2386
400.5000	  1.2424
400.0000	  1.2406
399.5000	  1.2415
399.0000	  1.2418
398.5000	  1.2453
398.0000	  1.2448
397.5000	  1.2467
397.0000	  1.2459
396.5000	  1.2454
396.0000	  1.2438
395.5000	  1.2462
395.0000	  1.2471
394.5000	  1.2496
394.0000	  1.2505
393.5000	  1.2497
393.0000	  1.2506
392.5000	  1.2493
392.0000	  1.2537
391.5000	  1.2538
391.0000	  1.2536
390.5000	  1.2583
390.0000	  1.2561
389.5000	  1.2544
389.0000	  1.2581
388.5000	  1.2587
388.0000	  1.2620
387.5000	  1.2636
387.0000	  1.2685
386.5000	  1.2658
386.0000	  1.2665
385.5000	  1.2653
385.0000	  1.2713
384.5000	  1.2709
384.0000	  1.2720
383.5000	  1.2755
383.0000	  1.2798
382.5000	  1.2734
382.0000	  1.2766
381.5000	  1.2803
381.0000	  1.2797
380.5000	  1.2821
380.0000	  1.2791
379.5000	  1.2822
379.0000	  1.2853
378.5000	  1.2857
378.0000	  1.2864
377.5000	  1.2864
377.0000	  1.2898
376.5000	  1.2922
376.0000	  1.2894
375.5000	  1.2898
375.0000	  1.2914
374.5000	  1.2908
374.0000	  1.2923
373.5000	  1.2934
373.0000	  1.2947
372.5000	  1.2978
372.0000	  1.2994
371.5000	  1.2957
371.0000	  1.2964
370.5000	  1.3014
370.0000	  1.2967
369.5000	  1.3005
369.0000	  1.3005
368.5000	  1.3005
368.0000	  1.3026
367.5000	  1.2973
367.0000	  1.3052
366.5000	  1.3076
366.0000	  1.3066
365.5000	  1.3081
365.0000	  1.3120
364.5000	  1.3056
364.0000	  1.3089
363.5000	  1.3117
363.0000	  1.3166
362.5000	  1.3143
362.0000	  1.3139
361.5000	  1.3149
361.0000	  1.3154
360.5000	  1.3175
360.0000	  1.3144
359.5000	  1.3168
359.0000	  1.3182
358.5000	  1.3220
358.0000	  1.3147
357.5000	  1.3195
357.0000	  1.3227
356.5000	  1.3208
356.0000	  1.3229
355.5000	  1.3239
355.0000	  1.3236
354.5000	  1.3285
354.0000	  1.3273
353.5000	  1.3290
353.0000	  1.3284
352.5000	  1.3277
352.0000	  1.3325
351.5000	  1.3330
351.0000	  1.3342
350.5000	  1.3332
350.0000	  1.3401
349.5000	  1.3400
349.0000	  1.3387
348.5000	  1.3370
348.0000	  1.3374
347.5000	  1.3417
347.0000	  1.3411
346.5000	  1.3445
346.0000	  1.3420
345.5000	  1.3480
345.0000	  1.3458
344.5000	  1.3491
344.0000	  1.3497
343.5000	  1.3465
343.0000	  1.3525
342.5000	  1.3489
342.0000	  1.3543
341.5000	  1.3481
341.0000	  1.3525
340.5000	  1.3629
340.0000	  1.3608
339.5000	  1.3628
339.0000	  1.3664
338.5000	  1.3653
338.0000	  1.3759
337.5000	  1.3695
337.0000	  1.3655
336.5000	  1.3678
336.0000	  1.3655
335.5000	  1.3754
335.0000	  1.3711
334.5000	  1.3745
334.0000	  1.3684
333.5000	  1.3703
333.0000	  1.3714
332.5000	  1.3755
332.0000	  1.3797
331.5000	  1.3747
331.0000	  1.3733
330.5000	  1.3662
330.0000	  1.3696
329.5000	  1.3738
329.0000	  1.3692
328.5000	  1.3637
328.0000	  1.3759
327.5000	  1.3752
327.0000	  1.3642
326.5000	  1.3650
326.0000	  1.3580
325.5000	  1.3594
325.0000	  1.3649
324.5000	  1.3555
324.0000	  1.3552
323.5000	  1.3482
323.0000	  1.3579
322.5000	  1.3421
322.0000	  1.3497
321.5000	  1.3318
321.0000	  1.3374
320.5000	  1.3337
320.0000	  1.3249
319.5000	  1.3260
319.0000	  1.3108
318.5000	  1.3115
318.0000	  1.2979
317.5000	  1.2905
317.0000	  1.2871
316.5000	  1.2760
316.0000	  1.2636
315.5000	  1.2573
315.0000	  1.2538
314.5000	  1.2259
314.0000	  1.2236
313.5000	  1.2103
313.0000	  1.2007
312.5000	  1.1808
312.0000	  1.1530
311.5000	  1.1510
311.0000	  1.1319
310.5000	  1.1168
310.0000	  1.0825
309.5000	  1.0746
309.0000	  1.0404
308.5000	  1.0147
308.0000	  0.9982
307.5000	  0.9668
307.0000	  0.9426
306.5000	  0.9038
306.0000	  0.8810
305.5000	  0.8460
305.0000	  0.8175
304.5000	  0.7752
304.0000	  0.7470
303.5000	  0.7115
303.0000	  0.6800
302.5000	  0.6459
302.0000	  0.6044
301.5000	  0.5679
301.0000	  0.5291
300.5000	  0.4914
300.0000	  0.4579
299.5000	  0.4237
299.0000	  0.3892
298.5000	  0.3513
298.0000	  0.3134
297.5000	  0.2914
297.0000	  0.2529
296.5000	  0.2297
296.0000	  0.2030
295.5000	  0.1787
295.0000	  0.1518
294.5000	  0.1346
294.0000	  0.1156
293.5000	  0.1008
293.0000	  0.0840
292.5000	  0.0718
292.0000	  0.0562
291.5000	  0.0487
291.0000	  0.0451
290.5000	  0.0304
290.0000	  0.0242
289.5000	  0.0222
289.0000	  0.0165
288.5000	  0.0120
288.0000	  0.0085
287.5000	  0.0074
287.0000	  0.0088
286.5000	  0.0073
286.0000	  0.0040
285.5000	  0.0058
285.0000	  0.0025
284.5000	  0.0008
284.0000	  0.0021
283.5000	  0.0027
283.0000	  0.0044
282.5000	  0.0010
282.0000	 -0.0005
281.5000	 -0.0007
281.0000	 -0.0003
280.5000	 -0.0050
280.0000	  0.0012
279.5000	 -0.0030
279.0000	 -0.0036
278.5000	  0.0018
278.0000	  0.0030
277.5000	  0.0028
277.0000	  0.0019
276.5000	 -0.0004
276.0000	  0.0041
275.5000	  0.0013
275.0000	  0.0001
274.5000	 -0.0016
274.0000	  0.0003
273.5000	 -0.0032
273.0000	 -0.0006
272.5000	 -0.0016
272.0000	  0.0000
271.5000	  0.0004
271.0000	  0.0047
270.5000	 -0.0008
270.0000	 -0.0035
269.5000	  0.0020
269.0000	  0.0047
268.5000	 -0.0028
268.0000	  0.0025
267.5000	  0.0026
267.0000	 -0.0018
266.5000	  0.0032
266.0000	  0.0051
265.5000	 -0.0032
265.0000	 -0.0032
264.5000	 -0.0034
264.0000	  0.0050
263.5000	  0.0017
263.0000	  0.0030
262.5000	 -0.0018
262.0000	  0.0011
261.5000	 -0.0023
261.0000	  0.0011
260.5000	 -0.0078
260.0000	  0.0014
259.5000	  0.0066
259.0000	  0.0002
258.5000	  0.0052
258.0000	 -0.0013
257.5000	 -0.0028
257.0000	  0.0028
256.5000	 -0.0027
256.0000	  0.0001
255.5000	  0.0065
255.0000	 -0.0017
254.5000	  0.0003
254.0000	  0.0018
253.5000	  0.0056
253.0000	 -0.0005
252.5000	  0.0018
252.0000	 -0.0066
251.5000	  0.0020
251.0000	 -0.0061
250.5000	  0.0020
250.0000	 -0.0081
