09/05/2023 16.48.00
09/05/2023 16.55.20

900.0000	 73.9800

900.0000	 73.9800

900.0000	 69.0000



  1.0000
900.0000
  3.0000
340.0000
  1.0000
1101.0000
  5.0000
  6.0000
  1.0000
  1.0000
  0.0000
  0.0000
100.0000
  0.0000
  1.0000
  0.0000
500.0000
900.0000
350.0000
  4.0000
  1.0000
 18.0000
  2.0000
  1.0000
255.0000
  1.1431
  1.0000
 30.0000
  4.0000
500.0000
  0.0000
  0.0000
  4.0000
900.0000
350.0000
  0.0000
100.0000
  0.0000
  1.0000
  0.0000
500.0000
  1.0000
  1.0000
  1.0000
  1.0000
  4.0000
  0.0000
  1.0000
  1.0000
  1.0000
  1.0000
  1.0000
  2.0000
  1.0000
  1.0000
  1.0000
  3.0000
  1.0000
  1.0000
  1.0000
  4.0000
  5.0000
440.439
0.000
900.0000	  0.7276
899.5000	  0.7953
899.0000	  0.7115
898.5000	  0.7348
898.0000	  0.6840
897.5000	  0.7606
897.0000	  0.7296
896.5000	  0.7267
896.0000	  0.6755
895.5000	  0.7705
895.0000	  0.7262
894.5000	  0.7098
894.0000	  0.7053
893.5000	  0.7035
893.0000	  0.7508
892.5000	  0.7260
892.0000	  0.7030
891.5000	  0.7178
891.0000	  0.7147
890.5000	  0.6993
890.0000	  0.7293
889.5000	  0.7225
889.0000	  0.7398
888.5000	  0.7342
888.0000	  0.7287
887.5000	  0.7238
887.0000	  0.7321
886.5000	  0.6966
886.0000	  0.7288
885.5000	  0.7143
885.0000	  0.7142
884.5000	  0.7063
884.0000	  0.7230
883.5000	  0.7056
883.0000	  0.7418
882.5000	  0.7157
882.0000	  0.7291
881.5000	  0.7124
881.0000	  0.7057
880.5000	  0.7211
880.0000	  0.7149
879.5000	  0.7169
879.0000	  0.7177
878.5000	  0.7162
878.0000	  0.7090
877.5000	  0.7203
877.0000	  0.7250
876.5000	  0.7163
876.0000	  0.7285
875.5000	  0.7280
875.0000	  0.7262
874.5000	  0.7205
874.0000	  0.7192
873.5000	  0.7208
873.0000	  0.7246
872.5000	  0.7187
872.0000	  0.7231
871.5000	  0.7254
871.0000	  0.7199
870.5000	  0.7226
870.0000	  0.7288
869.5000	  0.7224
869.0000	  0.7298
868.5000	  0.7211
868.0000	  0.7287
867.5000	  0.7227
867.0000	  0.7270
866.5000	  0.7282
866.0000	  0.7235
865.5000	  0.7276
865.0000	  0.7227
864.5000	  0.7232
864.0000	  0.7371
863.5000	  0.7292
863.0000	  0.7283
862.5000	  0.7262
862.0000	  0.7262
861.5000	  0.7262
861.0000	  0.7270
860.5000	  0.7301
860.0000	  0.7316
859.5000	  0.7287
859.0000	  0.7333
858.5000	  0.7323
858.0000	  0.7306
857.5000	  0.7330
857.0000	  0.7301
856.5000	  0.7311
856.0000	  0.7317
855.5000	  0.7324
855.0000	  0.7310
854.5000	  0.7342
854.0000	  0.7351
853.5000	  0.7364
853.0000	  0.7347
852.5000	  0.7351
852.0000	  0.7366
851.5000	  0.7317
851.0000	  0.7345
850.5000	  0.7353
850.0000	  0.7357
849.5000	  0.7369
849.0000	  0.7365
848.5000	  0.7350
848.0000	  0.7371
847.5000	  0.7364
847.0000	  0.7364
846.5000	  0.7353
846.0000	  0.7352
845.5000	  0.7377
845.0000	  0.7392
844.5000	  0.7374
844.0000	  0.7379
843.5000	  0.7393
843.0000	  0.7376
842.5000	  0.7387
842.0000	  0.7376
841.5000	  0.7360
841.0000	  0.7390
840.5000	  0.7376
840.0000	  0.7386
839.5000	  0.7361
839.0000	  0.7374
838.5000	  0.7368
838.0000	  0.7376
837.5000	  0.7380
837.0000	  0.7384
836.5000	  0.7369
836.0000	  0.7352
835.5000	  0.7354
835.0000	  0.7371
834.5000	  0.7346
834.0000	  0.7355
833.5000	  0.7357
833.0000	  0.7347
832.5000	  0.7368
832.0000	  0.7357
831.5000	  0.7358
831.0000	  0.7338
830.5000	  0.7354
830.0000	  0.7345
829.5000	  0.7359
829.0000	  0.7337
828.5000	  0.7352
828.0000	  0.7345
827.5000	  0.7331
827.0000	  0.7344
826.5000	  0.7342
826.0000	  0.7329
825.5000	  0.7329
825.0000	  0.7326
824.5000	  0.7340
824.0000	  0.7327
823.5000	  0.7333
823.0000	  0.7349
822.5000	  0.7341
822.0000	  0.7345
821.5000	  0.7346
821.0000	  0.7334
820.5000	  0.7329
820.0000	  0.7321
819.5000	  0.7328
819.0000	  0.7333
818.5000	  0.7334
818.0000	  0.7332
817.5000	  0.7311
817.0000	  0.7328
816.5000	  0.7329
816.0000	  0.7329
815.5000	  0.7336
815.0000	  0.7335
814.5000	  0.7332
814.0000	  0.7324
813.5000	  0.7326
813.0000	  0.7325
812.5000	  0.7336
812.0000	  0.7335
811.5000	  0.7330
811.0000	  0.7322
810.5000	  0.7331
810.0000	  0.7329
809.5000	  0.7331
809.0000	  0.7336
808.5000	  0.7341
808.0000	  0.7333
807.5000	  0.7339
807.0000	  0.7331
806.5000	  0.7349
806.0000	  0.7323
805.5000	  0.7342
805.0000	  0.7338
804.5000	  0.7342
804.0000	  0.7341
803.5000	  0.7344
803.0000	  0.7332
802.5000	  0.7346
802.0000	  0.7336
801.5000	  0.7345
801.0000	  0.7340
800.5000	  0.7347
800.0000	  0.7346
799.5000	  0.7354
799.0000	  0.7354
798.5000	  0.7348
798.0000	  0.7347
797.5000	  0.7354
797.0000	  0.7335
796.5000	  0.7357
796.0000	  0.7354
795.5000	  0.7352
795.0000	  0.7365
794.5000	  0.7344
794.0000	  0.7356
793.5000	  0.7355
793.0000	  0.7357
792.5000	  0.7359
792.0000	  0.7367
791.5000	  0.7360
791.0000	  0.7357
790.5000	  0.7350
790.0000	  0.7362
789.5000	  0.7362
789.0000	  0.7369
788.5000	  0.7360
788.0000	  0.7352
787.5000	  0.7363
787.0000	  0.7361
786.5000	  0.7366
786.0000	  0.7359
785.5000	  0.7372
785.0000	  0.7372
784.5000	  0.7384
784.0000	  0.7368
783.5000	  0.7367
783.0000	  0.7363
782.5000	  0.7371
782.0000	  0.7361
781.5000	  0.7376
781.0000	  0.7376
780.5000	  0.7374
780.0000	  0.7371
779.5000	  0.7371
779.0000	  0.7378
778.5000	  0.7391
778.0000	  0.7367
777.5000	  0.7382
777.0000	  0.7371
776.5000	  0.7373
776.0000	  0.7385
775.5000	  0.7374
775.0000	  0.7395
774.5000	  0.7369
774.0000	  0.7391
773.5000	  0.7375
773.0000	  0.7390
772.5000	  0.7390
772.0000	  0.7387
771.5000	  0.7373
771.0000	  0.7384
770.5000	  0.7395
770.0000	  0.7384
769.5000	  0.7398
769.0000	  0.7390
768.5000	  0.7398
768.0000	  0.7395
767.5000	  0.7392
767.0000	  0.7393
766.5000	  0.7387
766.0000	  0.7403
765.5000	  0.7399
765.0000	  0.7388
764.5000	  0.7393
764.0000	  0.7397
763.5000	  0.7398
763.0000	  0.7398
762.5000	  0.7396
762.0000	  0.7399
761.5000	  0.7392
761.0000	  0.7414
760.5000	  0.7401
760.0000	  0.7402
759.5000	  0.7403
759.0000	  0.7414
758.5000	  0.7387
758.0000	  0.7403
757.5000	  0.7399
757.0000	  0.7417
756.5000	  0.7400
756.0000	  0.7410
755.5000	  0.7404
755.0000	  0.7411
754.5000	  0.7412
754.0000	  0.7401
753.5000	  0.7410
753.0000	  0.7425
752.5000	  0.7418
752.0000	  0.7420
751.5000	  0.7425
751.0000	  0.7420
750.5000	  0.7424
750.0000	  0.7422
749.5000	  0.7428
749.0000	  0.7427
748.5000	  0.7423
748.0000	  0.7430
747.5000	  0.7436
747.0000	  0.7426
746.5000	  0.7427
746.0000	  0.7420
745.5000	  0.7437
745.0000	  0.7432
744.5000	  0.7427
744.0000	  0.7423
743.5000	  0.7430
743.0000	  0.7439
742.5000	  0.7442
742.0000	  0.7434
741.5000	  0.7451
741.0000	  0.7443
740.5000	  0.7449
740.0000	  0.7439
739.5000	  0.7447
739.0000	  0.7445
738.5000	  0.7451
738.0000	  0.7450
737.5000	  0.7459
737.0000	  0.7449
736.5000	  0.7464
736.0000	  0.7464
735.5000	  0.7468
735.0000	  0.7469
734.5000	  0.7474
734.0000	  0.7470
733.5000	  0.7490
733.0000	  0.7471
732.5000	  0.7490
732.0000	  0.7480
731.5000	  0.7500
731.0000	  0.7495
730.5000	  0.7508
730.0000	  0.7515
729.5000	  0.7523
729.0000	  0.7527
728.5000	  0.7537
728.0000	  0.7542
727.5000	  0.7566
727.0000	  0.7557
726.5000	  0.7560
726.0000	  0.7584
725.5000	  0.7588
725.0000	  0.7613
724.5000	  0.7609
724.0000	  0.7629
723.5000	  0.7646
723.0000	  0.7668
722.5000	  0.7683
722.0000	  0.7724
721.5000	  0.7712
721.0000	  0.7751
720.5000	  0.7781
720.0000	  0.7789
719.5000	  0.7817
719.0000	  0.7823
718.5000	  0.7854
718.0000	  0.7871
717.5000	  0.7861
717.0000	  0.7880
716.5000	  0.7870
716.0000	  0.7831
715.5000	  0.7815
715.0000	  0.7803
714.5000	  0.7798
714.0000	  0.7754
713.5000	  0.7732
713.0000	  0.7697
712.5000	  0.7669
712.0000	  0.7652
711.5000	  0.7641
711.0000	  0.7597
710.5000	  0.7585
710.0000	  0.7557
709.5000	  0.7566
709.0000	  0.7528
708.5000	  0.7526
708.0000	  0.7508
707.5000	  0.7514
707.0000	  0.7493
706.5000	  0.7498
706.0000	  0.7492
705.5000	  0.7507
705.0000	  0.7481
704.5000	  0.7500
704.0000	  0.7504
703.5000	  0.7494
703.0000	  0.7502
702.5000	  0.7503
702.0000	  0.7510
701.5000	  0.7494
701.0000	  0.7493
700.5000	  0.7504
700.0000	  0.7497
699.5000	  0.7499
699.0000	  0.7509
698.5000	  0.7502
698.0000	  0.7495
697.5000	  0.7492
697.0000	  0.7493
696.5000	  0.7491
696.0000	  0.7498
695.5000	  0.7505
695.0000	  0.7500
694.5000	  0.7492
694.0000	  0.7495
693.5000	  0.7491
693.0000	  0.7498
692.5000	  0.7491
692.0000	  0.7491
691.5000	  0.7493
691.0000	  0.7494
690.5000	  0.7495
690.0000	  0.7489
689.5000	  0.7491
689.0000	  0.7492
688.5000	  0.7497
688.0000	  0.7495
687.5000	  0.7492
687.0000	  0.7482
686.5000	  0.7491
686.0000	  0.7491
685.5000	  0.7490
685.0000	  0.7486
684.5000	  0.7490
684.0000	  0.7489
683.5000	  0.7495
683.0000	  0.7491
682.5000	  0.7493
682.0000	  0.7484
681.5000	  0.7494
681.0000	  0.7486
680.5000	  0.7500
680.0000	  0.7486
679.5000	  0.7495
679.0000	  0.7485
678.5000	  0.7498
678.0000	  0.7477
677.5000	  0.7484
677.0000	  0.7495
676.5000	  0.7491
676.0000	  0.7487
675.5000	  0.7491
675.0000	  0.7490
674.5000	  0.7490
674.0000	  0.7490
673.5000	  0.7483
673.0000	  0.7490
672.5000	  0.7488
672.0000	  0.7487
671.5000	  0.7482
671.0000	  0.7485
670.5000	  0.7493
670.0000	  0.7494
669.5000	  0.7479
669.0000	  0.7489
668.5000	  0.7490
668.0000	  0.7494
667.5000	  0.7486
667.0000	  0.7489
666.5000	  0.7489
666.0000	  0.7490
665.5000	  0.7470
665.0000	  0.7486
664.5000	  0.7481
664.0000	  0.7489
663.5000	  0.7484
663.0000	  0.7477
662.5000	  0.7489
662.0000	  0.7480
661.5000	  0.7473
661.0000	  0.7484
660.5000	  0.7490
660.0000	  0.7479
659.5000	  0.7487
659.0000	  0.7479
658.5000	  0.7490
658.0000	  0.7482
657.5000	  0.7490
657.0000	  0.7477
656.5000	  0.7483
656.0000	  0.7479
655.5000	  0.7483
655.0000	  0.7475
654.5000	  0.7475
654.0000	  0.7477
653.5000	  0.7485
653.0000	  0.7472
652.5000	  0.7481
652.0000	  0.7476
651.5000	  0.7475
651.0000	  0.7471
650.5000	  0.7477
650.0000	  0.7469
649.5000	  0.7474
649.0000	  0.7461
648.5000	  0.7469
648.0000	  0.7474
647.5000	  0.7466
647.0000	  0.7459
646.5000	  0.7464
646.0000	  0.7464
645.5000	  0.7459
645.0000	  0.7456
644.5000	  0.7456
644.0000	  0.7453
643.5000	  0.7444
643.0000	  0.7453
642.5000	  0.7444
642.0000	  0.7455
641.5000	  0.7435
641.0000	  0.7441
640.5000	  0.7427
640.0000	  0.7431
639.5000	  0.7433
639.0000	  0.7439
638.5000	  0.7423
638.0000	  0.7423
637.5000	  0.7421
637.0000	  0.7424
636.5000	  0.7416
636.0000	  0.7415
635.5000	  0.7412
635.0000	  0.7406
634.5000	  0.7404
634.0000	  0.7397
633.5000	  0.7405
633.0000	  0.7401
632.5000	  0.7403
632.0000	  0.7403
631.5000	  0.7404
631.0000	  0.7404
630.5000	  0.7415
630.0000	  0.7407
629.5000	  0.7424
629.0000	  0.7428
628.5000	  0.7452
628.0000	  0.7446
627.5000	  0.7460
627.0000	  0.7477
626.5000	  0.7495
626.0000	  0.7498
625.5000	  0.7526
625.0000	  0.7541
624.5000	  0.7544
624.0000	  0.7548
623.5000	  0.7574
623.0000	  0.7587
622.5000	  0.7603
622.0000	  0.7611
621.5000	  0.7617
621.0000	  0.7624
620.5000	  0.7624
620.0000	  0.7647
619.5000	  0.7649
619.0000	  0.7653
618.5000	  0.7659
618.0000	  0.7659
617.5000	  0.7652
617.0000	  0.7653
616.5000	  0.7642
616.0000	  0.7648
615.5000	  0.7635
615.0000	  0.7635
614.5000	  0.7644
614.0000	  0.7640
613.5000	  0.7646
613.0000	  0.7640
612.5000	  0.7636
612.0000	  0.7641
611.5000	  0.7640
611.0000	  0.7635
610.5000	  0.7646
610.0000	  0.7643
609.5000	  0.7645
609.0000	  0.7636
608.5000	  0.7641
608.0000	  0.7641
607.5000	  0.7650
607.0000	  0.7633
606.5000	  0.7646
606.0000	  0.7641
605.5000	  0.7660
605.0000	  0.7638
604.5000	  0.7647
604.0000	  0.7644
603.5000	  0.7656
603.0000	  0.7651
602.5000	  0.7659
602.0000	  0.7662
601.5000	  0.7660
601.0000	  0.7655
600.5000	  0.7658
600.0000	  0.7661
599.5000	  0.7667
599.0000	  0.7664
598.5000	  0.7660
598.0000	  0.7668
597.5000	  0.7665
597.0000	  0.7673
596.5000	  0.7668
596.0000	  0.7669
595.5000	  0.7672
595.0000	  0.7688
594.5000	  0.7670
594.0000	  0.7669
593.5000	  0.7682
593.0000	  0.7685
592.5000	  0.7671
592.0000	  0.7684
591.5000	  0.7689
591.0000	  0.7689
590.5000	  0.7680
590.0000	  0.7692
589.5000	  0.7688
589.0000	  0.7692
588.5000	  0.7693
588.0000	  0.7682
587.5000	  0.7690
587.0000	  0.7683
586.5000	  0.7701
586.0000	  0.7686
585.5000	  0.7699
585.0000	  0.7689
584.5000	  0.7704
584.0000	  0.7698
583.5000	  0.7703
583.0000	  0.7704
582.5000	  0.7702
582.0000	  0.7702
581.5000	  0.7704
581.0000	  0.7706
580.5000	  0.7707
580.0000	  0.7715
579.5000	  0.7706
579.0000	  0.7718
578.5000	  0.7718
578.0000	  0.7717
577.5000	  0.7713
577.0000	  0.7723
576.5000	  0.7718
576.0000	  0.7727
575.5000	  0.7714
575.0000	  0.7726
574.5000	  0.7727
574.0000	  0.7719
573.5000	  0.7714
573.0000	  0.7729
572.5000	  0.7727
572.0000	  0.7736
571.5000	  0.7730
571.0000	  0.7734
570.5000	  0.7733
570.0000	  0.7737
569.5000	  0.7740
569.0000	  0.7734
568.5000	  0.7743
568.0000	  0.7735
567.5000	  0.7753
567.0000	  0.7737
566.5000	  0.7744
566.0000	  0.7746
565.5000	  0.7761
565.0000	  0.7745
564.5000	  0.7755
564.0000	  0.7746
563.5000	  0.7761
563.0000	  0.7749
562.5000	  0.7759
562.0000	  0.7761
561.5000	  0.7765
561.0000	  0.7758
560.5000	  0.7758
560.0000	  0.7768
559.5000	  0.7774
559.0000	  0.7761
558.5000	  0.7769
558.0000	  0.7769
557.5000	  0.7772
557.0000	  0.7766
556.5000	  0.7769
556.0000	  0.7778
555.5000	  0.7775
555.0000	  0.7777
554.5000	  0.7780
554.0000	  0.7782
553.5000	  0.7777
553.0000	  0.7796
552.5000	  0.7781
552.0000	  0.7784
551.5000	  0.7781
551.0000	  0.7793
550.5000	  0.7785
550.0000	  0.7786
549.5000	  0.7798
549.0000	  0.7797
548.5000	  0.7789
548.0000	  0.7797
547.5000	  0.7801
547.0000	  0.7801
546.5000	  0.7805
546.0000	  0.7796
545.5000	  0.7804
545.0000	  0.7802
544.5000	  0.7812
544.0000	  0.7800
543.5000	  0.7809
543.0000	  0.7810
542.5000	  0.7819
542.0000	  0.7805
541.5000	  0.7810
541.0000	  0.7817
540.5000	  0.7823
540.0000	  0.7808
539.5000	  0.7815
539.0000	  0.7824
538.5000	  0.7819
538.0000	  0.7818
537.5000	  0.7820
537.0000	  0.7829
536.5000	  0.7825
536.0000	  0.7838
535.5000	  0.7817
535.0000	  0.7830
534.5000	  0.7825
534.0000	  0.7836
533.5000	  0.7828
533.0000	  0.7831
532.5000	  0.7836
532.0000	  0.7843
531.5000	  0.7831
531.0000	  0.7833
530.5000	  0.7842
530.0000	  0.7842
529.5000	  0.7838
529.0000	  0.7835
528.5000	  0.7843
528.0000	  0.7835
527.5000	  0.7848
527.0000	  0.7839
526.5000	  0.7847
526.0000	  0.7843
525.5000	  0.7850
525.0000	  0.7846
524.5000	  0.7845
524.0000	  0.7842
523.5000	  0.7851
523.0000	  0.7841
522.5000	  0.7851
522.0000	  0.7853
521.5000	  0.7857
521.0000	  0.7847
520.5000	  0.7853
520.0000	  0.7856
519.5000	  0.7853
519.0000	  0.7847
518.5000	  0.7850
518.0000	  0.7853
517.5000	  0.7853
517.0000	  0.7855
516.5000	  0.7849
516.0000	  0.7857
515.5000	  0.7851
515.0000	  0.7862
514.5000	  0.7851
514.0000	  0.7856
513.5000	  0.7847
513.0000	  0.7864
512.5000	  0.7851
512.0000	  0.7858
511.5000	  0.7860
511.0000	  0.7864
510.5000	  0.7850
510.0000	  0.7863
509.5000	  0.7866
509.0000	  0.7878
508.5000	  0.7875
508.0000	  0.7877
507.5000	  0.7883
507.0000	  0.7890
506.5000	  0.7895
506.0000	  0.7903
505.5000	  0.7918
505.0000	  0.7915
504.5000	  0.7927
504.0000	  0.7933
503.5000	  0.7946
503.0000	  0.7954
502.5000	  0.7973
502.0000	  0.7972
501.5000	  0.7992
501.0000	  0.7997
500.5000	  0.8017
500.0000	  0.8014
499.5000	  0.8026
499.0000	  0.8042
498.5000	  0.8056
498.0000	  0.8047
497.5000	  0.8064
497.0000	  0.8063
496.5000	  0.8088
496.0000	  0.8076
495.5000	  0.8103
495.0000	  0.8099
494.5000	  0.8122
494.0000	  0.8107
493.5000	  0.8111
493.0000	  0.8125
492.5000	  0.8144
492.0000	  0.8127
491.5000	  0.8145
491.0000	  0.8145
490.5000	  0.8145
490.0000	  0.8147
489.5000	  0.8151
489.0000	  0.8163
488.5000	  0.8158
488.0000	  0.8148
487.5000	  0.8158
487.0000	  0.8155
486.5000	  0.8157
486.0000	  0.8176
485.5000	  0.8163
485.0000	  0.8166
484.5000	  0.8176
484.0000	  0.8178
483.5000	  0.8180
483.0000	  0.8180
482.5000	  0.8188
482.0000	  0.8204
481.5000	  0.8185
481.0000	  0.8209
480.5000	  0.8221
480.0000	  0.8229
479.5000	  0.8211
479.0000	  0.8228
478.5000	  0.8229
478.0000	  0.8239
477.5000	  0.8245
477.0000	  0.8252
476.5000	  0.8257
476.0000	  0.8259
475.5000	  0.8270
475.0000	  0.8283
474.5000	  0.8289
474.0000	  0.8299
473.5000	  0.8304
473.0000	  0.8303
472.5000	  0.8318
472.0000	  0.8322
471.5000	  0.8343
471.0000	  0.8332
470.5000	  0.8348
470.0000	  0.8365
469.5000	  0.8391
469.0000	  0.8366
468.5000	  0.8386
468.0000	  0.8402
467.5000	  0.8427
467.0000	  0.8422
466.5000	  0.8444
466.0000	  0.8452
465.5000	  0.8463
465.0000	  0.8473
464.5000	  0.8484
464.0000	  0.8498
463.5000	  0.8503
463.0000	  0.8528
462.5000	  0.8540
462.0000	  0.8550
461.5000	  0.8554
461.0000	  0.8588
460.5000	  0.8575
460.0000	  0.8616
459.5000	  0.8611
459.0000	  0.8616
458.5000	  0.8614
458.0000	  0.8632
457.5000	  0.8650
457.0000	  0.8658
456.5000	  0.8652
456.0000	  0.8642
455.5000	  0.8662
455.0000	  0.8664
454.5000	  0.8661
454.0000	  0.8652
453.5000	  0.8640
453.0000	  0.8644
452.5000	  0.8631
452.0000	  0.8621
451.5000	  0.8612
451.0000	  0.8591
450.5000	  0.8582
450.0000	  0.8572
449.5000	  0.8570
449.0000	  0.8555
448.5000	  0.8547
448.0000	  0.8512
447.5000	  0.8516
447.0000	  0.8524
446.5000	  0.8511
446.0000	  0.8496
445.5000	  0.8481
445.0000	  0.8475
444.5000	  0.8465
444.0000	  0.8452
443.5000	  0.8454
443.0000	  0.8459
442.5000	  0.8439
442.0000	  0.8441
441.5000	  0.8433
441.0000	  0.8434
440.5000	  0.8429
440.0000	  0.8432
439.5000	  0.8420
439.0000	  0.8416
438.5000	  0.8425
438.0000	  0.8411
437.5000	  0.8413
437.0000	  0.8430
436.5000	  0.8424
436.0000	  0.8442
435.5000	  0.8410
435.0000	  0.8419
434.5000	  0.8413
434.0000	  0.8417
433.5000	  0.8414
433.0000	  0.8427
432.5000	  0.8414
432.0000	  0.8438
431.5000	  0.8421
431.0000	  0.8425
430.5000	  0.8436
430.0000	  0.8437
429.5000	  0.8438
429.0000	  0.8438
428.5000	  0.8441
428.0000	  0.8451
427.5000	  0.8445
427.0000	  0.8447
426.5000	  0.8450
426.0000	  0.8451
425.5000	  0.8467
425.0000	  0.8454
424.5000	  0.8467
424.0000	  0.8473
423.5000	  0.8479
423.0000	  0.8479
422.5000	  0.8497
422.0000	  0.8484
421.5000	  0.8502
421.0000	  0.8512
420.5000	  0.8502
420.0000	  0.8512
419.5000	  0.8513
419.0000	  0.8520
418.5000	  0.8518
418.0000	  0.8513
417.5000	  0.8525
417.0000	  0.8526
416.5000	  0.8548
416.0000	  0.8534
415.5000	  0.8540
415.0000	  0.8553
414.5000	  0.8552
414.0000	  0.8556
413.5000	  0.8570
413.0000	  0.8568
412.5000	  0.8557
412.0000	  0.8582
411.5000	  0.8580
411.0000	  0.8570
410.5000	  0.8577
410.0000	  0.8592
409.5000	  0.8579
409.0000	  0.8619
408.5000	  0.8602
408.0000	  0.8610
407.5000	  0.8613
407.0000	  0.8627
406.5000	  0.8613
406.0000	  0.8621
405.5000	  0.8599
405.0000	  0.8637
404.5000	  0.8630
404.0000	  0.8628
403.5000	  0.8617
403.0000	  0.8655
402.5000	  0.8623
402.0000	  0.8651
401.5000	  0.8660
401.0000	  0.8651
400.5000	  0.8643
400.0000	  0.8655
399.5000	  0.8674
399.0000	  0.8659
398.5000	  0.8686
398.0000	  0.8661
397.5000	  0.8675
397.0000	  0.8689
396.5000	  0.8704
396.0000	  0.8669
395.5000	  0.8691
395.0000	  0.8696
394.5000	  0.8717
394.0000	  0.8698
393.5000	  0.8724
393.0000	  0.8716
392.5000	  0.8724
392.0000	  0.8720
391.5000	  0.8732
391.0000	  0.8733
390.5000	  0.8772
390.0000	  0.8746
389.5000	  0.8757
389.0000	  0.8778
388.5000	  0.8776
388.0000	  0.8796
387.5000	  0.8807
387.0000	  0.8804
386.5000	  0.8821
386.0000	  0.8828
385.5000	  0.8832
385.0000	  0.8851
384.5000	  0.8865
384.0000	  0.8857
383.5000	  0.8892
383.0000	  0.8889
382.5000	  0.8907
382.0000	  0.8931
381.5000	  0.8916
381.0000	  0.8948
380.5000	  0.8923
380.0000	  0.8955
379.5000	  0.8944
379.0000	  0.8963
378.5000	  0.8936
378.0000	  0.8983
377.5000	  0.8952
377.0000	  0.8984
376.5000	  0.8989
376.0000	  0.9016
375.5000	  0.8988
375.0000	  0.9006
374.5000	  0.9020
374.0000	  0.9021
373.5000	  0.9023
373.0000	  0.9040
372.5000	  0.9069
372.0000	  0.9056
371.5000	  0.9025
371.0000	  0.9040
370.5000	  0.9052
370.0000	  0.9033
369.5000	  0.9044
369.0000	  0.9062
368.5000	  0.9089
368.0000	  0.9078
367.5000	  0.9101
367.0000	  0.9072
366.5000	  0.9098
366.0000	  0.9111
365.5000	  0.9132
365.0000	  0.9108
364.5000	  0.9131
364.0000	  0.9147
363.5000	  0.9138
363.0000	  0.9132
362.5000	  0.9149
362.0000	  0.9153
361.5000	  0.9165
361.0000	  0.9136
360.5000	  0.9200
360.0000	  0.9196
359.5000	  0.9170
359.0000	  0.9200
358.5000	  0.9213
358.0000	  0.9173
357.5000	  0.9215
357.0000	  0.9206
356.5000	  0.9189
356.0000	  0.9251
355.5000	  0.9248
355.0000	  0.9269
354.5000	  0.9247
354.0000	  0.9251
353.5000	  0.9274
353.0000	  0.9292
352.5000	  0.9300
352.0000	  0.9327
351.5000	  0.9289
351.0000	  0.9331
350.5000	  0.9312
350.0000	  0.9332
