09/05/2023 17.44.49
09/05/2023 17.52.09

900.0000	 -1.1000

900.0000	 -1.1000

900.0000	  2.6000



  1.0000
900.0000
  3.0000
340.0000
  1.0000
1101.0000
  5.0000
  6.0000
  1.0000
  1.0000
  0.0000
  0.0000
100.0000
  0.0000
  1.0000
  0.0000
500.0000
900.0000
350.0000
  4.0000
  1.0000
 18.0000
  2.0000
  1.0000
255.0000
  1.1431
  1.0000
 30.0000
  4.0000
500.0000
  0.0000
  0.0000
  4.0000
900.0000
350.0000
  0.0000
100.0000
  0.0000
  1.0000
  0.0000
500.0000
  1.0000
  1.0000
  1.0000
  1.0000
  4.0000
  0.0000
  1.0000
  1.0000
  1.0000
  1.0000
  1.0000
  2.0000
  1.0000
  1.0000
  1.0000
  3.0000
  1.0000
  1.0000
  1.0000
  4.0000
  5.0000
440.517
0.000
900.0000	  0.0211
899.5000	 -0.0034
899.0000	 -0.0086
898.5000	  0.0280
898.0000	  0.0032
897.5000	  0.0066
897.0000	 -0.0103
896.5000	  0.0081
896.0000	 -0.0023
895.5000	  0.0126
895.0000	  0.0040
894.5000	  0.0145
894.0000	  0.0141
893.5000	  0.0116
893.0000	  0.0054
892.5000	  0.0055
892.0000	  0.0042
891.5000	  0.0017
891.0000	  0.0022
890.5000	  0.0004
890.0000	  0.0023
889.5000	 -0.0043
889.0000	  0.0032
888.5000	  0.0021
888.0000	  0.0070
887.5000	  0.0087
887.0000	  0.0020
886.5000	 -0.0015
886.0000	  0.0053
885.5000	  0.0047
885.0000	  0.0026
884.5000	 -0.0029
884.0000	  0.0033
883.5000	  0.0044
883.0000	  0.0043
882.5000	  0.0039
882.0000	  0.0026
881.5000	 -0.0056
881.0000	  0.0048
880.5000	  0.0002
880.0000	  0.0007
879.5000	  0.0055
879.0000	 -0.0004
878.5000	  0.0026
878.0000	  0.0039
877.5000	  0.0046
877.0000	  0.0031
876.5000	  0.0053
876.0000	  0.0024
875.5000	  0.0032
875.0000	 -0.0004
874.5000	  0.0031
874.0000	  0.0022
873.5000	  0.0027
873.0000	  0.0037
872.5000	  0.0035
872.0000	  0.0035
871.5000	  0.0010
871.0000	  0.0022
870.5000	  0.0021
870.0000	  0.0029
869.5000	  0.0025
869.0000	  0.0019
868.5000	  0.0010
868.0000	  0.0027
867.5000	  0.0028
867.0000	  0.0019
866.5000	  0.0022
866.0000	  0.0025
865.5000	  0.0021
865.0000	  0.0025
864.5000	  0.0022
864.0000	  0.0027
863.5000	  0.0024
863.0000	  0.0021
862.5000	  0.0022
862.0000	  0.0018
861.5000	  0.0031
861.0000	  0.0021
860.5000	  0.0023
860.0000	  0.0023
859.5000	  0.0023
859.0000	  0.0022
858.5000	  0.0025
858.0000	  0.0021
857.5000	  0.0023
857.0000	  0.0019
856.5000	  0.0020
856.0000	  0.0021
855.5000	  0.0023
855.0000	  0.0018
854.5000	  0.0022
854.0000	  0.0020
853.5000	  0.0021
853.0000	  0.0021
852.5000	  0.0023
852.0000	  0.0021
851.5000	  0.0021
851.0000	  0.0021
850.5000	  0.0023
850.0000	  0.0021
849.5000	  0.0023
849.0000	  0.0022
848.5000	  0.0019
848.0000	  0.0021
847.5000	  0.0022
847.0000	  0.0022
846.5000	  0.0021
846.0000	  0.0022
845.5000	  0.0020
845.0000	  0.0020
844.5000	  0.0021
844.0000	  0.0021
843.5000	  0.0021
843.0000	  0.0020
842.5000	  0.0020
842.0000	  0.0019
841.5000	  0.0020
841.0000	  0.0021
840.5000	  0.0019
840.0000	  0.0020
839.5000	  0.0021
839.0000	  0.0020
838.5000	  0.0019
838.0000	  0.0021
837.5000	  0.0020
837.0000	  0.0019
836.5000	  0.0019
836.0000	  0.0019
835.5000	  0.0020
835.0000	  0.0019
834.5000	  0.0020
834.0000	  0.0020
833.5000	  0.0020
833.0000	  0.0019
832.5000	  0.0019
832.0000	  0.0018
831.5000	  0.0019
831.0000	  0.0018
830.5000	  0.0019
830.0000	  0.0019
829.5000	  0.0018
829.0000	  0.0019
828.5000	  0.0018
828.0000	  0.0018
827.5000	  0.0019
827.0000	  0.0018
826.5000	  0.0018
826.0000	  0.0018
825.5000	  0.0019
825.0000	  0.0019
824.5000	  0.0018
824.0000	  0.0018
823.5000	  0.0018
823.0000	  0.0018
822.5000	  0.0018
822.0000	  0.0018
821.5000	  0.0018
821.0000	  0.0018
820.5000	  0.0018
820.0000	  0.0017
819.5000	  0.0017
819.0000	  0.0018
818.5000	  0.0017
818.0000	  0.0018
817.5000	  0.0018
817.0000	  0.0017
816.5000	  0.0017
816.0000	  0.0017
815.5000	  0.0017
815.0000	  0.0018
814.5000	  0.0017
814.0000	  0.0017
813.5000	  0.0017
813.0000	  0.0017
812.5000	  0.0017
812.0000	  0.0017
811.5000	  0.0017
811.0000	  0.0017
810.5000	  0.0016
810.0000	  0.0017
809.5000	  0.0016
809.0000	  0.0017
808.5000	  0.0016
808.0000	  0.0016
807.5000	  0.0017
807.0000	  0.0016
806.5000	  0.0016
806.0000	  0.0016
805.5000	  0.0016
805.0000	  0.0017
804.5000	  0.0016
804.0000	  0.0016
803.5000	  0.0016
803.0000	  0.0016
802.5000	  0.0016
802.0000	  0.0016
801.5000	  0.0016
801.0000	  0.0016
800.5000	  0.0016
800.0000	  0.0016
799.5000	  0.0015
799.0000	  0.0016
798.5000	  0.0016
798.0000	  0.0016
797.5000	  0.0016
797.0000	  0.0015
796.5000	  0.0015
796.0000	  0.0016
795.5000	  0.0015
795.0000	  0.0016
794.5000	  0.0016
794.0000	  0.0015
793.5000	  0.0015
793.0000	  0.0015
792.5000	  0.0015
792.0000	  0.0016
791.5000	  0.0015
791.0000	  0.0015
790.5000	  0.0015
790.0000	  0.0015
789.5000	  0.0015
789.0000	  0.0015
788.5000	  0.0015
788.0000	  0.0015
787.5000	  0.0015
787.0000	  0.0015
786.5000	  0.0015
786.0000	  0.0015
785.5000	  0.0015
785.0000	  0.0015
784.5000	  0.0015
784.0000	  0.0015
783.5000	  0.0015
783.0000	  0.0015
782.5000	  0.0014
782.0000	  0.0015
781.5000	  0.0015
781.0000	  0.0015
780.5000	  0.0015
780.0000	  0.0015
779.5000	  0.0015
779.0000	  0.0015
778.5000	  0.0015
778.0000	  0.0014
777.5000	  0.0014
777.0000	  0.0015
776.5000	  0.0014
776.0000	  0.0015
775.5000	  0.0015
775.0000	  0.0014
774.5000	  0.0014
774.0000	  0.0014
773.5000	  0.0015
773.0000	  0.0014
772.5000	  0.0014
772.0000	  0.0014
771.5000	  0.0014
771.0000	  0.0014
770.5000	  0.0014
770.0000	  0.0014
769.5000	  0.0014
769.0000	  0.0014
768.5000	  0.0014
768.0000	  0.0014
767.5000	  0.0014
767.0000	  0.0014
766.5000	  0.0014
766.0000	  0.0014
765.5000	  0.0015
765.0000	  0.0014
764.5000	  0.0014
764.0000	  0.0014
763.5000	  0.0014
763.0000	  0.0014
762.5000	  0.0014
762.0000	  0.0014
761.5000	  0.0014
761.0000	  0.0014
760.5000	  0.0014
760.0000	  0.0014
759.5000	  0.0014
759.0000	  0.0014
758.5000	  0.0014
758.0000	  0.0014
757.5000	  0.0014
757.0000	  0.0014
756.5000	  0.0014
756.0000	  0.0014
755.5000	  0.0014
755.0000	  0.0014
754.5000	  0.0014
754.0000	  0.0014
753.5000	  0.0014
753.0000	  0.0014
752.5000	  0.0014
752.0000	  0.0014
751.5000	  0.0014
751.0000	  0.0014
750.5000	  0.0014
750.0000	  0.0014
749.5000	  0.0014
749.0000	  0.0014
748.5000	  0.0014
748.0000	  0.0014
747.5000	  0.0014
747.0000	  0.0014
746.5000	  0.0014
746.0000	  0.0014
745.5000	  0.0014
745.0000	  0.0014
744.5000	  0.0014
744.0000	  0.0014
743.5000	  0.0014
743.0000	  0.0014
742.5000	  0.0014
742.0000	  0.0014
741.5000	  0.0013
741.0000	  0.0014
740.5000	  0.0014
740.0000	  0.0014
739.5000	  0.0014
739.0000	  0.0014
738.5000	  0.0014
738.0000	  0.0014
737.5000	  0.0014
737.0000	  0.0014
736.5000	  0.0014
736.0000	  0.0015
735.5000	  0.0014
735.0000	  0.0014
734.5000	  0.0014
734.0000	  0.0014
733.5000	  0.0014
733.0000	  0.0014
732.5000	  0.0015
732.0000	  0.0014
731.5000	  0.0014
731.0000	  0.0014
730.5000	  0.0014
730.0000	  0.0014
729.5000	  0.0014
729.0000	  0.0014
728.5000	  0.0014
728.0000	  0.0015
727.5000	  0.0015
727.0000	  0.0015
726.5000	  0.0015
726.0000	  0.0015
725.5000	  0.0015
725.0000	  0.0015
724.5000	  0.0015
724.0000	  0.0015
723.5000	  0.0015
723.0000	  0.0015
722.5000	  0.0015
722.0000	  0.0016
721.5000	  0.0016
721.0000	  0.0016
720.5000	  0.0015
720.0000	  0.0016
719.5000	  0.0016
719.0000	  0.0016
718.5000	  0.0016
718.0000	  0.0016
717.5000	  0.0016
717.0000	  0.0016
716.5000	  0.0016
716.0000	  0.0016
715.5000	  0.0016
715.0000	  0.0016
714.5000	  0.0016
714.0000	  0.0017
713.5000	  0.0016
713.0000	  0.0016
712.5000	  0.0016
712.0000	  0.0016
711.5000	  0.0016
711.0000	  0.0016
710.5000	  0.0017
710.0000	  0.0017
709.5000	  0.0017
709.0000	  0.0016
708.5000	  0.0016
708.0000	  0.0016
707.5000	  0.0016
707.0000	  0.0016
706.5000	  0.0017
706.0000	  0.0017
705.5000	  0.0017
705.0000	  0.0017
704.5000	  0.0017
704.0000	  0.0017
703.5000	  0.0017
703.0000	  0.0017
702.5000	  0.0017
702.0000	  0.0017
701.5000	  0.0018
701.0000	  0.0018
700.5000	  0.0018
700.0000	  0.0018
699.5000	  0.0018
699.0000	  0.0018
698.5000	  0.0018
698.0000	  0.0018
697.5000	  0.0018
697.0000	  0.0018
696.5000	  0.0018
696.0000	  0.0019
695.5000	  0.0019
695.0000	  0.0019
694.5000	  0.0019
694.0000	  0.0019
693.5000	  0.0019
693.0000	  0.0019
692.5000	  0.0019
692.0000	  0.0019
691.5000	  0.0020
691.0000	  0.0020
690.5000	  0.0020
690.0000	  0.0020
689.5000	  0.0020
689.0000	  0.0020
688.5000	  0.0020
688.0000	  0.0021
687.5000	  0.0020
687.0000	  0.0021
686.5000	  0.0021
686.0000	  0.0021
685.5000	  0.0021
685.0000	  0.0021
684.5000	  0.0021
684.0000	  0.0021
683.5000	  0.0021
683.0000	  0.0022
682.5000	  0.0022
682.0000	  0.0022
681.5000	  0.0022
681.0000	  0.0022
680.5000	  0.0022
680.0000	  0.0023
679.5000	  0.0023
679.0000	  0.0023
678.5000	  0.0023
678.0000	  0.0024
677.5000	  0.0023
677.0000	  0.0024
676.5000	  0.0024
676.0000	  0.0024
675.5000	  0.0024
675.0000	  0.0024
674.5000	  0.0025
674.0000	  0.0025
673.5000	  0.0025
673.0000	  0.0025
672.5000	  0.0025
672.0000	  0.0025
671.5000	  0.0026
671.0000	  0.0026
670.5000	  0.0026
670.0000	  0.0026
669.5000	  0.0026
669.0000	  0.0027
668.5000	  0.0027
668.0000	  0.0027
667.5000	  0.0027
667.0000	  0.0028
666.5000	  0.0028
666.0000	  0.0028
665.5000	  0.0028
665.0000	  0.0028
664.5000	  0.0028
664.0000	  0.0029
663.5000	  0.0029
663.0000	  0.0029
662.5000	  0.0029
662.0000	  0.0030
661.5000	  0.0030
661.0000	  0.0030
660.5000	  0.0030
660.0000	  0.0031
659.5000	  0.0031
659.0000	  0.0031
658.5000	  0.0031
658.0000	  0.0031
657.5000	  0.0032
657.0000	  0.0032
656.5000	  0.0032
656.0000	  0.0033
655.5000	  0.0033
655.0000	  0.0033
654.5000	  0.0033
654.0000	  0.0033
653.5000	  0.0034
653.0000	  0.0034
652.5000	  0.0034
652.0000	  0.0034
651.5000	  0.0034
651.0000	  0.0035
650.5000	  0.0035
650.0000	  0.0035
649.5000	  0.0035
649.0000	  0.0036
648.5000	  0.0036
648.0000	  0.0036
647.5000	  0.0037
647.0000	  0.0037
646.5000	  0.0037
646.0000	  0.0038
645.5000	  0.0038
645.0000	  0.0038
644.5000	  0.0039
644.0000	  0.0039
643.5000	  0.0039
643.0000	  0.0039
642.5000	  0.0039
642.0000	  0.0040
641.5000	  0.0040
641.0000	  0.0040
640.5000	  0.0041
640.0000	  0.0041
639.5000	  0.0041
639.0000	  0.0042
638.5000	  0.0042
638.0000	  0.0042
637.5000	  0.0043
637.0000	  0.0043
636.5000	  0.0043
636.0000	  0.0044
635.5000	  0.0044
635.0000	  0.0044
634.5000	  0.0045
634.0000	  0.0045
633.5000	  0.0045
633.0000	  0.0046
632.5000	  0.0046
632.0000	  0.0046
631.5000	  0.0047
631.0000	  0.0047
630.5000	  0.0048
630.0000	  0.0048
629.5000	  0.0048
629.0000	  0.0049
628.5000	  0.0049
628.0000	  0.0050
627.5000	  0.0050
627.0000	  0.0050
626.5000	  0.0051
626.0000	  0.0052
625.5000	  0.0052
625.0000	  0.0052
624.5000	  0.0053
624.0000	  0.0053
623.5000	  0.0054
623.0000	  0.0054
622.5000	  0.0055
622.0000	  0.0055
621.5000	  0.0055
621.0000	  0.0056
620.5000	  0.0056
620.0000	  0.0057
619.5000	  0.0057
619.0000	  0.0058
618.5000	  0.0058
618.0000	  0.0058
617.5000	  0.0059
617.0000	  0.0059
616.5000	  0.0060
616.0000	  0.0060
615.5000	  0.0061
615.0000	  0.0061
614.5000	  0.0061
614.0000	  0.0062
613.5000	  0.0062
613.0000	  0.0063
612.5000	  0.0064
612.0000	  0.0064
611.5000	  0.0064
611.0000	  0.0065
610.5000	  0.0066
610.0000	  0.0067
609.5000	  0.0066
609.0000	  0.0067
608.5000	  0.0068
608.0000	  0.0068
607.5000	  0.0068
607.0000	  0.0069
606.5000	  0.0070
606.0000	  0.0070
605.5000	  0.0071
605.0000	  0.0072
604.5000	  0.0072
604.0000	  0.0073
603.5000	  0.0074
603.0000	  0.0074
602.5000	  0.0074
602.0000	  0.0075
601.5000	  0.0075
601.0000	  0.0076
600.5000	  0.0076
600.0000	  0.0078
599.5000	  0.0078
599.0000	  0.0078
598.5000	  0.0079
598.0000	  0.0080
597.5000	  0.0081
597.0000	  0.0082
596.5000	  0.0082
596.0000	  0.0083
595.5000	  0.0084
595.0000	  0.0084
594.5000	  0.0085
594.0000	  0.0086
593.5000	  0.0086
593.0000	  0.0086
592.5000	  0.0087
592.0000	  0.0088
591.5000	  0.0089
591.0000	  0.0090
590.5000	  0.0090
590.0000	  0.0091
589.5000	  0.0092
589.0000	  0.0093
588.5000	  0.0093
588.0000	  0.0094
587.5000	  0.0095
587.0000	  0.0096
586.5000	  0.0097
586.0000	  0.0097
585.5000	  0.0098
585.0000	  0.0099
584.5000	  0.0100
584.0000	  0.0100
583.5000	  0.0102
583.0000	  0.0102
582.5000	  0.0103
582.0000	  0.0104
581.5000	  0.0105
581.0000	  0.0106
580.5000	  0.0106
580.0000	  0.0108
579.5000	  0.0109
579.0000	  0.0109
578.5000	  0.0110
578.0000	  0.0111
577.5000	  0.0112
577.0000	  0.0112
576.5000	  0.0114
576.0000	  0.0115
575.5000	  0.0116
575.0000	  0.0117
574.5000	  0.0118
574.0000	  0.0119
573.5000	  0.0120
573.0000	  0.0121
572.5000	  0.0123
572.0000	  0.0123
571.5000	  0.0125
571.0000	  0.0125
570.5000	  0.0126
570.0000	  0.0128
569.5000	  0.0129
569.0000	  0.0129
568.5000	  0.0131
568.0000	  0.0132
567.5000	  0.0133
567.0000	  0.0134
566.5000	  0.0136
566.0000	  0.0136
565.5000	  0.0138
565.0000	  0.0140
564.5000	  0.0141
564.0000	  0.0142
563.5000	  0.0143
563.0000	  0.0145
562.5000	  0.0146
562.0000	  0.0147
561.5000	  0.0149
561.0000	  0.0150
560.5000	  0.0151
560.0000	  0.0151
559.5000	  0.0153
559.0000	  0.0155
558.5000	  0.0157
558.0000	  0.0158
557.5000	  0.0160
557.0000	  0.0161
556.5000	  0.0162
556.0000	  0.0163
555.5000	  0.0165
555.0000	  0.0167
554.5000	  0.0168
554.0000	  0.0169
553.5000	  0.0171
553.0000	  0.0173
552.5000	  0.0175
552.0000	  0.0176
551.5000	  0.0178
551.0000	  0.0179
550.5000	  0.0181
550.0000	  0.0183
549.5000	  0.0184
549.0000	  0.0186
548.5000	  0.0188
548.0000	  0.0189
547.5000	  0.0191
547.0000	  0.0193
546.5000	  0.0195
546.0000	  0.0196
545.5000	  0.0198
545.0000	  0.0200
544.5000	  0.0202
544.0000	  0.0203
543.5000	  0.0205
543.0000	  0.0208
542.5000	  0.0209
542.0000	  0.0211
541.5000	  0.0214
541.0000	  0.0214
540.5000	  0.0217
540.0000	  0.0219
539.5000	  0.0221
539.0000	  0.0223
538.5000	  0.0225
538.0000	  0.0227
537.5000	  0.0229
537.0000	  0.0231
536.5000	  0.0234
536.0000	  0.0236
535.5000	  0.0238
535.0000	  0.0240
534.5000	  0.0242
534.0000	  0.0245
533.5000	  0.0246
533.0000	  0.0248
532.5000	  0.0251
532.0000	  0.0253
531.5000	  0.0256
531.0000	  0.0258
530.5000	  0.0261
530.0000	  0.0264
529.5000	  0.0265
529.0000	  0.0267
528.5000	  0.0270
528.0000	  0.0273
527.5000	  0.0276
527.0000	  0.0277
526.5000	  0.0280
526.0000	  0.0284
525.5000	  0.0285
525.0000	  0.0288
524.5000	  0.0291
524.0000	  0.0294
523.5000	  0.0296
523.0000	  0.0299
522.5000	  0.0301
522.0000	  0.0304
521.5000	  0.0307
521.0000	  0.0309
520.5000	  0.0312
520.0000	  0.0314
519.5000	  0.0318
519.0000	  0.0320
518.5000	  0.0322
518.0000	  0.0326
517.5000	  0.0329
517.0000	  0.0331
516.5000	  0.0334
516.0000	  0.0336
515.5000	  0.0340
515.0000	  0.0342
514.5000	  0.0344
514.0000	  0.0347
513.5000	  0.0350
513.0000	  0.0353
512.5000	  0.0355
512.0000	  0.0358
511.5000	  0.0361
511.0000	  0.0362
510.5000	  0.0364
510.0000	  0.0367
509.5000	  0.0370
509.0000	  0.0373
508.5000	  0.0375
508.0000	  0.0378
507.5000	  0.0380
507.0000	  0.0381
506.5000	  0.0383
506.0000	  0.0386
505.5000	  0.0389
505.0000	  0.0391
504.5000	  0.0393
504.0000	  0.0396
503.5000	  0.0397
503.0000	  0.0399
502.5000	  0.0401
502.0000	  0.0404
501.5000	  0.0405
501.0000	  0.0405
500.5000	  0.0408
500.0000	  0.0410
499.5000	  0.0410
499.0000	  0.0411
498.5000	  0.0412
498.0000	  0.0413
497.5000	  0.0413
497.0000	  0.0413
496.5000	  0.0414
496.0000	  0.0413
495.5000	  0.0415
495.0000	  0.0414
494.5000	  0.0414
494.0000	  0.0414
493.5000	  0.0413
493.0000	  0.0413
492.5000	  0.0413
492.0000	  0.0412
491.5000	  0.0411
491.0000	  0.0410
490.5000	  0.0409
490.0000	  0.0407
489.5000	  0.0407
489.0000	  0.0405
488.5000	  0.0404
488.0000	  0.0400
487.5000	  0.0400
487.0000	  0.0397
486.5000	  0.0395
486.0000	  0.0394
485.5000	  0.0391
485.0000	  0.0389
484.5000	  0.0388
484.0000	  0.0385
483.5000	  0.0383
483.0000	  0.0380
482.5000	  0.0379
482.0000	  0.0376
481.5000	  0.0373
481.0000	  0.0370
480.5000	  0.0368
480.0000	  0.0365
479.5000	  0.0363
479.0000	  0.0361
478.5000	  0.0358
478.0000	  0.0355
477.5000	  0.0352
477.0000	  0.0350
476.5000	  0.0347
476.0000	  0.0346
475.5000	  0.0342
475.0000	  0.0342
474.5000	  0.0338
474.0000	  0.0336
473.5000	  0.0333
473.0000	  0.0331
472.5000	  0.0328
472.0000	  0.0325
471.5000	  0.0324
471.0000	  0.0321
470.5000	  0.0318
470.0000	  0.0317
469.5000	  0.0314
469.0000	  0.0312
468.5000	  0.0311
468.0000	  0.0307
467.5000	  0.0305
467.0000	  0.0304
466.5000	  0.0301
466.0000	  0.0299
465.5000	  0.0297
465.0000	  0.0294
464.5000	  0.0293
464.0000	  0.0291
463.5000	  0.0288
463.0000	  0.0287
462.5000	  0.0286
462.0000	  0.0284
461.5000	  0.0280
461.0000	  0.0280
460.5000	  0.0278
460.0000	  0.0276
459.5000	  0.0274
459.0000	  0.0273
458.5000	  0.0270
458.0000	  0.0269
457.5000	  0.0265
457.0000	  0.0265
456.5000	  0.0263
456.0000	  0.0259
455.5000	  0.0259
455.0000	  0.0256
454.5000	  0.0254
454.0000	  0.0253
453.5000	  0.0250
453.0000	  0.0247
452.5000	  0.0244
452.0000	  0.0243
451.5000	  0.0241
451.0000	  0.0239
450.5000	  0.0237
450.0000	  0.0236
449.5000	  0.0234
449.0000	  0.0231
448.5000	  0.0228
448.0000	  0.0226
447.5000	  0.0225
447.0000	  0.0224
446.5000	  0.0221
446.0000	  0.0220
445.5000	  0.0218
445.0000	  0.0216
444.5000	  0.0213
444.0000	  0.0213
443.5000	  0.0211
443.0000	  0.0209
442.5000	  0.0207
442.0000	  0.0206
441.5000	  0.0204
441.0000	  0.0204
440.5000	  0.0202
440.0000	  0.0200
439.5000	  0.0199
439.0000	  0.0197
438.5000	  0.0196
438.0000	  0.0194
437.5000	  0.0194
437.0000	  0.0192
436.5000	  0.0191
436.0000	  0.0189
435.5000	  0.0188
435.0000	  0.0186
434.5000	  0.0185
434.0000	  0.0184
433.5000	  0.0185
433.0000	  0.0183
432.5000	  0.0180
432.0000	  0.0180
431.5000	  0.0178
431.0000	  0.0178
430.5000	  0.0176
430.0000	  0.0176
429.5000	  0.0174
429.0000	  0.0173
428.5000	  0.0173
428.0000	  0.0172
427.5000	  0.0171
427.0000	  0.0170
426.5000	  0.0169
426.0000	  0.0168
425.5000	  0.0168
425.0000	  0.0166
424.5000	  0.0163
424.0000	  0.0164
423.5000	  0.0163
423.0000	  0.0162
422.5000	  0.0163
422.0000	  0.0161
421.5000	  0.0160
421.0000	  0.0159
420.5000	  0.0158
420.0000	  0.0157
419.5000	  0.0156
419.0000	  0.0155
418.5000	  0.0155
418.0000	  0.0154
417.5000	  0.0152
417.0000	  0.0152
416.5000	  0.0150
416.0000	  0.0151
415.5000	  0.0151
415.0000	  0.0150
414.5000	  0.0148
414.0000	  0.0148
413.5000	  0.0145
413.0000	  0.0146
412.5000	  0.0144
412.0000	  0.0144
411.5000	  0.0142
411.0000	  0.0142
410.5000	  0.0142
410.0000	  0.0142
409.5000	  0.0142
409.0000	  0.0140
408.5000	  0.0140
408.0000	  0.0138
407.5000	  0.0138
407.0000	  0.0136
406.5000	  0.0136
406.0000	  0.0136
405.5000	  0.0134
405.0000	  0.0135
404.5000	  0.0133
404.0000	  0.0133
403.5000	  0.0133
403.0000	  0.0131
402.5000	  0.0131
402.0000	  0.0131
401.5000	  0.0129
401.0000	  0.0129
400.5000	  0.0129
400.0000	  0.0128
399.5000	  0.0128
399.0000	  0.0126
398.5000	  0.0126
398.0000	  0.0126
397.5000	  0.0124
397.0000	  0.0124
396.5000	  0.0124
396.0000	  0.0124
395.5000	  0.0122
395.0000	  0.0121
394.5000	  0.0122
394.0000	  0.0121
393.5000	  0.0121
393.0000	  0.0120
392.5000	  0.0120
392.0000	  0.0119
391.5000	  0.0119
391.0000	  0.0119
390.5000	  0.0118
390.0000	  0.0118
389.5000	  0.0117
389.0000	  0.0118
388.5000	  0.0116
388.0000	  0.0116
387.5000	  0.0117
387.0000	  0.0115
386.5000	  0.0115
386.0000	  0.0114
385.5000	  0.0114
385.0000	  0.0115
384.5000	  0.0114
384.0000	  0.0113
383.5000	  0.0115
383.0000	  0.0112
382.5000	  0.0111
382.0000	  0.0112
381.5000	  0.0111
381.0000	  0.0114
380.5000	  0.0110
380.0000	  0.0112
379.5000	  0.0112
379.0000	  0.0111
378.5000	  0.0111
378.0000	  0.0110
377.5000	  0.0110
377.0000	  0.0108
376.5000	  0.0110
376.0000	  0.0110
375.5000	  0.0107
375.0000	  0.0107
374.5000	  0.0107
374.0000	  0.0108
373.5000	  0.0107
373.0000	  0.0106
372.5000	  0.0106
372.0000	  0.0105
371.5000	  0.0106
371.0000	  0.0104
370.5000	  0.0105
370.0000	  0.0105
369.5000	  0.0102
369.0000	  0.0104
368.5000	  0.0104
368.0000	  0.0102
367.5000	  0.0105
367.0000	  0.0104
366.5000	  0.0105
366.0000	  0.0102
365.5000	  0.0104
365.0000	  0.0102
364.5000	  0.0104
364.0000	  0.0101
363.5000	  0.0102
363.0000	  0.0103
362.5000	  0.0103
362.0000	  0.0100
361.5000	  0.0101
361.0000	  0.0101
360.5000	  0.0100
360.0000	  0.0102
359.5000	  0.0102
359.0000	  0.0102
358.5000	  0.0099
358.0000	  0.0098
357.5000	  0.0099
357.0000	  0.0099
356.5000	  0.0098
356.0000	  0.0097
355.5000	  0.0097
355.0000	  0.0097
354.5000	  0.0097
354.0000	  0.0097
353.5000	  0.0095
353.0000	  0.0095
352.5000	  0.0098
352.0000	  0.0096
351.5000	  0.0094
351.0000	  0.0096
350.5000	  0.0093
350.0000	  0.0092
