09/05/2023 17.10.44
09/05/2023 17.18.05

900.0000	  2.2800

900.0000	  2.2800

900.0000	  1.0400



  1.0000
900.0000
  3.0000
340.0000
  1.0000
1101.0000
  5.0000
  6.0000
  1.0000
  1.0000
  0.0000
  0.0000
100.0000
  0.0000
  1.0000
  0.0000
500.0000
900.0000
350.0000
  4.0000
  1.0000
 18.0000
  2.0000
  1.0000
255.0000
  1.1431
  1.0000
 30.0000
  4.0000
500.0000
  0.0000
  0.0000
  4.0000
900.0000
350.0000
  0.0000
100.0000
  0.0000
  1.0000
  0.0000
500.0000
  1.0000
  1.0000
  1.0000
  1.0000
  4.0000
  0.0000
  1.0000
  1.0000
  1.0000
  1.0000
  1.0000
  2.0000
  1.0000
  1.0000
  1.0000
  3.0000
  1.0000
  1.0000
  1.0000
  4.0000
  5.0000
440.524
0.000
900.0000	  0.0279
899.5000	  0.0244
899.0000	  0.0317
898.5000	 -0.0016
898.0000	  0.0100
897.5000	  0.0161
897.0000	  0.0059
896.5000	  0.0123
896.0000	  0.0197
895.5000	 -0.0019
895.0000	  0.0050
894.5000	  0.0095
894.0000	  0.0190
893.5000	  0.0222
893.0000	  0.0196
892.5000	  0.0200
892.0000	  0.0036
891.5000	  0.0166
891.0000	  0.0251
890.5000	  0.0032
890.0000	  0.0157
889.5000	  0.0184
889.0000	  0.0238
888.5000	  0.0209
888.0000	  0.0130
887.5000	  0.0144
887.0000	  0.0223
886.5000	  0.0144
886.0000	  0.0230
885.5000	  0.0115
885.0000	  0.0167
884.5000	  0.0127
884.0000	  0.0148
883.5000	  0.0132
883.0000	  0.0128
882.5000	  0.0098
882.0000	  0.0209
881.5000	  0.0174
881.0000	  0.0171
880.5000	  0.0155
880.0000	  0.0164
879.5000	  0.0131
879.0000	  0.0121
878.5000	  0.0160
878.0000	  0.0142
877.5000	  0.0143
877.0000	  0.0185
876.5000	  0.0126
876.0000	  0.0199
875.5000	  0.0170
875.0000	  0.0166
874.5000	  0.0183
874.0000	  0.0157
873.5000	  0.0156
873.0000	  0.0185
872.5000	  0.0189
872.0000	  0.0151
871.5000	  0.0167
871.0000	  0.0163
870.5000	  0.0178
870.0000	  0.0144
869.5000	  0.0159
869.0000	  0.0182
868.5000	  0.0173
868.0000	  0.0155
867.5000	  0.0177
867.0000	  0.0177
866.5000	  0.0165
866.0000	  0.0173
865.5000	  0.0179
865.0000	  0.0177
864.5000	  0.0169
864.0000	  0.0186
863.5000	  0.0166
863.0000	  0.0172
862.5000	  0.0167
862.0000	  0.0173
861.5000	  0.0166
861.0000	  0.0177
860.5000	  0.0176
860.0000	  0.0170
859.5000	  0.0170
859.0000	  0.0175
858.5000	  0.0173
858.0000	  0.0170
857.5000	  0.0168
857.0000	  0.0176
856.5000	  0.0176
856.0000	  0.0171
855.5000	  0.0176
855.0000	  0.0171
854.5000	  0.0171
854.0000	  0.0177
853.5000	  0.0178
853.0000	  0.0181
852.5000	  0.0178
852.0000	  0.0177
851.5000	  0.0176
851.0000	  0.0177
850.5000	  0.0181
850.0000	  0.0173
849.5000	  0.0177
849.0000	  0.0180
848.5000	  0.0180
848.0000	  0.0176
847.5000	  0.0179
847.0000	  0.0179
846.5000	  0.0179
846.0000	  0.0178
845.5000	  0.0178
845.0000	  0.0175
844.5000	  0.0178
844.0000	  0.0182
843.5000	  0.0179
843.0000	  0.0181
842.5000	  0.0182
842.0000	  0.0182
841.5000	  0.0181
841.0000	  0.0183
840.5000	  0.0184
840.0000	  0.0182
839.5000	  0.0181
839.0000	  0.0181
838.5000	  0.0181
838.0000	  0.0182
837.5000	  0.0182
837.0000	  0.0182
836.5000	  0.0181
836.0000	  0.0183
835.5000	  0.0182
835.0000	  0.0185
834.5000	  0.0183
834.0000	  0.0185
833.5000	  0.0186
833.0000	  0.0185
832.5000	  0.0185
832.0000	  0.0186
831.5000	  0.0184
831.0000	  0.0185
830.5000	  0.0187
830.0000	  0.0186
829.5000	  0.0186
829.0000	  0.0189
828.5000	  0.0186
828.0000	  0.0188
827.5000	  0.0189
827.0000	  0.0187
826.5000	  0.0187
826.0000	  0.0188
825.5000	  0.0188
825.0000	  0.0188
824.5000	  0.0190
824.0000	  0.0190
823.5000	  0.0189
823.0000	  0.0189
822.5000	  0.0191
822.0000	  0.0188
821.5000	  0.0190
821.0000	  0.0192
820.5000	  0.0190
820.0000	  0.0192
819.5000	  0.0194
819.0000	  0.0191
818.5000	  0.0193
818.0000	  0.0193
817.5000	  0.0195
817.0000	  0.0193
816.5000	  0.0193
816.0000	  0.0195
815.5000	  0.0194
815.0000	  0.0195
814.5000	  0.0195
814.0000	  0.0196
813.5000	  0.0195
813.0000	  0.0196
812.5000	  0.0195
812.0000	  0.0196
811.5000	  0.0196
811.0000	  0.0197
810.5000	  0.0197
810.0000	  0.0200
809.5000	  0.0196
809.0000	  0.0200
808.5000	  0.0199
808.0000	  0.0198
807.5000	  0.0200
807.0000	  0.0200
806.5000	  0.0200
806.0000	  0.0201
805.5000	  0.0202
805.0000	  0.0201
804.5000	  0.0202
804.0000	  0.0203
803.5000	  0.0204
803.0000	  0.0203
802.5000	  0.0204
802.0000	  0.0203
801.5000	  0.0205
801.0000	  0.0205
800.5000	  0.0206
800.0000	  0.0206
799.5000	  0.0207
799.0000	  0.0207
798.5000	  0.0208
798.0000	  0.0208
797.5000	  0.0209
797.0000	  0.0209
796.5000	  0.0208
796.0000	  0.0209
795.5000	  0.0209
795.0000	  0.0209
794.5000	  0.0213
794.0000	  0.0211
793.5000	  0.0212
793.0000	  0.0213
792.5000	  0.0211
792.0000	  0.0213
791.5000	  0.0214
791.0000	  0.0215
790.5000	  0.0216
790.0000	  0.0216
789.5000	  0.0215
789.0000	  0.0218
788.5000	  0.0218
788.0000	  0.0216
787.5000	  0.0217
787.0000	  0.0219
786.5000	  0.0217
786.0000	  0.0220
785.5000	  0.0220
785.0000	  0.0219
784.5000	  0.0222
784.0000	  0.0221
783.5000	  0.0222
783.0000	  0.0222
782.5000	  0.0223
782.0000	  0.0222
781.5000	  0.0224
781.0000	  0.0224
780.5000	  0.0227
780.0000	  0.0227
779.5000	  0.0224
779.0000	  0.0227
778.5000	  0.0227
778.0000	  0.0227
777.5000	  0.0228
777.0000	  0.0229
776.5000	  0.0230
776.0000	  0.0230
775.5000	  0.0229
775.0000	  0.0231
774.5000	  0.0233
774.0000	  0.0232
773.5000	  0.0235
773.0000	  0.0234
772.5000	  0.0234
772.0000	  0.0234
771.5000	  0.0236
771.0000	  0.0236
770.5000	  0.0238
770.0000	  0.0236
769.5000	  0.0239
769.0000	  0.0239
768.5000	  0.0239
768.0000	  0.0240
767.5000	  0.0241
767.0000	  0.0241
766.5000	  0.0244
766.0000	  0.0242
765.5000	  0.0243
765.0000	  0.0244
764.5000	  0.0243
764.0000	  0.0246
763.5000	  0.0245
763.0000	  0.0246
762.5000	  0.0248
762.0000	  0.0248
761.5000	  0.0250
761.0000	  0.0249
760.5000	  0.0249
760.0000	  0.0251
759.5000	  0.0251
759.0000	  0.0252
758.5000	  0.0254
758.0000	  0.0252
757.5000	  0.0255
757.0000	  0.0255
756.5000	  0.0256
756.0000	  0.0258
755.5000	  0.0255
755.0000	  0.0259
754.5000	  0.0258
754.0000	  0.0259
753.5000	  0.0261
753.0000	  0.0260
752.5000	  0.0262
752.0000	  0.0263
751.5000	  0.0262
751.0000	  0.0265
750.5000	  0.0264
750.0000	  0.0265
749.5000	  0.0266
749.0000	  0.0266
748.5000	  0.0268
748.0000	  0.0268
747.5000	  0.0269
747.0000	  0.0271
746.5000	  0.0269
746.0000	  0.0273
745.5000	  0.0273
745.0000	  0.0274
744.5000	  0.0274
744.0000	  0.0273
743.5000	  0.0275
743.0000	  0.0276
742.5000	  0.0276
742.0000	  0.0280
741.5000	  0.0278
741.0000	  0.0280
740.5000	  0.0280
740.0000	  0.0281
739.5000	  0.0284
739.0000	  0.0284
738.5000	  0.0284
738.0000	  0.0285
737.5000	  0.0285
737.0000	  0.0289
736.5000	  0.0287
736.0000	  0.0289
735.5000	  0.0289
735.0000	  0.0291
734.5000	  0.0293
734.0000	  0.0291
733.5000	  0.0293
733.0000	  0.0294
732.5000	  0.0297
732.0000	  0.0298
731.5000	  0.0297
731.0000	  0.0301
730.5000	  0.0300
730.0000	  0.0301
729.5000	  0.0303
729.0000	  0.0303
728.5000	  0.0305
728.0000	  0.0304
727.5000	  0.0309
727.0000	  0.0309
726.5000	  0.0310
726.0000	  0.0313
725.5000	  0.0312
725.0000	  0.0315
724.5000	  0.0315
724.0000	  0.0318
723.5000	  0.0319
723.0000	  0.0320
722.5000	  0.0324
722.0000	  0.0322
721.5000	  0.0327
721.0000	  0.0326
720.5000	  0.0331
720.0000	  0.0332
719.5000	  0.0334
719.0000	  0.0335
718.5000	  0.0336
718.0000	  0.0338
717.5000	  0.0339
717.0000	  0.0341
716.5000	  0.0341
716.0000	  0.0340
715.5000	  0.0341
715.0000	  0.0340
714.5000	  0.0342
714.0000	  0.0341
713.5000	  0.0343
713.0000	  0.0341
712.5000	  0.0343
712.0000	  0.0343
711.5000	  0.0344
711.0000	  0.0344
710.5000	  0.0345
710.0000	  0.0345
709.5000	  0.0346
709.0000	  0.0346
708.5000	  0.0348
708.0000	  0.0346
707.5000	  0.0349
707.0000	  0.0349
706.5000	  0.0351
706.0000	  0.0351
705.5000	  0.0353
705.0000	  0.0354
704.5000	  0.0356
704.0000	  0.0359
703.5000	  0.0358
703.0000	  0.0360
702.5000	  0.0360
702.0000	  0.0362
701.5000	  0.0364
701.0000	  0.0364
700.5000	  0.0365
700.0000	  0.0366
699.5000	  0.0367
699.0000	  0.0368
698.5000	  0.0370
698.0000	  0.0371
697.5000	  0.0372
697.0000	  0.0374
696.5000	  0.0375
696.0000	  0.0376
695.5000	  0.0377
695.0000	  0.0379
694.5000	  0.0379
694.0000	  0.0383
693.5000	  0.0382
693.0000	  0.0386
692.5000	  0.0386
692.0000	  0.0388
691.5000	  0.0388
691.0000	  0.0389
690.5000	  0.0391
690.0000	  0.0393
689.5000	  0.0394
689.0000	  0.0396
688.5000	  0.0397
688.0000	  0.0398
687.5000	  0.0400
687.0000	  0.0402
686.5000	  0.0403
686.0000	  0.0404
685.5000	  0.0407
685.0000	  0.0408
684.5000	  0.0409
684.0000	  0.0410
683.5000	  0.0412
683.0000	  0.0414
682.5000	  0.0416
682.0000	  0.0417
681.5000	  0.0419
681.0000	  0.0419
680.5000	  0.0422
680.0000	  0.0423
679.5000	  0.0425
679.0000	  0.0427
678.5000	  0.0429
678.0000	  0.0429
677.5000	  0.0432
677.0000	  0.0432
676.5000	  0.0435
676.0000	  0.0435
675.5000	  0.0440
675.0000	  0.0440
674.5000	  0.0442
674.0000	  0.0444
673.5000	  0.0444
673.0000	  0.0447
672.5000	  0.0447
672.0000	  0.0450
671.5000	  0.0450
671.0000	  0.0453
670.5000	  0.0455
670.0000	  0.0457
669.5000	  0.0457
669.0000	  0.0461
668.5000	  0.0461
668.0000	  0.0465
667.5000	  0.0466
667.0000	  0.0467
666.5000	  0.0468
666.0000	  0.0471
665.5000	  0.0472
665.0000	  0.0474
664.5000	  0.0476
664.0000	  0.0478
663.5000	  0.0480
663.0000	  0.0481
662.5000	  0.0484
662.0000	  0.0486
661.5000	  0.0488
661.0000	  0.0489
660.5000	  0.0492
660.0000	  0.0492
659.5000	  0.0494
659.0000	  0.0496
658.5000	  0.0498
658.0000	  0.0501
657.5000	  0.0502
657.0000	  0.0504
656.5000	  0.0507
656.0000	  0.0508
655.5000	  0.0509
655.0000	  0.0512
654.5000	  0.0513
654.0000	  0.0515
653.5000	  0.0518
653.0000	  0.0520
652.5000	  0.0522
652.0000	  0.0525
651.5000	  0.0526
651.0000	  0.0530
650.5000	  0.0530
650.0000	  0.0533
649.5000	  0.0534
649.0000	  0.0536
648.5000	  0.0539
648.0000	  0.0543
647.5000	  0.0542
647.0000	  0.0544
646.5000	  0.0547
646.0000	  0.0549
645.5000	  0.0550
645.0000	  0.0553
644.5000	  0.0556
644.0000	  0.0558
643.5000	  0.0560
643.0000	  0.0562
642.5000	  0.0564
642.0000	  0.0566
641.5000	  0.0569
641.0000	  0.0570
640.5000	  0.0573
640.0000	  0.0575
639.5000	  0.0577
639.0000	  0.0580
638.5000	  0.0582
638.0000	  0.0584
637.5000	  0.0586
637.0000	  0.0589
636.5000	  0.0591
636.0000	  0.0594
635.5000	  0.0597
635.0000	  0.0598
634.5000	  0.0600
634.0000	  0.0602
633.5000	  0.0606
633.0000	  0.0606
632.5000	  0.0611
632.0000	  0.0613
631.5000	  0.0615
631.0000	  0.0617
630.5000	  0.0622
630.0000	  0.0624
629.5000	  0.0627
629.0000	  0.0630
628.5000	  0.0633
628.0000	  0.0636
627.5000	  0.0640
627.0000	  0.0643
626.5000	  0.0646
626.0000	  0.0650
625.5000	  0.0653
625.0000	  0.0658
624.5000	  0.0661
624.0000	  0.0664
623.5000	  0.0668
623.0000	  0.0673
622.5000	  0.0676
622.0000	  0.0679
621.5000	  0.0682
621.0000	  0.0686
620.5000	  0.0690
620.0000	  0.0694
619.5000	  0.0697
619.0000	  0.0699
618.5000	  0.0702
618.0000	  0.0706
617.5000	  0.0708
617.0000	  0.0712
616.5000	  0.0715
616.0000	  0.0717
615.5000	  0.0718
615.0000	  0.0723
614.5000	  0.0726
614.0000	  0.0726
613.5000	  0.0732
613.0000	  0.0736
612.5000	  0.0737
612.0000	  0.0742
611.5000	  0.0743
611.0000	  0.0749
610.5000	  0.0750
610.0000	  0.0757
609.5000	  0.0757
609.0000	  0.0762
608.5000	  0.0765
608.0000	  0.0769
607.5000	  0.0771
607.0000	  0.0776
606.5000	  0.0776
606.0000	  0.0781
605.5000	  0.0784
605.0000	  0.0787
604.5000	  0.0793
604.0000	  0.0796
603.5000	  0.0800
603.0000	  0.0803
602.5000	  0.0807
602.0000	  0.0809
601.5000	  0.0814
601.0000	  0.0818
600.5000	  0.0822
600.0000	  0.0823
599.5000	  0.0828
599.0000	  0.0831
598.5000	  0.0835
598.0000	  0.0843
597.5000	  0.0844
597.0000	  0.0849
596.5000	  0.0850
596.0000	  0.0856
595.5000	  0.0858
595.0000	  0.0864
594.5000	  0.0867
594.0000	  0.0872
593.5000	  0.0875
593.0000	  0.0879
592.5000	  0.0885
592.0000	  0.0887
591.5000	  0.0891
591.0000	  0.0896
590.5000	  0.0903
590.0000	  0.0905
589.5000	  0.0909
589.0000	  0.0914
588.5000	  0.0915
588.0000	  0.0921
587.5000	  0.0923
587.0000	  0.0928
586.5000	  0.0934
586.0000	  0.0937
585.5000	  0.0941
585.0000	  0.0945
584.5000	  0.0950
584.0000	  0.0954
583.5000	  0.0957
583.0000	  0.0962
582.5000	  0.0968
582.0000	  0.0971
581.5000	  0.0975
581.0000	  0.0980
580.5000	  0.0984
580.0000	  0.0989
579.5000	  0.0995
579.0000	  0.0998
578.5000	  0.1004
578.0000	  0.1005
577.5000	  0.1013
577.0000	  0.1014
576.5000	  0.1021
576.0000	  0.1027
575.5000	  0.1031
575.0000	  0.1038
574.5000	  0.1038
574.0000	  0.1046
573.5000	  0.1050
573.0000	  0.1056
572.5000	  0.1058
572.0000	  0.1064
571.5000	  0.1068
571.0000	  0.1076
570.5000	  0.1077
570.0000	  0.1084
569.5000	  0.1090
569.0000	  0.1095
568.5000	  0.1099
568.0000	  0.1103
567.5000	  0.1110
567.0000	  0.1113
566.5000	  0.1121
566.0000	  0.1124
565.5000	  0.1131
565.0000	  0.1138
564.5000	  0.1139
564.0000	  0.1146
563.5000	  0.1151
563.0000	  0.1158
562.5000	  0.1161
562.0000	  0.1165
561.5000	  0.1172
561.0000	  0.1178
560.5000	  0.1183
560.0000	  0.1187
559.5000	  0.1188
559.0000	  0.1196
558.5000	  0.1200
558.0000	  0.1208
557.5000	  0.1209
557.0000	  0.1216
556.5000	  0.1222
556.0000	  0.1229
555.5000	  0.1233
555.0000	  0.1238
554.5000	  0.1245
554.0000	  0.1251
553.5000	  0.1256
553.0000	  0.1261
552.5000	  0.1266
552.0000	  0.1273
551.5000	  0.1279
551.0000	  0.1284
550.5000	  0.1290
550.0000	  0.1296
549.5000	  0.1301
549.0000	  0.1306
548.5000	  0.1313
548.0000	  0.1318
547.5000	  0.1324
547.0000	  0.1331
546.5000	  0.1337
546.0000	  0.1343
545.5000	  0.1346
545.0000	  0.1354
544.5000	  0.1357
544.0000	  0.1364
543.5000	  0.1370
543.0000	  0.1376
542.5000	  0.1381
542.0000	  0.1387
541.5000	  0.1395
541.0000	  0.1399
540.5000	  0.1404
540.0000	  0.1411
539.5000	  0.1417
539.0000	  0.1420
538.5000	  0.1429
538.0000	  0.1434
537.5000	  0.1439
537.0000	  0.1447
536.5000	  0.1453
536.0000	  0.1457
535.5000	  0.1462
535.0000	  0.1468
534.5000	  0.1477
534.0000	  0.1481
533.5000	  0.1488
533.0000	  0.1494
532.5000	  0.1500
532.0000	  0.1502
531.5000	  0.1513
531.0000	  0.1516
530.5000	  0.1523
530.0000	  0.1530
529.5000	  0.1532
529.0000	  0.1542
528.5000	  0.1545
528.0000	  0.1552
527.5000	  0.1558
527.0000	  0.1563
526.5000	  0.1569
526.0000	  0.1578
525.5000	  0.1582
525.0000	  0.1588
524.5000	  0.1592
524.0000	  0.1601
523.5000	  0.1602
523.0000	  0.1610
522.5000	  0.1616
522.0000	  0.1622
521.5000	  0.1624
521.0000	  0.1631
520.5000	  0.1636
520.0000	  0.1640
519.5000	  0.1647
519.0000	  0.1651
518.5000	  0.1656
518.0000	  0.1660
517.5000	  0.1669
517.0000	  0.1668
516.5000	  0.1675
516.0000	  0.1681
515.5000	  0.1685
515.0000	  0.1688
514.5000	  0.1693
514.0000	  0.1697
513.5000	  0.1700
513.0000	  0.1704
512.5000	  0.1706
512.0000	  0.1711
511.5000	  0.1717
511.0000	  0.1722
510.5000	  0.1722
510.0000	  0.1727
509.5000	  0.1732
509.0000	  0.1735
508.5000	  0.1735
508.0000	  0.1742
507.5000	  0.1744
507.0000	  0.1746
506.5000	  0.1751
506.0000	  0.1751
505.5000	  0.1756
505.0000	  0.1757
504.5000	  0.1764
504.0000	  0.1765
503.5000	  0.1763
503.0000	  0.1769
502.5000	  0.1771
502.0000	  0.1771
501.5000	  0.1773
501.0000	  0.1775
500.5000	  0.1778
500.0000	  0.1773
499.5000	  0.1778
499.0000	  0.1777
498.5000	  0.1777
498.0000	  0.1774
497.5000	  0.1774
497.0000	  0.1771
496.5000	  0.1770
496.0000	  0.1772
495.5000	  0.1767
495.0000	  0.1766
494.5000	  0.1761
494.0000	  0.1763
493.5000	  0.1753
493.0000	  0.1752
492.5000	  0.1748
492.0000	  0.1743
491.5000	  0.1738
491.0000	  0.1734
490.5000	  0.1730
490.0000	  0.1724
489.5000	  0.1716
489.0000	  0.1710
488.5000	  0.1705
488.0000	  0.1698
487.5000	  0.1692
487.0000	  0.1682
486.5000	  0.1678
486.0000	  0.1670
485.5000	  0.1666
485.0000	  0.1654
484.5000	  0.1649
484.0000	  0.1642
483.5000	  0.1638
483.0000	  0.1629
482.5000	  0.1623
482.0000	  0.1612
481.5000	  0.1605
481.0000	  0.1601
480.5000	  0.1590
480.0000	  0.1585
479.5000	  0.1579
479.0000	  0.1573
478.5000	  0.1563
478.0000	  0.1557
477.5000	  0.1548
477.0000	  0.1544
476.5000	  0.1532
476.0000	  0.1530
475.5000	  0.1521
475.0000	  0.1513
474.5000	  0.1507
474.0000	  0.1500
473.5000	  0.1497
473.0000	  0.1489
472.5000	  0.1483
472.0000	  0.1476
471.5000	  0.1469
471.0000	  0.1461
470.5000	  0.1456
470.0000	  0.1447
469.5000	  0.1445
469.0000	  0.1438
468.5000	  0.1433
468.0000	  0.1433
467.5000	  0.1421
467.0000	  0.1418
466.5000	  0.1411
466.0000	  0.1408
465.5000	  0.1402
465.0000	  0.1397
464.5000	  0.1391
464.0000	  0.1389
463.5000	  0.1385
463.0000	  0.1378
462.5000	  0.1374
462.0000	  0.1372
461.5000	  0.1365
461.0000	  0.1358
460.5000	  0.1357
460.0000	  0.1348
459.5000	  0.1346
459.0000	  0.1336
458.5000	  0.1337
458.0000	  0.1330
457.5000	  0.1327
457.0000	  0.1320
456.5000	  0.1317
456.0000	  0.1308
455.5000	  0.1305
455.0000	  0.1296
454.5000	  0.1292
454.0000	  0.1282
453.5000	  0.1276
453.0000	  0.1273
452.5000	  0.1264
452.0000	  0.1261
451.5000	  0.1249
451.0000	  0.1245
450.5000	  0.1235
450.0000	  0.1227
449.5000	  0.1222
449.0000	  0.1213
448.5000	  0.1211
448.0000	  0.1201
447.5000	  0.1197
447.0000	  0.1192
446.5000	  0.1184
446.0000	  0.1180
445.5000	  0.1171
445.0000	  0.1163
444.5000	  0.1155
444.0000	  0.1153
443.5000	  0.1146
443.0000	  0.1139
442.5000	  0.1136
442.0000	  0.1133
441.5000	  0.1133
441.0000	  0.1122
440.5000	  0.1117
440.0000	  0.1115
439.5000	  0.1112
439.0000	  0.1104
438.5000	  0.1101
438.0000	  0.1099
437.5000	  0.1094
437.0000	  0.1089
436.5000	  0.1085
436.0000	  0.1082
435.5000	  0.1077
435.0000	  0.1074
434.5000	  0.1066
434.0000	  0.1065
433.5000	  0.1062
433.0000	  0.1061
432.5000	  0.1054
432.0000	  0.1053
431.5000	  0.1049
431.0000	  0.1045
430.5000	  0.1042
430.0000	  0.1038
429.5000	  0.1034
429.0000	  0.1032
428.5000	  0.1030
428.0000	  0.1025
427.5000	  0.1023
427.0000	  0.1022
426.5000	  0.1017
426.0000	  0.1016
425.5000	  0.1012
425.0000	  0.1011
424.5000	  0.1007
424.0000	  0.1005
423.5000	  0.1003
423.0000	  0.0997
422.5000	  0.0996
422.0000	  0.0994
421.5000	  0.0990
421.0000	  0.0987
420.5000	  0.0986
420.0000	  0.0986
419.5000	  0.0979
419.0000	  0.0975
418.5000	  0.0976
418.0000	  0.0972
417.5000	  0.0972
417.0000	  0.0964
416.5000	  0.0970
416.0000	  0.0964
415.5000	  0.0959
415.0000	  0.0958
414.5000	  0.0955
414.0000	  0.0952
413.5000	  0.0953
413.0000	  0.0950
412.5000	  0.0947
412.0000	  0.0943
411.5000	  0.0943
411.0000	  0.0938
410.5000	  0.0940
410.0000	  0.0936
409.5000	  0.0928
409.0000	  0.0932
408.5000	  0.0931
408.0000	  0.0924
407.5000	  0.0926
407.0000	  0.0922
406.5000	  0.0919
406.0000	  0.0917
405.5000	  0.0916
405.0000	  0.0908
404.5000	  0.0910
404.0000	  0.0909
403.5000	  0.0905
403.0000	  0.0903
402.5000	  0.0899
402.0000	  0.0900
401.5000	  0.0895
401.0000	  0.0893
400.5000	  0.0895
400.0000	  0.0893
399.5000	  0.0889
399.0000	  0.0883
398.5000	  0.0886
398.0000	  0.0884
397.5000	  0.0880
397.0000	  0.0881
396.5000	  0.0879
396.0000	  0.0876
395.5000	  0.0875
395.0000	  0.0871
394.5000	  0.0869
394.0000	  0.0870
393.5000	  0.0869
393.0000	  0.0867
392.5000	  0.0866
392.0000	  0.0863
391.5000	  0.0863
391.0000	  0.0861
390.5000	  0.0862
390.0000	  0.0857
389.5000	  0.0859
389.0000	  0.0861
388.5000	  0.0862
388.0000	  0.0858
387.5000	  0.0857
387.0000	  0.0854
386.5000	  0.0856
386.0000	  0.0850
385.5000	  0.0853
385.0000	  0.0854
384.5000	  0.0849
384.0000	  0.0850
383.5000	  0.0846
383.0000	  0.0843
382.5000	  0.0842
382.0000	  0.0844
381.5000	  0.0845
381.0000	  0.0842
380.5000	  0.0845
380.0000	  0.0840
379.5000	  0.0842
379.0000	  0.0840
378.5000	  0.0841
378.0000	  0.0838
377.5000	  0.0844
377.0000	  0.0841
376.5000	  0.0834
376.0000	  0.0833
375.5000	  0.0839
375.0000	  0.0832
374.5000	  0.0832
374.0000	  0.0831
373.5000	  0.0835
373.0000	  0.0832
372.5000	  0.0831
372.0000	  0.0829
371.5000	  0.0826
371.0000	  0.0827
370.5000	  0.0828
370.0000	  0.0827
369.5000	  0.0824
369.0000	  0.0823
368.5000	  0.0828
368.0000	  0.0824
367.5000	  0.0823
367.0000	  0.0823
366.5000	  0.0825
366.0000	  0.0819
365.5000	  0.0824
365.0000	  0.0821
364.5000	  0.0816
364.0000	  0.0818
363.5000	  0.0819
363.0000	  0.0815
362.5000	  0.0820
362.0000	  0.0822
361.5000	  0.0817
361.0000	  0.0811
360.5000	  0.0814
360.0000	  0.0819
359.5000	  0.0813
359.0000	  0.0810
358.5000	  0.0805
358.0000	  0.0815
357.5000	  0.0808
357.0000	  0.0805
356.5000	  0.0810
356.0000	  0.0809
355.5000	  0.0805
355.0000	  0.0799
354.5000	  0.0798
354.0000	  0.0805
353.5000	  0.0800
353.0000	  0.0801
352.5000	  0.0801
352.0000	  0.0796
351.5000	  0.0790
351.0000	  0.0790
350.5000	  0.0787
350.0000	  0.0775
