09/05/2023 17.28.48
09/05/2023 17.36.08

900.0000	  3.0200

900.0000	  3.0200

900.0000	  1.3100



  1.0000
900.0000
  3.0000
340.0000
  1.0000
1101.0000
  5.0000
  6.0000
  1.0000
  1.0000
  0.0000
  0.0000
100.0000
  0.0000
  1.0000
  0.0000
500.0000
900.0000
350.0000
  4.0000
  1.0000
 18.0000
  2.0000
  1.0000
255.0000
  1.1431
  1.0000
 30.0000
  4.0000
500.0000
  0.0000
  0.0000
  4.0000
900.0000
350.0000
  0.0000
100.0000
  0.0000
  1.0000
  0.0000
500.0000
  1.0000
  1.0000
  1.0000
  1.0000
  4.0000
  0.0000
  1.0000
  1.0000
  1.0000
  1.0000
  1.0000
  2.0000
  1.0000
  1.0000
  1.0000
  3.0000
  1.0000
  1.0000
  1.0000
  4.0000
  5.0000
440.579
0.000
900.0000	  0.0098
899.5000	  0.0090
899.0000	  0.0232
898.5000	  0.0065
898.0000	  0.0231
897.5000	  0.0028
897.0000	  0.0269
896.5000	  0.0070
896.0000	  0.0098
895.5000	  0.0140
895.0000	  0.0036
894.5000	  0.0155
894.0000	  0.0020
893.5000	  0.0041
893.0000	  0.0124
892.5000	  0.0043
892.0000	 -0.0035
891.5000	 -0.0063
891.0000	  0.0009
890.5000	  0.0086
890.0000	  0.0089
889.5000	  0.0035
889.0000	  0.0118
888.5000	  0.0128
888.0000	  0.0090
887.5000	  0.0016
887.0000	  0.0102
886.5000	  0.0132
886.0000	  0.0017
885.5000	  0.0052
885.0000	  0.0105
884.5000	  0.0094
884.0000	  0.0078
883.5000	  0.0068
883.0000	  0.0086
882.5000	  0.0075
882.0000	  0.0110
881.5000	  0.0079
881.0000	  0.0072
880.5000	  0.0077
880.0000	  0.0077
879.5000	  0.0050
879.0000	  0.0056
878.5000	  0.0050
878.0000	  0.0082
877.5000	  0.0053
877.0000	  0.0072
876.5000	  0.0082
876.0000	  0.0070
875.5000	  0.0074
875.0000	  0.0042
874.5000	  0.0079
874.0000	  0.0043
873.5000	  0.0067
873.0000	  0.0060
872.5000	  0.0084
872.0000	  0.0091
871.5000	  0.0072
871.0000	  0.0063
870.5000	  0.0073
870.0000	  0.0071
869.5000	  0.0068
869.0000	  0.0084
868.5000	  0.0057
868.0000	  0.0070
867.5000	  0.0078
867.0000	  0.0065
866.5000	  0.0077
866.0000	  0.0058
865.5000	  0.0066
865.0000	  0.0070
864.5000	  0.0071
864.0000	  0.0075
863.5000	  0.0072
863.0000	  0.0077
862.5000	  0.0065
862.0000	  0.0069
861.5000	  0.0071
861.0000	  0.0066
860.5000	  0.0066
860.0000	  0.0067
859.5000	  0.0066
859.0000	  0.0073
858.5000	  0.0069
858.0000	  0.0075
857.5000	  0.0070
857.0000	  0.0068
856.5000	  0.0067
856.0000	  0.0067
855.5000	  0.0070
855.0000	  0.0071
854.5000	  0.0068
854.0000	  0.0072
853.5000	  0.0065
853.0000	  0.0067
852.5000	  0.0070
852.0000	  0.0070
851.5000	  0.0072
851.0000	  0.0068
850.5000	  0.0069
850.0000	  0.0070
849.5000	  0.0069
849.0000	  0.0067
848.5000	  0.0068
848.0000	  0.0068
847.5000	  0.0067
847.0000	  0.0069
846.5000	  0.0066
846.0000	  0.0069
845.5000	  0.0067
845.0000	  0.0069
844.5000	  0.0069
844.0000	  0.0068
843.5000	  0.0069
843.0000	  0.0066
842.5000	  0.0068
842.0000	  0.0066
841.5000	  0.0065
841.0000	  0.0070
840.5000	  0.0069
840.0000	  0.0066
839.5000	  0.0067
839.0000	  0.0066
838.5000	  0.0068
838.0000	  0.0067
837.5000	  0.0066
837.0000	  0.0066
836.5000	  0.0068
836.0000	  0.0067
835.5000	  0.0066
835.0000	  0.0065
834.5000	  0.0067
834.0000	  0.0066
833.5000	  0.0065
833.0000	  0.0065
832.5000	  0.0066
832.0000	  0.0065
831.5000	  0.0066
831.0000	  0.0065
830.5000	  0.0066
830.0000	  0.0066
829.5000	  0.0067
829.0000	  0.0066
828.5000	  0.0066
828.0000	  0.0066
827.5000	  0.0066
827.0000	  0.0067
826.5000	  0.0066
826.0000	  0.0066
825.5000	  0.0065
825.0000	  0.0065
824.5000	  0.0065
824.0000	  0.0066
823.5000	  0.0065
823.0000	  0.0065
822.5000	  0.0065
822.0000	  0.0065
821.5000	  0.0066
821.0000	  0.0065
820.5000	  0.0065
820.0000	  0.0065
819.5000	  0.0065
819.0000	  0.0065
818.5000	  0.0064
818.0000	  0.0066
817.5000	  0.0065
817.0000	  0.0065
816.5000	  0.0065
816.0000	  0.0065
815.5000	  0.0064
815.0000	  0.0064
814.5000	  0.0065
814.0000	  0.0064
813.5000	  0.0065
813.0000	  0.0064
812.5000	  0.0066
812.0000	  0.0065
811.5000	  0.0065
811.0000	  0.0064
810.5000	  0.0064
810.0000	  0.0064
809.5000	  0.0064
809.0000	  0.0064
808.5000	  0.0064
808.0000	  0.0065
807.5000	  0.0064
807.0000	  0.0064
806.5000	  0.0065
806.0000	  0.0065
805.5000	  0.0064
805.0000	  0.0065
804.5000	  0.0065
804.0000	  0.0064
803.5000	  0.0065
803.0000	  0.0064
802.5000	  0.0065
802.0000	  0.0064
801.5000	  0.0065
801.0000	  0.0064
800.5000	  0.0065
800.0000	  0.0064
799.5000	  0.0065
799.0000	  0.0065
798.5000	  0.0064
798.0000	  0.0065
797.5000	  0.0065
797.0000	  0.0064
796.5000	  0.0066
796.0000	  0.0065
795.5000	  0.0065
795.0000	  0.0065
794.5000	  0.0065
794.0000	  0.0065
793.5000	  0.0066
793.0000	  0.0065
792.5000	  0.0065
792.0000	  0.0065
791.5000	  0.0065
791.0000	  0.0065
790.5000	  0.0065
790.0000	  0.0065
789.5000	  0.0065
789.0000	  0.0066
788.5000	  0.0065
788.0000	  0.0066
787.5000	  0.0065
787.0000	  0.0065
786.5000	  0.0066
786.0000	  0.0066
785.5000	  0.0065
785.0000	  0.0067
784.5000	  0.0066
784.0000	  0.0065
783.5000	  0.0065
783.0000	  0.0066
782.5000	  0.0066
782.0000	  0.0066
781.5000	  0.0066
781.0000	  0.0066
780.5000	  0.0066
780.0000	  0.0066
779.5000	  0.0066
779.0000	  0.0066
778.5000	  0.0066
778.0000	  0.0067
777.5000	  0.0066
777.0000	  0.0067
776.5000	  0.0067
776.0000	  0.0067
775.5000	  0.0067
775.0000	  0.0068
774.5000	  0.0067
774.0000	  0.0067
773.5000	  0.0067
773.0000	  0.0067
772.5000	  0.0068
772.0000	  0.0067
771.5000	  0.0067
771.0000	  0.0068
770.5000	  0.0067
770.0000	  0.0069
769.5000	  0.0067
769.0000	  0.0068
768.5000	  0.0069
768.0000	  0.0068
767.5000	  0.0068
767.0000	  0.0069
766.5000	  0.0068
766.0000	  0.0069
765.5000	  0.0068
765.0000	  0.0069
764.5000	  0.0068
764.0000	  0.0068
763.5000	  0.0070
763.0000	  0.0069
762.5000	  0.0069
762.0000	  0.0070
761.5000	  0.0069
761.0000	  0.0069
760.5000	  0.0070
760.0000	  0.0070
759.5000	  0.0070
759.0000	  0.0070
758.5000	  0.0071
758.0000	  0.0071
757.5000	  0.0070
757.0000	  0.0071
756.5000	  0.0071
756.0000	  0.0070
755.5000	  0.0072
755.0000	  0.0071
754.5000	  0.0072
754.0000	  0.0072
753.5000	  0.0071
753.0000	  0.0072
752.5000	  0.0071
752.0000	  0.0072
751.5000	  0.0072
751.0000	  0.0071
750.5000	  0.0073
750.0000	  0.0072
749.5000	  0.0073
749.0000	  0.0073
748.5000	  0.0073
748.0000	  0.0074
747.5000	  0.0073
747.0000	  0.0073
746.5000	  0.0074
746.0000	  0.0074
745.5000	  0.0075
745.0000	  0.0075
744.5000	  0.0074
744.0000	  0.0075
743.5000	  0.0074
743.0000	  0.0076
742.5000	  0.0075
742.0000	  0.0076
741.5000	  0.0076
741.0000	  0.0075
740.5000	  0.0076
740.0000	  0.0076
739.5000	  0.0076
739.0000	  0.0077
738.5000	  0.0077
738.0000	  0.0076
737.5000	  0.0078
737.0000	  0.0078
736.5000	  0.0078
736.0000	  0.0078
735.5000	  0.0078
735.0000	  0.0078
734.5000	  0.0078
734.0000	  0.0079
733.5000	  0.0079
733.0000	  0.0079
732.5000	  0.0080
732.0000	  0.0079
731.5000	  0.0080
731.0000	  0.0080
730.5000	  0.0080
730.0000	  0.0081
729.5000	  0.0082
729.0000	  0.0082
728.5000	  0.0081
728.0000	  0.0082
727.5000	  0.0082
727.0000	  0.0083
726.5000	  0.0083
726.0000	  0.0084
725.5000	  0.0084
725.0000	  0.0084
724.5000	  0.0086
724.0000	  0.0085
723.5000	  0.0086
723.0000	  0.0086
722.5000	  0.0087
722.0000	  0.0087
721.5000	  0.0088
721.0000	  0.0089
720.5000	  0.0088
720.0000	  0.0089
719.5000	  0.0088
719.0000	  0.0091
718.5000	  0.0092
718.0000	  0.0092
717.5000	  0.0092
717.0000	  0.0091
716.5000	  0.0092
716.0000	  0.0092
715.5000	  0.0093
715.0000	  0.0092
714.5000	  0.0091
714.0000	  0.0092
713.5000	  0.0092
713.0000	  0.0092
712.5000	  0.0091
712.0000	  0.0092
711.5000	  0.0092
711.0000	  0.0091
710.5000	  0.0092
710.0000	  0.0091
709.5000	  0.0092
709.0000	  0.0092
708.5000	  0.0093
708.0000	  0.0092
707.5000	  0.0092
707.0000	  0.0092
706.5000	  0.0093
706.0000	  0.0094
705.5000	  0.0093
705.0000	  0.0094
704.5000	  0.0094
704.0000	  0.0094
703.5000	  0.0096
703.0000	  0.0095
702.5000	  0.0096
702.0000	  0.0096
701.5000	  0.0096
701.0000	  0.0097
700.5000	  0.0097
700.0000	  0.0097
699.5000	  0.0098
699.0000	  0.0098
698.5000	  0.0099
698.0000	  0.0099
697.5000	  0.0099
697.0000	  0.0100
696.5000	  0.0100
696.0000	  0.0101
695.5000	  0.0100
695.0000	  0.0100
694.5000	  0.0102
694.0000	  0.0103
693.5000	  0.0103
693.0000	  0.0103
692.5000	  0.0104
692.0000	  0.0103
691.5000	  0.0105
691.0000	  0.0105
690.5000	  0.0105
690.0000	  0.0105
689.5000	  0.0106
689.0000	  0.0106
688.5000	  0.0107
688.0000	  0.0108
687.5000	  0.0108
687.0000	  0.0108
686.5000	  0.0109
686.0000	  0.0110
685.5000	  0.0109
685.0000	  0.0110
684.5000	  0.0110
684.0000	  0.0112
683.5000	  0.0112
683.0000	  0.0112
682.5000	  0.0112
682.0000	  0.0113
681.5000	  0.0113
681.0000	  0.0113
680.5000	  0.0114
680.0000	  0.0115
679.5000	  0.0116
679.0000	  0.0116
678.5000	  0.0116
678.0000	  0.0117
677.5000	  0.0118
677.0000	  0.0118
676.5000	  0.0119
676.0000	  0.0120
675.5000	  0.0120
675.0000	  0.0121
674.5000	  0.0121
674.0000	  0.0121
673.5000	  0.0122
673.0000	  0.0123
672.5000	  0.0123
672.0000	  0.0124
671.5000	  0.0125
671.0000	  0.0126
670.5000	  0.0126
670.0000	  0.0126
669.5000	  0.0127
669.0000	  0.0128
668.5000	  0.0128
668.0000	  0.0129
667.5000	  0.0130
667.0000	  0.0130
666.5000	  0.0130
666.0000	  0.0131
665.5000	  0.0132
665.0000	  0.0133
664.5000	  0.0134
664.0000	  0.0133
663.5000	  0.0134
663.0000	  0.0135
662.5000	  0.0136
662.0000	  0.0137
661.5000	  0.0138
661.0000	  0.0137
660.5000	  0.0138
660.0000	  0.0140
659.5000	  0.0140
659.0000	  0.0141
658.5000	  0.0142
658.0000	  0.0142
657.5000	  0.0144
657.0000	  0.0144
656.5000	  0.0145
656.0000	  0.0145
655.5000	  0.0147
655.0000	  0.0147
654.5000	  0.0147
654.0000	  0.0148
653.5000	  0.0149
653.0000	  0.0150
652.5000	  0.0150
652.0000	  0.0151
651.5000	  0.0152
651.0000	  0.0153
650.5000	  0.0154
650.0000	  0.0154
649.5000	  0.0155
649.0000	  0.0156
648.5000	  0.0157
648.0000	  0.0158
647.5000	  0.0159
647.0000	  0.0160
646.5000	  0.0160
646.0000	  0.0161
645.5000	  0.0162
645.0000	  0.0163
644.5000	  0.0163
644.0000	  0.0165
643.5000	  0.0165
643.0000	  0.0167
642.5000	  0.0168
642.0000	  0.0168
641.5000	  0.0169
641.0000	  0.0170
640.5000	  0.0171
640.0000	  0.0171
639.5000	  0.0173
639.0000	  0.0173
638.5000	  0.0175
638.0000	  0.0176
637.5000	  0.0176
637.0000	  0.0177
636.5000	  0.0178
636.0000	  0.0179
635.5000	  0.0180
635.0000	  0.0181
634.5000	  0.0182
634.0000	  0.0183
633.5000	  0.0184
633.0000	  0.0185
632.5000	  0.0187
632.0000	  0.0188
631.5000	  0.0188
631.0000	  0.0190
630.5000	  0.0191
630.0000	  0.0192
629.5000	  0.0194
629.0000	  0.0195
628.5000	  0.0196
628.0000	  0.0197
627.5000	  0.0199
627.0000	  0.0200
626.5000	  0.0201
626.0000	  0.0203
625.5000	  0.0205
625.0000	  0.0206
624.5000	  0.0208
624.0000	  0.0209
623.5000	  0.0210
623.0000	  0.0211
622.5000	  0.0214
622.0000	  0.0215
621.5000	  0.0216
621.0000	  0.0218
620.5000	  0.0218
620.0000	  0.0220
619.5000	  0.0222
619.0000	  0.0223
618.5000	  0.0224
618.0000	  0.0226
617.5000	  0.0227
617.0000	  0.0228
616.5000	  0.0228
616.0000	  0.0231
615.5000	  0.0232
615.0000	  0.0233
614.5000	  0.0234
614.0000	  0.0236
613.5000	  0.0237
613.0000	  0.0239
612.5000	  0.0240
612.0000	  0.0241
611.5000	  0.0243
611.0000	  0.0244
610.5000	  0.0247
610.0000	  0.0248
609.5000	  0.0249
609.0000	  0.0250
608.5000	  0.0251
608.0000	  0.0254
607.5000	  0.0256
607.0000	  0.0257
606.5000	  0.0257
606.0000	  0.0260
605.5000	  0.0262
605.0000	  0.0263
604.5000	  0.0265
604.0000	  0.0265
603.5000	  0.0268
603.0000	  0.0269
602.5000	  0.0271
602.0000	  0.0274
601.5000	  0.0276
601.0000	  0.0276
600.5000	  0.0279
600.0000	  0.0279
599.5000	  0.0282
599.0000	  0.0283
598.5000	  0.0285
598.0000	  0.0286
597.5000	  0.0289
597.0000	  0.0291
596.5000	  0.0293
596.0000	  0.0294
595.5000	  0.0297
595.0000	  0.0299
594.5000	  0.0300
594.0000	  0.0302
593.5000	  0.0303
593.0000	  0.0305
592.5000	  0.0307
592.0000	  0.0309
591.5000	  0.0311
591.0000	  0.0313
590.5000	  0.0315
590.0000	  0.0318
589.5000	  0.0319
589.0000	  0.0321
588.5000	  0.0323
588.0000	  0.0325
587.5000	  0.0327
587.0000	  0.0330
586.5000	  0.0332
586.0000	  0.0334
585.5000	  0.0336
585.0000	  0.0338
584.5000	  0.0340
584.0000	  0.0342
583.5000	  0.0344
583.0000	  0.0347
582.5000	  0.0349
582.0000	  0.0351
581.5000	  0.0353
581.0000	  0.0355
580.5000	  0.0357
580.0000	  0.0360
579.5000	  0.0361
579.0000	  0.0365
578.5000	  0.0367
578.0000	  0.0368
577.5000	  0.0371
577.0000	  0.0374
576.5000	  0.0376
576.0000	  0.0379
575.5000	  0.0381
575.0000	  0.0383
574.5000	  0.0386
574.0000	  0.0388
573.5000	  0.0389
573.0000	  0.0394
572.5000	  0.0396
572.0000	  0.0397
571.5000	  0.0402
571.0000	  0.0403
570.5000	  0.0406
570.0000	  0.0409
569.5000	  0.0412
569.0000	  0.0414
568.5000	  0.0418
568.0000	  0.0420
567.5000	  0.0422
567.0000	  0.0425
566.5000	  0.0429
566.0000	  0.0432
565.5000	  0.0434
565.0000	  0.0439
564.5000	  0.0440
564.0000	  0.0443
563.5000	  0.0446
563.0000	  0.0451
562.5000	  0.0452
562.0000	  0.0456
561.5000	  0.0458
561.0000	  0.0461
560.5000	  0.0465
560.0000	  0.0467
559.5000	  0.0469
559.0000	  0.0473
558.5000	  0.0476
558.0000	  0.0479
557.5000	  0.0482
557.0000	  0.0486
556.5000	  0.0489
556.0000	  0.0493
555.5000	  0.0495
555.0000	  0.0499
554.5000	  0.0502
554.0000	  0.0506
553.5000	  0.0509
553.0000	  0.0512
552.5000	  0.0516
552.0000	  0.0519
551.5000	  0.0523
551.0000	  0.0526
550.5000	  0.0530
550.0000	  0.0534
549.5000	  0.0536
549.0000	  0.0541
548.5000	  0.0544
548.0000	  0.0548
547.5000	  0.0551
547.0000	  0.0555
546.5000	  0.0559
546.0000	  0.0562
545.5000	  0.0567
545.0000	  0.0570
544.5000	  0.0575
544.0000	  0.0579
543.5000	  0.0582
543.0000	  0.0586
542.5000	  0.0589
542.0000	  0.0593
541.5000	  0.0597
541.0000	  0.0602
540.5000	  0.0605
540.0000	  0.0608
539.5000	  0.0613
539.0000	  0.0618
538.5000	  0.0622
538.0000	  0.0625
537.5000	  0.0628
537.0000	  0.0633
536.5000	  0.0639
536.0000	  0.0643
535.5000	  0.0646
535.0000	  0.0649
534.5000	  0.0655
534.0000	  0.0658
533.5000	  0.0664
533.0000	  0.0667
532.5000	  0.0671
532.0000	  0.0676
531.5000	  0.0681
531.0000	  0.0685
530.5000	  0.0689
530.0000	  0.0694
529.5000	  0.0699
529.0000	  0.0702
528.5000	  0.0707
528.0000	  0.0711
527.5000	  0.0716
527.0000	  0.0721
526.5000	  0.0726
526.0000	  0.0730
525.5000	  0.0733
525.0000	  0.0740
524.5000	  0.0744
524.0000	  0.0748
523.5000	  0.0751
523.0000	  0.0757
522.5000	  0.0762
522.0000	  0.0766
521.5000	  0.0772
521.0000	  0.0776
520.5000	  0.0780
520.0000	  0.0784
519.5000	  0.0789
519.0000	  0.0794
518.5000	  0.0798
518.0000	  0.0804
517.5000	  0.0807
517.0000	  0.0811
516.5000	  0.0816
516.0000	  0.0819
515.5000	  0.0823
515.0000	  0.0828
514.5000	  0.0832
514.0000	  0.0837
513.5000	  0.0840
513.0000	  0.0845
512.5000	  0.0848
512.0000	  0.0853
511.5000	  0.0856
511.0000	  0.0860
510.5000	  0.0863
510.0000	  0.0866
509.5000	  0.0871
509.0000	  0.0873
508.5000	  0.0877
508.0000	  0.0881
507.5000	  0.0885
507.0000	  0.0888
506.5000	  0.0892
506.0000	  0.0895
505.5000	  0.0899
505.0000	  0.0900
504.5000	  0.0904
504.0000	  0.0907
503.5000	  0.0909
503.0000	  0.0914
502.5000	  0.0912
502.0000	  0.0915
501.5000	  0.0919
501.0000	  0.0921
500.5000	  0.0921
500.0000	  0.0925
499.5000	  0.0926
499.0000	  0.0929
498.5000	  0.0926
498.0000	  0.0928
497.5000	  0.0929
497.0000	  0.0930
496.5000	  0.0929
496.0000	  0.0928
495.5000	  0.0926
495.0000	  0.0927
494.5000	  0.0926
494.0000	  0.0925
493.5000	  0.0924
493.0000	  0.0922
492.5000	  0.0921
492.0000	  0.0919
491.5000	  0.0915
491.0000	  0.0914
490.5000	  0.0910
490.0000	  0.0907
489.5000	  0.0904
489.0000	  0.0903
488.5000	  0.0898
488.0000	  0.0893
487.5000	  0.0889
487.0000	  0.0886
486.5000	  0.0883
486.0000	  0.0879
485.5000	  0.0875
485.0000	  0.0869
484.5000	  0.0864
484.0000	  0.0860
483.5000	  0.0857
483.0000	  0.0852
482.5000	  0.0848
482.0000	  0.0844
481.5000	  0.0839
481.0000	  0.0834
480.5000	  0.0828
480.0000	  0.0824
479.5000	  0.0819
479.0000	  0.0815
478.5000	  0.0811
478.0000	  0.0807
477.5000	  0.0802
477.0000	  0.0797
476.5000	  0.0792
476.0000	  0.0787
475.5000	  0.0782
475.0000	  0.0778
474.5000	  0.0774
474.0000	  0.0771
473.5000	  0.0765
473.0000	  0.0761
472.5000	  0.0754
472.0000	  0.0752
471.5000	  0.0748
471.0000	  0.0743
470.5000	  0.0740
470.0000	  0.0734
469.5000	  0.0731
469.0000	  0.0727
468.5000	  0.0725
468.0000	  0.0721
467.5000	  0.0714
467.0000	  0.0711
466.5000	  0.0708
466.0000	  0.0706
465.5000	  0.0701
465.0000	  0.0697
464.5000	  0.0693
464.0000	  0.0692
463.5000	  0.0688
463.0000	  0.0685
462.5000	  0.0679
462.0000	  0.0680
461.5000	  0.0677
461.0000	  0.0671
460.5000	  0.0667
460.0000	  0.0666
459.5000	  0.0662
459.0000	  0.0660
458.5000	  0.0654
458.0000	  0.0652
457.5000	  0.0648
457.0000	  0.0647
456.5000	  0.0638
456.0000	  0.0637
455.5000	  0.0633
455.0000	  0.0628
454.5000	  0.0625
454.0000	  0.0621
453.5000	  0.0617
453.0000	  0.0613
452.5000	  0.0607
452.0000	  0.0604
451.5000	  0.0600
451.0000	  0.0596
450.5000	  0.0592
450.0000	  0.0589
449.5000	  0.0583
449.0000	  0.0581
448.5000	  0.0573
448.0000	  0.0570
447.5000	  0.0565
447.0000	  0.0563
446.5000	  0.0560
446.0000	  0.0555
445.5000	  0.0552
445.0000	  0.0548
444.5000	  0.0545
444.0000	  0.0543
443.5000	  0.0536
443.0000	  0.0532
442.5000	  0.0530
442.0000	  0.0528
441.5000	  0.0524
441.0000	  0.0523
440.5000	  0.0518
440.0000	  0.0519
439.5000	  0.0514
439.0000	  0.0511
438.5000	  0.0510
438.0000	  0.0507
437.5000	  0.0503
437.0000	  0.0499
436.5000	  0.0498
436.0000	  0.0495
435.5000	  0.0493
435.0000	  0.0491
434.5000	  0.0487
434.0000	  0.0487
433.5000	  0.0483
433.0000	  0.0482
432.5000	  0.0480
432.0000	  0.0477
431.5000	  0.0472
431.0000	  0.0473
430.5000	  0.0470
430.0000	  0.0469
429.5000	  0.0467
429.0000	  0.0464
428.5000	  0.0462
428.0000	  0.0461
427.5000	  0.0459
427.0000	  0.0456
426.5000	  0.0454
426.0000	  0.0450
425.5000	  0.0453
425.0000	  0.0449
424.5000	  0.0447
424.0000	  0.0447
423.5000	  0.0445
423.0000	  0.0443
422.5000	  0.0441
422.0000	  0.0439
421.5000	  0.0436
421.0000	  0.0436
420.5000	  0.0434
420.0000	  0.0432
419.5000	  0.0430
419.0000	  0.0428
418.5000	  0.0425
418.0000	  0.0425
417.5000	  0.0423
417.0000	  0.0421
416.5000	  0.0419
416.0000	  0.0418
415.5000	  0.0417
415.0000	  0.0415
414.5000	  0.0414
414.0000	  0.0412
413.5000	  0.0411
413.0000	  0.0407
412.5000	  0.0407
412.0000	  0.0406
411.5000	  0.0406
411.0000	  0.0403
410.5000	  0.0401
410.0000	  0.0400
409.5000	  0.0398
409.0000	  0.0398
408.5000	  0.0395
408.0000	  0.0394
407.5000	  0.0394
407.0000	  0.0392
406.5000	  0.0389
406.0000	  0.0387
405.5000	  0.0388
405.0000	  0.0389
404.5000	  0.0383
404.0000	  0.0381
403.5000	  0.0381
403.0000	  0.0380
402.5000	  0.0379
402.0000	  0.0377
401.5000	  0.0374
401.0000	  0.0372
400.5000	  0.0374
400.0000	  0.0372
399.5000	  0.0369
399.0000	  0.0370
398.5000	  0.0367
398.0000	  0.0368
397.5000	  0.0367
397.0000	  0.0364
396.5000	  0.0362
396.0000	  0.0362
395.5000	  0.0361
395.0000	  0.0361
394.5000	  0.0361
394.0000	  0.0357
393.5000	  0.0358
393.0000	  0.0356
392.5000	  0.0354
392.0000	  0.0355
391.5000	  0.0353
391.0000	  0.0353
390.5000	  0.0352
390.0000	  0.0353
389.5000	  0.0349
389.0000	  0.0350
388.5000	  0.0348
388.0000	  0.0346
387.5000	  0.0346
387.0000	  0.0345
386.5000	  0.0346
386.0000	  0.0343
385.5000	  0.0345
385.0000	  0.0344
384.5000	  0.0343
384.0000	  0.0342
383.5000	  0.0341
383.0000	  0.0339
382.5000	  0.0339
382.0000	  0.0341
381.5000	  0.0341
381.0000	  0.0339
380.5000	  0.0339
380.0000	  0.0337
379.5000	  0.0336
379.0000	  0.0336
378.5000	  0.0336
378.0000	  0.0334
377.5000	  0.0336
377.0000	  0.0332
376.5000	  0.0333
376.0000	  0.0333
375.5000	  0.0329
375.0000	  0.0331
374.5000	  0.0332
374.0000	  0.0329
373.5000	  0.0329
373.0000	  0.0327
372.5000	  0.0326
372.0000	  0.0327
371.5000	  0.0328
371.0000	  0.0326
370.5000	  0.0328
370.0000	  0.0325
369.5000	  0.0324
369.0000	  0.0327
368.5000	  0.0326
368.0000	  0.0327
367.5000	  0.0322
367.0000	  0.0324
366.5000	  0.0321
366.0000	  0.0320
365.5000	  0.0324
365.0000	  0.0322
364.5000	  0.0322
364.0000	  0.0319
363.5000	  0.0323
363.0000	  0.0322
362.5000	  0.0318
362.0000	  0.0318
361.5000	  0.0318
361.0000	  0.0314
360.5000	  0.0316
360.0000	  0.0315
359.5000	  0.0314
359.0000	  0.0313
358.5000	  0.0311
358.0000	  0.0310
357.5000	  0.0312
357.0000	  0.0313
356.5000	  0.0309
356.0000	  0.0312
355.5000	  0.0309
355.0000	  0.0310
354.5000	  0.0309
354.0000	  0.0306
353.5000	  0.0308
353.0000	  0.0307
352.5000	  0.0305
352.0000	  0.0305
351.5000	  0.0301
351.0000	  0.0299
350.5000	  0.0301
350.0000	  0.0298
