31/03/2023 16.00.03
31/03/2023 16.08.32

900.0000	 45.9800

900.0000	 45.9800

900.0000	 27.2600



  1.0000
900.0000
  3.0000
340.0000
  1.0000
1301.0000
  5.0000
  6.0000
  1.0000
  1.0000
  0.0000
  0.0000
100.0000
  0.0000
  1.0000
  0.0000
500.0000
900.0000
250.0000
  4.0000
  1.0000
 18.0000
  2.0000
  1.0000
255.0000
  0.8402
  1.0000
 30.0000
  4.0000
500.0000
  0.0000
  0.0000
  4.0000
900.0000
250.0000
  0.0000
100.0000
  0.0000
  1.0000
  0.0000
500.0000
  1.0000
  1.0000
  1.0000
  1.0000
  4.0000
  0.0000
  1.0000
  1.0000
  1.0000
  1.0000
  1.0000
  2.0000
  1.0000
  1.0000
  1.0000
  3.0000
  1.0000
  1.0000
  1.0000
  4.0000
  5.0000
509.001
0.000
900.0000	  0.2180
899.5000	  0.3933
899.0000	  0.4242
898.5000	  0.4441
898.0000	  0.3415
897.5000	  0.2713
897.0000	  0.3115
896.5000	  0.3489
896.0000	  0.3095
895.5000	  0.3365
895.0000	  0.3937
894.5000	  0.2966
894.0000	  0.4053
893.5000	  0.3049
893.0000	  0.3418
892.5000	  0.3370
892.0000	  0.3404
891.5000	  0.3323
891.0000	  0.2999
890.5000	  0.3576
890.0000	  0.2990
889.5000	  0.3724
889.0000	  0.3503
888.5000	  0.3563
888.0000	  0.3578
887.5000	  0.3510
887.0000	  0.3523
886.5000	  0.3681
886.0000	  0.3627
885.5000	  0.3053
885.0000	  0.3657
884.5000	  0.3512
884.0000	  0.3767
883.5000	  0.3194
883.0000	  0.3325
882.5000	  0.3455
882.0000	  0.3302
881.5000	  0.3621
881.0000	  0.3350
880.5000	  0.3493
880.0000	  0.3321
879.5000	  0.3418
879.0000	  0.3498
878.5000	  0.3500
878.0000	  0.3481
877.5000	  0.3511
877.0000	  0.3291
876.5000	  0.3197
876.0000	  0.3316
875.5000	  0.3474
875.0000	  0.3281
874.5000	  0.3375
874.0000	  0.3202
873.5000	  0.3299
873.0000	  0.3522
872.5000	  0.3451
872.0000	  0.3341
871.5000	  0.3369
871.0000	  0.3302
870.5000	  0.3349
870.0000	  0.3382
869.5000	  0.3427
869.0000	  0.3233
868.5000	  0.3460
868.0000	  0.3301
867.5000	  0.3309
867.0000	  0.3277
866.5000	  0.3318
866.0000	  0.3387
865.5000	  0.3256
865.0000	  0.3383
864.5000	  0.3276
864.0000	  0.3344
863.5000	  0.3265
863.0000	  0.3364
862.5000	  0.3383
862.0000	  0.3291
861.5000	  0.3414
861.0000	  0.3311
860.5000	  0.3392
860.0000	  0.3373
859.5000	  0.3355
859.0000	  0.3322
858.5000	  0.3319
858.0000	  0.3348
857.5000	  0.3380
857.0000	  0.3329
856.5000	  0.3327
856.0000	  0.3375
855.5000	  0.3339
855.0000	  0.3367
854.5000	  0.3327
854.0000	  0.3349
853.5000	  0.3345
853.0000	  0.3363
852.5000	  0.3343
852.0000	  0.3358
851.5000	  0.3346
851.0000	  0.3329
850.5000	  0.3329
850.0000	  0.3337
849.5000	  0.3330
849.0000	  0.3319
848.5000	  0.3340
848.0000	  0.3347
847.5000	  0.3344
847.0000	  0.3333
846.5000	  0.3330
846.0000	  0.3323
845.5000	  0.3333
845.0000	  0.3332
844.5000	  0.3328
844.0000	  0.3314
843.5000	  0.3329
843.0000	  0.3330
842.5000	  0.3315
842.0000	  0.3327
841.5000	  0.3316
841.0000	  0.3313
840.5000	  0.3303
840.0000	  0.3321
839.5000	  0.3303
839.0000	  0.3313
838.5000	  0.3294
838.0000	  0.3301
837.5000	  0.3298
837.0000	  0.3285
836.5000	  0.3285
836.0000	  0.3288
835.5000	  0.3291
835.0000	  0.3296
834.5000	  0.3285
834.0000	  0.3273
833.5000	  0.3269
833.0000	  0.3269
832.5000	  0.3263
832.0000	  0.3269
831.5000	  0.3253
831.0000	  0.3260
830.5000	  0.3252
830.0000	  0.3255
829.5000	  0.3247
829.0000	  0.3257
828.5000	  0.3244
828.0000	  0.3233
827.5000	  0.3229
827.0000	  0.3235
826.5000	  0.3228
826.0000	  0.3225
825.5000	  0.3232
825.0000	  0.3232
824.5000	  0.3216
824.0000	  0.3225
823.5000	  0.3216
823.0000	  0.3214
822.5000	  0.3218
822.0000	  0.3221
821.5000	  0.3205
821.0000	  0.3210
820.5000	  0.3221
820.0000	  0.3205
819.5000	  0.3197
819.0000	  0.3203
818.5000	  0.3191
818.0000	  0.3195
817.5000	  0.3198
817.0000	  0.3199
816.5000	  0.3182
816.0000	  0.3194
815.5000	  0.3194
815.0000	  0.3183
814.5000	  0.3195
814.0000	  0.3190
813.5000	  0.3186
813.0000	  0.3183
812.5000	  0.3185
812.0000	  0.3178
811.5000	  0.3192
811.0000	  0.3175
810.5000	  0.3179
810.0000	  0.3180
809.5000	  0.3186
809.0000	  0.3172
808.5000	  0.3175
808.0000	  0.3165
807.5000	  0.3186
807.0000	  0.3173
806.5000	  0.3160
806.0000	  0.3174
805.5000	  0.3172
805.0000	  0.3167
804.5000	  0.3170
804.0000	  0.3171
803.5000	  0.3164
803.0000	  0.3168
802.5000	  0.3172
802.0000	  0.3156
801.5000	  0.3164
801.0000	  0.3164
800.5000	  0.3168
800.0000	  0.3168
799.5000	  0.3167
799.0000	  0.3161
798.5000	  0.3163
798.0000	  0.3162
797.5000	  0.3168
797.0000	  0.3161
796.5000	  0.3156
796.0000	  0.3154
795.5000	  0.3154
795.0000	  0.3156
794.5000	  0.3155
794.0000	  0.3156
793.5000	  0.3148
793.0000	  0.3157
792.5000	  0.3159
792.0000	  0.3158
791.5000	  0.3156
791.0000	  0.3152
790.5000	  0.3159
790.0000	  0.3157
789.5000	  0.3147
789.0000	  0.3151
788.5000	  0.3166
788.0000	  0.3143
787.5000	  0.3157
787.0000	  0.3152
786.5000	  0.3151
786.0000	  0.3152
785.5000	  0.3146
785.0000	  0.3139
784.5000	  0.3153
784.0000	  0.3150
783.5000	  0.3140
783.0000	  0.3153
782.5000	  0.3138
782.0000	  0.3158
781.5000	  0.3150
781.0000	  0.3132
780.5000	  0.3156
780.0000	  0.3146
779.5000	  0.3139
779.0000	  0.3141
778.5000	  0.3148
778.0000	  0.3134
777.5000	  0.3150
777.0000	  0.3140
776.5000	  0.3142
776.0000	  0.3142
775.5000	  0.3143
775.0000	  0.3142
774.5000	  0.3145
774.0000	  0.3139
773.5000	  0.3150
773.0000	  0.3140
772.5000	  0.3147
772.0000	  0.3143
771.5000	  0.3136
771.0000	  0.3144
770.5000	  0.3145
770.0000	  0.3143
769.5000	  0.3147
769.0000	  0.3148
768.5000	  0.3140
768.0000	  0.3146
767.5000	  0.3137
767.0000	  0.3148
766.5000	  0.3150
766.0000	  0.3142
765.5000	  0.3143
765.0000	  0.3142
764.5000	  0.3133
764.0000	  0.3150
763.5000	  0.3141
763.0000	  0.3148
762.5000	  0.3140
762.0000	  0.3143
761.5000	  0.3144
761.0000	  0.3134
760.5000	  0.3145
760.0000	  0.3136
759.5000	  0.3144
759.0000	  0.3150
758.5000	  0.3144
758.0000	  0.3146
757.5000	  0.3150
757.0000	  0.3143
756.5000	  0.3155
756.0000	  0.3147
755.5000	  0.3149
755.0000	  0.3151
754.5000	  0.3137
754.0000	  0.3153
753.5000	  0.3143
753.0000	  0.3154
752.5000	  0.3148
752.0000	  0.3142
751.5000	  0.3160
751.0000	  0.3145
750.5000	  0.3147
750.0000	  0.3157
749.5000	  0.3148
749.0000	  0.3156
748.5000	  0.3158
748.0000	  0.3156
747.5000	  0.3164
747.0000	  0.3156
746.5000	  0.3159
746.0000	  0.3155
745.5000	  0.3164
745.0000	  0.3160
744.5000	  0.3155
744.0000	  0.3166
743.5000	  0.3165
743.0000	  0.3170
742.5000	  0.3171
742.0000	  0.3169
741.5000	  0.3174
741.0000	  0.3176
740.5000	  0.3167
740.0000	  0.3187
739.5000	  0.3170
739.0000	  0.3186
738.5000	  0.3181
738.0000	  0.3180
737.5000	  0.3187
737.0000	  0.3181
736.5000	  0.3193
736.0000	  0.3182
735.5000	  0.3188
735.0000	  0.3194
734.5000	  0.3192
734.0000	  0.3206
733.5000	  0.3202
733.0000	  0.3203
732.5000	  0.3203
732.0000	  0.3203
731.5000	  0.3217
731.0000	  0.3207
730.5000	  0.3225
730.0000	  0.3237
729.5000	  0.3228
729.0000	  0.3235
728.5000	  0.3237
728.0000	  0.3246
727.5000	  0.3240
727.0000	  0.3249
726.5000	  0.3255
726.0000	  0.3267
725.5000	  0.3270
725.0000	  0.3274
724.5000	  0.3288
724.0000	  0.3296
723.5000	  0.3305
723.0000	  0.3303
722.5000	  0.3322
722.0000	  0.3328
721.5000	  0.3332
721.0000	  0.3349
720.5000	  0.3358
720.0000	  0.3372
719.5000	  0.3371
719.0000	  0.3398
718.5000	  0.3414
718.0000	  0.3415
717.5000	  0.3429
717.0000	  0.3433
716.5000	  0.3435
716.0000	  0.3434
715.5000	  0.3434
715.0000	  0.3440
714.5000	  0.3433
714.0000	  0.3429
713.5000	  0.3409
713.0000	  0.3403
712.5000	  0.3398
712.0000	  0.3389
711.5000	  0.3368
711.0000	  0.3363
710.5000	  0.3357
710.0000	  0.3347
709.5000	  0.3339
709.0000	  0.3323
708.5000	  0.3311
708.0000	  0.3303
707.5000	  0.3313
707.0000	  0.3287
706.5000	  0.3285
706.0000	  0.3288
705.5000	  0.3285
705.0000	  0.3291
704.5000	  0.3286
704.0000	  0.3300
703.5000	  0.3292
703.0000	  0.3314
702.5000	  0.3296
702.0000	  0.3307
701.5000	  0.3307
701.0000	  0.3310
700.5000	  0.3313
700.0000	  0.3307
699.5000	  0.3320
699.0000	  0.3316
698.5000	  0.3330
698.0000	  0.3324
697.5000	  0.3327
697.0000	  0.3324
696.5000	  0.3331
696.0000	  0.3335
695.5000	  0.3331
695.0000	  0.3336
694.5000	  0.3337
694.0000	  0.3347
693.5000	  0.3338
693.0000	  0.3354
692.5000	  0.3348
692.0000	  0.3349
691.5000	  0.3350
691.0000	  0.3360
690.5000	  0.3361
690.0000	  0.3365
689.5000	  0.3361
689.0000	  0.3366
688.5000	  0.3373
688.0000	  0.3368
687.5000	  0.3380
687.0000	  0.3385
686.5000	  0.3382
686.0000	  0.3388
685.5000	  0.3391
685.0000	  0.3386
684.5000	  0.3398
684.0000	  0.3400
683.5000	  0.3409
683.0000	  0.3402
682.5000	  0.3404
682.0000	  0.3412
681.5000	  0.3410
681.0000	  0.3413
680.5000	  0.3422
680.0000	  0.3430
679.5000	  0.3423
679.0000	  0.3433
678.5000	  0.3434
678.0000	  0.3444
677.5000	  0.3443
677.0000	  0.3441
676.5000	  0.3445
676.0000	  0.3450
675.5000	  0.3459
675.0000	  0.3456
674.5000	  0.3466
674.0000	  0.3464
673.5000	  0.3474
673.0000	  0.3474
672.5000	  0.3485
672.0000	  0.3479
671.5000	  0.3491
671.0000	  0.3490
670.5000	  0.3503
670.0000	  0.3495
669.5000	  0.3497
669.0000	  0.3511
668.5000	  0.3514
668.0000	  0.3510
667.5000	  0.3522
667.0000	  0.3526
666.5000	  0.3531
666.0000	  0.3537
665.5000	  0.3539
665.0000	  0.3540
664.5000	  0.3545
664.0000	  0.3546
663.5000	  0.3555
663.0000	  0.3553
662.5000	  0.3572
662.0000	  0.3563
661.5000	  0.3575
661.0000	  0.3575
660.5000	  0.3580
660.0000	  0.3582
659.5000	  0.3591
659.0000	  0.3591
658.5000	  0.3593
658.0000	  0.3600
657.5000	  0.3608
657.0000	  0.3610
656.5000	  0.3616
656.0000	  0.3618
655.5000	  0.3630
655.0000	  0.3626
654.5000	  0.3632
654.0000	  0.3639
653.5000	  0.3643
653.0000	  0.3643
652.5000	  0.3651
652.0000	  0.3651
651.5000	  0.3663
651.0000	  0.3668
650.5000	  0.3666
650.0000	  0.3671
649.5000	  0.3683
649.0000	  0.3682
648.5000	  0.3688
648.0000	  0.3693
647.5000	  0.3689
647.0000	  0.3704
646.5000	  0.3702
646.0000	  0.3703
645.5000	  0.3709
645.0000	  0.3719
644.5000	  0.3721
644.0000	  0.3727
643.5000	  0.3729
643.0000	  0.3731
642.5000	  0.3734
642.0000	  0.3734
641.5000	  0.3739
641.0000	  0.3737
640.5000	  0.3741
640.0000	  0.3747
639.5000	  0.3747
639.0000	  0.3747
638.5000	  0.3750
638.0000	  0.3754
637.5000	  0.3752
637.0000	  0.3747
636.5000	  0.3749
636.0000	  0.3744
635.5000	  0.3741
635.0000	  0.3736
634.5000	  0.3741
634.0000	  0.3730
633.5000	  0.3730
633.0000	  0.3727
632.5000	  0.3720
632.0000	  0.3716
631.5000	  0.3712
631.0000	  0.3711
630.5000	  0.3713
630.0000	  0.3718
629.5000	  0.3726
629.0000	  0.3727
628.5000	  0.3740
628.0000	  0.3760
627.5000	  0.3773
627.0000	  0.3796
626.5000	  0.3816
626.0000	  0.3835
625.5000	  0.3847
625.0000	  0.3875
624.5000	  0.3899
624.0000	  0.3921
623.5000	  0.3954
623.0000	  0.3974
622.5000	  0.3983
622.0000	  0.4004
621.5000	  0.4035
621.0000	  0.4054
620.5000	  0.4067
620.0000	  0.4081
619.5000	  0.4093
619.0000	  0.4113
618.5000	  0.4129
618.0000	  0.4142
617.5000	  0.4161
617.0000	  0.4171
616.5000	  0.4166
616.0000	  0.4163
615.5000	  0.4157
615.0000	  0.4178
614.5000	  0.4171
614.0000	  0.4174
613.5000	  0.4183
613.0000	  0.4185
612.5000	  0.4197
612.0000	  0.4198
611.5000	  0.4202
611.0000	  0.4210
610.5000	  0.4216
610.0000	  0.4227
609.5000	  0.4234
609.0000	  0.4241
608.5000	  0.4248
608.0000	  0.4256
607.5000	  0.4262
607.0000	  0.4268
606.5000	  0.4277
606.0000	  0.4276
605.5000	  0.4290
605.0000	  0.4294
604.5000	  0.4296
604.0000	  0.4305
603.5000	  0.4308
603.0000	  0.4314
602.5000	  0.4330
602.0000	  0.4333
601.5000	  0.4338
601.0000	  0.4348
600.5000	  0.4361
600.0000	  0.4366
599.5000	  0.4371
599.0000	  0.4376
598.5000	  0.4382
598.0000	  0.4393
597.5000	  0.4408
597.0000	  0.4411
596.5000	  0.4417
596.0000	  0.4424
595.5000	  0.4427
595.0000	  0.4435
594.5000	  0.4444
594.0000	  0.4449
593.5000	  0.4460
593.0000	  0.4469
592.5000	  0.4473
592.0000	  0.4486
591.5000	  0.4489
591.0000	  0.4499
590.5000	  0.4498
590.0000	  0.4506
589.5000	  0.4519
589.0000	  0.4528
588.5000	  0.4540
588.0000	  0.4538
587.5000	  0.4547
587.0000	  0.4555
586.5000	  0.4550
586.0000	  0.4571
585.5000	  0.4573
585.0000	  0.4581
584.5000	  0.4593
584.0000	  0.4591
583.5000	  0.4613
583.0000	  0.4609
582.5000	  0.4621
582.0000	  0.4627
581.5000	  0.4633
581.0000	  0.4632
580.5000	  0.4640
580.0000	  0.4652
579.5000	  0.4665
579.0000	  0.4671
578.5000	  0.4675
578.0000	  0.4681
577.5000	  0.4693
577.0000	  0.4700
576.5000	  0.4708
576.0000	  0.4716
575.5000	  0.4715
575.0000	  0.4721
574.5000	  0.4730
574.0000	  0.4740
573.5000	  0.4743
573.0000	  0.4749
572.5000	  0.4750
572.0000	  0.4764
571.5000	  0.4769
571.0000	  0.4783
570.5000	  0.4783
570.0000	  0.4785
569.5000	  0.4803
569.0000	  0.4802
568.5000	  0.4814
568.0000	  0.4817
567.5000	  0.4829
567.0000	  0.4839
566.5000	  0.4843
566.0000	  0.4843
565.5000	  0.4854
565.0000	  0.4860
564.5000	  0.4872
564.0000	  0.4876
563.5000	  0.4875
563.0000	  0.4886
562.5000	  0.4897
562.0000	  0.4901
561.5000	  0.4905
561.0000	  0.4916
560.5000	  0.4922
560.0000	  0.4917
559.5000	  0.4931
559.0000	  0.4938
558.5000	  0.4937
558.0000	  0.4951
557.5000	  0.4952
557.0000	  0.4966
556.5000	  0.4968
556.0000	  0.4978
555.5000	  0.4979
555.0000	  0.4977
554.5000	  0.4991
554.0000	  0.4997
553.5000	  0.5006
553.0000	  0.5007
552.5000	  0.5019
552.0000	  0.5026
551.5000	  0.5038
551.0000	  0.5037
550.5000	  0.5040
550.0000	  0.5051
549.5000	  0.5052
549.0000	  0.5061
548.5000	  0.5066
548.0000	  0.5078
547.5000	  0.5081
547.0000	  0.5081
546.5000	  0.5092
546.0000	  0.5096
545.5000	  0.5103
545.0000	  0.5118
544.5000	  0.5115
544.0000	  0.5129
543.5000	  0.5133
543.0000	  0.5131
542.5000	  0.5136
542.0000	  0.5140
541.5000	  0.5156
541.0000	  0.5158
540.5000	  0.5159
540.0000	  0.5174
539.5000	  0.5178
539.0000	  0.5171
538.5000	  0.5180
538.0000	  0.5184
537.5000	  0.5191
537.0000	  0.5198
536.5000	  0.5207
536.0000	  0.5206
535.5000	  0.5210
535.0000	  0.5219
534.5000	  0.5220
534.0000	  0.5222
533.5000	  0.5232
533.0000	  0.5246
532.5000	  0.5243
532.0000	  0.5251
531.5000	  0.5255
531.0000	  0.5253
530.5000	  0.5263
530.0000	  0.5266
529.5000	  0.5273
529.0000	  0.5269
528.5000	  0.5283
528.0000	  0.5284
527.5000	  0.5279
527.0000	  0.5287
526.5000	  0.5297
526.0000	  0.5297
525.5000	  0.5306
525.0000	  0.5309
524.5000	  0.5309
524.0000	  0.5315
523.5000	  0.5318
523.0000	  0.5319
522.5000	  0.5310
522.0000	  0.5321
521.5000	  0.5323
521.0000	  0.5324
520.5000	  0.5333
520.0000	  0.5333
519.5000	  0.5324
519.0000	  0.5333
518.5000	  0.5329
518.0000	  0.5326
517.5000	  0.5328
517.0000	  0.5329
516.5000	  0.5328
516.0000	  0.5324
515.5000	  0.5328
515.0000	  0.5327
514.5000	  0.5321
514.0000	  0.5315
513.5000	  0.5324
513.0000	  0.5316
512.5000	  0.5315
512.0000	  0.5314
511.5000	  0.5313
511.0000	  0.5316
510.5000	  0.5313
510.0000	  0.5308
509.5000	  0.5306
509.0000	  0.5303
508.5000	  0.5315
508.0000	  0.5320
507.5000	  0.5323
507.0000	  0.5334
506.5000	  0.5337
506.0000	  0.5339
505.5000	  0.5359
505.0000	  0.5367
504.5000	  0.5374
504.0000	  0.5386
503.5000	  0.5395
503.0000	  0.5410
502.5000	  0.5424
502.0000	  0.5438
501.5000	  0.5450
501.0000	  0.5472
500.5000	  0.5484
500.0000	  0.5494
499.5000	  0.5500
499.0000	  0.5519
498.5000	  0.5533
498.0000	  0.5544
497.5000	  0.5547
497.0000	  0.5553
496.5000	  0.5560
496.0000	  0.5574
495.5000	  0.5582
495.0000	  0.5595
494.5000	  0.5600
494.0000	  0.5604
493.5000	  0.5620
493.0000	  0.5624
492.5000	  0.5628
492.0000	  0.5627
491.5000	  0.5638
491.0000	  0.5641
490.5000	  0.5632
490.0000	  0.5639
489.5000	  0.5647
489.0000	  0.5646
488.5000	  0.5641
488.0000	  0.5642
487.5000	  0.5648
487.0000	  0.5637
486.5000	  0.5635
486.0000	  0.5650
485.5000	  0.5635
485.0000	  0.5638
484.5000	  0.5642
484.0000	  0.5652
483.5000	  0.5646
483.0000	  0.5646
482.5000	  0.5649
482.0000	  0.5643
481.5000	  0.5653
481.0000	  0.5647
480.5000	  0.5658
480.0000	  0.5661
479.5000	  0.5658
479.0000	  0.5667
478.5000	  0.5663
478.0000	  0.5666
477.5000	  0.5661
477.0000	  0.5683
476.5000	  0.5673
476.0000	  0.5668
475.5000	  0.5685
475.0000	  0.5678
474.5000	  0.5685
474.0000	  0.5679
473.5000	  0.5690
473.0000	  0.5687
472.5000	  0.5692
472.0000	  0.5692
471.5000	  0.5707
471.0000	  0.5694
470.5000	  0.5698
470.0000	  0.5714
469.5000	  0.5714
469.0000	  0.5714
468.5000	  0.5723
468.0000	  0.5717
467.5000	  0.5712
467.0000	  0.5728
466.5000	  0.5735
466.0000	  0.5731
465.5000	  0.5729
465.0000	  0.5755
464.5000	  0.5748
464.0000	  0.5755
463.5000	  0.5760
463.0000	  0.5758
462.5000	  0.5756
462.0000	  0.5766
461.5000	  0.5775
461.0000	  0.5774
460.5000	  0.5779
460.0000	  0.5785
459.5000	  0.5787
459.0000	  0.5792
458.5000	  0.5798
458.0000	  0.5807
457.5000	  0.5809
457.0000	  0.5818
456.5000	  0.5826
456.0000	  0.5831
455.5000	  0.5820
455.0000	  0.5850
454.5000	  0.5851
454.0000	  0.5856
453.5000	  0.5846
453.0000	  0.5851
452.5000	  0.5861
452.0000	  0.5861
451.5000	  0.5865
451.0000	  0.5856
450.5000	  0.5869
450.0000	  0.5861
449.5000	  0.5851
449.0000	  0.5867
448.5000	  0.5866
448.0000	  0.5840
447.5000	  0.5845
447.0000	  0.5826
446.5000	  0.5830
446.0000	  0.5819
445.5000	  0.5810
445.0000	  0.5800
444.5000	  0.5790
444.0000	  0.5787
443.5000	  0.5779
443.0000	  0.5754
442.5000	  0.5754
442.0000	  0.5736
441.5000	  0.5736
441.0000	  0.5724
440.5000	  0.5709
440.0000	  0.5698
439.5000	  0.5697
439.0000	  0.5681
438.5000	  0.5672
438.0000	  0.5680
437.5000	  0.5665
437.0000	  0.5660
436.5000	  0.5655
436.0000	  0.5650
435.5000	  0.5637
435.0000	  0.5636
434.5000	  0.5631
434.0000	  0.5636
433.5000	  0.5616
433.0000	  0.5613
432.5000	  0.5606
432.0000	  0.5616
431.5000	  0.5597
431.0000	  0.5602
430.5000	  0.5594
430.0000	  0.5590
429.5000	  0.5585
429.0000	  0.5578
428.5000	  0.5579
428.0000	  0.5580
427.5000	  0.5570
427.0000	  0.5568
426.5000	  0.5550
426.0000	  0.5559
425.5000	  0.5559
425.0000	  0.5553
424.5000	  0.5553
424.0000	  0.5544
423.5000	  0.5564
423.0000	  0.5558
422.5000	  0.5562
422.0000	  0.5559
421.5000	  0.5567
421.0000	  0.5562
420.5000	  0.5563
420.0000	  0.5569
419.5000	  0.5574
419.0000	  0.5580
418.5000	  0.5578
418.0000	  0.5581
417.5000	  0.5592
417.0000	  0.5595
416.5000	  0.5605
416.0000	  0.5596
415.5000	  0.5587
415.0000	  0.5598
414.5000	  0.5599
414.0000	  0.5591
413.5000	  0.5593
413.0000	  0.5594
412.5000	  0.5592
412.0000	  0.5589
411.5000	  0.5596
411.0000	  0.5590
410.5000	  0.5593
410.0000	  0.5611
409.5000	  0.5594
409.0000	  0.5612
408.5000	  0.5602
408.0000	  0.5613
407.5000	  0.5611
407.0000	  0.5609
406.5000	  0.5615
406.0000	  0.5618
405.5000	  0.5609
405.0000	  0.5615
404.5000	  0.5604
404.0000	  0.5595
403.5000	  0.5612
403.0000	  0.5615
402.5000	  0.5596
402.0000	  0.5610
401.5000	  0.5610
401.0000	  0.5593
400.5000	  0.5605
400.0000	  0.5623
399.5000	  0.5597
399.0000	  0.5606
398.5000	  0.5604
398.0000	  0.5602
397.5000	  0.5598
397.0000	  0.5592
396.5000	  0.5586
396.0000	  0.5608
395.5000	  0.5607
395.0000	  0.5595
394.5000	  0.5586
394.0000	  0.5599
393.5000	  0.5592
393.0000	  0.5600
392.5000	  0.5603
392.0000	  0.5604
391.5000	  0.5594
391.0000	  0.5617
390.5000	  0.5622
390.0000	  0.5597
389.5000	  0.5617
389.0000	  0.5622
388.5000	  0.5617
388.0000	  0.5631
387.5000	  0.5633
387.0000	  0.5661
386.5000	  0.5672
386.0000	  0.5666
385.5000	  0.5688
385.0000	  0.5687
384.5000	  0.5701
384.0000	  0.5701
383.5000	  0.5735
383.0000	  0.5711
382.5000	  0.5728
382.0000	  0.5727
381.5000	  0.5723
381.0000	  0.5747
380.5000	  0.5761
380.0000	  0.5733
379.5000	  0.5751
379.0000	  0.5769
378.5000	  0.5766
378.0000	  0.5776
377.5000	  0.5772
377.0000	  0.5778
376.5000	  0.5776
376.0000	  0.5784
375.5000	  0.5784
375.0000	  0.5794
374.5000	  0.5792
374.0000	  0.5811
373.5000	  0.5801
373.0000	  0.5800
372.5000	  0.5807
372.0000	  0.5812
371.5000	  0.5818
371.0000	  0.5798
370.5000	  0.5813
370.0000	  0.5824
369.5000	  0.5823
369.0000	  0.5815
368.5000	  0.5832
368.0000	  0.5833
367.5000	  0.5821
367.0000	  0.5817
366.5000	  0.5825
366.0000	  0.5824
365.5000	  0.5866
365.0000	  0.5835
364.5000	  0.5851
364.0000	  0.5843
363.5000	  0.5848
363.0000	  0.5856
362.5000	  0.5850
362.0000	  0.5865
361.5000	  0.5878
361.0000	  0.5853
360.5000	  0.5863
360.0000	  0.5893
359.5000	  0.5869
359.0000	  0.5851
358.5000	  0.5885
358.0000	  0.5922
357.5000	  0.5885
357.0000	  0.5870
356.5000	  0.5871
356.0000	  0.5884
355.5000	  0.5875
355.0000	  0.5899
354.5000	  0.5880
354.0000	  0.5905
353.5000	  0.5904
353.0000	  0.5929
352.5000	  0.5910
352.0000	  0.5898
351.5000	  0.5894
351.0000	  0.5939
350.5000	  0.5916
350.0000	  0.5942
349.5000	  0.5937
349.0000	  0.5932
348.5000	  0.5897
348.0000	  0.5941
347.5000	  0.5947
347.0000	  0.5919
346.5000	  0.5928
346.0000	  0.5931
345.5000	  0.5969
345.0000	  0.5887
344.5000	  0.5925
344.0000	  0.5944
343.5000	  0.5920
343.0000	  0.5936
342.5000	  0.5939
342.0000	  0.5927
341.5000	  0.5915
341.0000	  0.5927
340.5000	  0.5928
340.0000	  0.5722
339.5000	  0.5769
339.0000	  0.5827
338.5000	  0.5767
338.0000	  0.5733
337.5000	  0.5717
337.0000	  0.5746
336.5000	  0.5792
336.0000	  0.5720
335.5000	  0.5777
335.0000	  0.5748
334.5000	  0.5697
334.0000	  0.5738
333.5000	  0.5717
333.0000	  0.5704
332.5000	  0.5648
332.0000	  0.5648
331.5000	  0.5670
331.0000	  0.5626
330.5000	  0.5583
330.0000	  0.5565
329.5000	  0.5572
329.0000	  0.5546
328.5000	  0.5497
328.0000	  0.5509
327.5000	  0.5469
327.0000	  0.5454
326.5000	  0.5404
326.0000	  0.5409
325.5000	  0.5312
325.0000	  0.5323
324.5000	  0.5222
324.0000	  0.5215
323.5000	  0.5174
323.0000	  0.5148
322.5000	  0.5061
322.0000	  0.5012
321.5000	  0.4960
321.0000	  0.4933
320.5000	  0.4854
320.0000	  0.4785
319.5000	  0.4746
319.0000	  0.4623
318.5000	  0.4558
318.0000	  0.4472
317.5000	  0.4416
317.0000	  0.4354
316.5000	  0.4290
316.0000	  0.4152
315.5000	  0.4049
315.0000	  0.3971
314.5000	  0.3910
314.0000	  0.3754
313.5000	  0.3676
313.0000	  0.3581
312.5000	  0.3434
312.0000	  0.3315
311.5000	  0.3235
311.0000	  0.3101
310.5000	  0.2997
310.0000	  0.2877
309.5000	  0.2741
309.0000	  0.2619
308.5000	  0.2496
308.0000	  0.2407
307.5000	  0.2239
307.0000	  0.2132
306.5000	  0.2021
306.0000	  0.1939
305.5000	  0.1787
305.0000	  0.1695
304.5000	  0.1542
304.0000	  0.1471
303.5000	  0.1299
303.0000	  0.1272
302.5000	  0.1153
302.0000	  0.1079
301.5000	  0.0964
301.0000	  0.0861
300.5000	  0.0802
300.0000	  0.0710
299.5000	  0.0652
299.0000	  0.0606
298.5000	  0.0548
298.0000	  0.0473
297.5000	  0.0398
297.0000	  0.0353
296.5000	  0.0314
296.0000	  0.0263
295.5000	  0.0215
295.0000	  0.0202
294.5000	  0.0201
294.0000	  0.0132
293.5000	  0.0119
293.0000	  0.0118
292.5000	  0.0106
292.0000	  0.0078
291.5000	  0.0052
291.0000	  0.0047
290.5000	  0.0043
290.0000	  0.0035
289.5000	  0.0030
289.0000	 -0.0034
288.5000	  0.0003
288.0000	  0.0027
287.5000	 -0.0011
287.0000	  0.0005
286.5000	 -0.0005
286.0000	 -0.0013
285.5000	 -0.0027
285.0000	  0.0016
284.5000	 -0.0008
284.0000	  0.0011
283.5000	 -0.0024
283.0000	  0.0032
282.5000	 -0.0015
282.0000	 -0.0005
281.5000	 -0.0024
281.0000	 -0.0032
280.5000	 -0.0004
280.0000	  0.0020
279.5000	 -0.0035
279.0000	  0.0004
278.5000	  0.0038
278.0000	 -0.0023
277.5000	 -0.0032
277.0000	 -0.0031
276.5000	  0.0007
276.0000	  0.0003
275.5000	  0.0015
275.0000	 -0.0037
274.5000	  0.0021
274.0000	  0.0010
273.5000	  0.0020
273.0000	 -0.0036
272.5000	 -0.0028
272.0000	  0.0044
271.5000	  0.0001
271.0000	  0.0004
270.5000	  0.0042
270.0000	  0.0010
269.5000	  0.0030
269.0000	  0.0003
268.5000	  0.0016
268.0000	 -0.0043
267.5000	 -0.0028
267.0000	  0.0015
266.5000	  0.0013
266.0000	  0.0041
265.5000	  0.0010
265.0000	 -0.0005
264.5000	  0.0014
264.0000	  0.0020
263.5000	 -0.0017
263.0000	  0.0017
262.5000	 -0.0011
262.0000	  0.0004
261.5000	 -0.0018
261.0000	  0.0023
260.5000	 -0.0025
260.0000	  0.0052
259.5000	 -0.0006
259.0000	 -0.0023
258.5000	 -0.0002
258.0000	  0.0014
257.5000	  0.0014
257.0000	 -0.0005
256.5000	  0.0044
256.0000	  0.0015
255.5000	 -0.0012
255.0000	  0.0008
254.5000	  0.0053
254.0000	 -0.0041
253.5000	 -0.0015
253.0000	 -0.0018
252.5000	  0.0054
252.0000	 -0.0048
251.5000	  0.0034
251.0000	 -0.0028
250.5000	  0.0009
250.0000	  0.0017
