04/01/2002 22.30.53
04/01/2002 22.39.21

900.0000	100.4400

900.0000	100.4400

900.0000	 94.9400



  1.0000
900.0000
  3.0000
340.0000
  1.0000
1301.0000
  5.0000
  6.0000
  1.0000
  1.0000
  0.0000
  0.0000
100.0000
  0.0000
  1.0000
  0.0000
500.0000
900.0000
250.0000
  4.0000
  1.0000
 18.0000
  2.0000
  1.0000
255.0000
  0.7934
  1.0000
 30.0000
  4.0000
500.0000
  0.0000
  0.0000
  4.0000
900.0000
250.0000
  0.0000
100.0000
  0.0000
  1.0000
  0.0000
500.0000
  1.0000
  1.0000
  1.0000
  1.0000
  4.0000
  0.0000
  1.0000
  1.0000
  1.0000
  1.0000
  1.0000
  2.0000
  1.0000
  1.0000
  1.0000
  3.0000
  1.0000
  1.0000
  1.0000
  4.0000
  5.0000
508.760
0.000
900.0000	  0.9727
899.5000	  0.9651
899.0000	  0.9602
898.5000	  0.9735
898.0000	  0.9875
897.5000	  0.9935
897.0000	  0.9748
896.5000	  0.9950
896.0000	  1.0180
895.5000	  0.9800
895.0000	  1.0034
894.5000	  0.9818
894.0000	  0.9826
893.5000	  1.0026
893.0000	  0.9719
892.5000	  0.9868
892.0000	  1.0449
891.5000	  1.0034
891.0000	  1.0190
890.5000	  1.0334
890.0000	  1.0057
889.5000	  1.0156
889.0000	  0.9663
888.5000	  1.0241
888.0000	  1.0188
887.5000	  1.0323
887.0000	  1.0135
886.5000	  1.0133
886.0000	  1.0467
885.5000	  1.0258
885.0000	  1.0186
884.5000	  1.0409
884.0000	  1.0317
883.5000	  1.0302
883.0000	  1.0410
882.5000	  1.0391
882.0000	  1.0238
881.5000	  1.0336
881.0000	  1.0467
880.5000	  1.0286
880.0000	  1.0233
879.5000	  1.0313
879.0000	  1.0207
878.5000	  1.0192
878.0000	  1.0429
877.5000	  1.0205
877.0000	  1.0530
876.5000	  1.0389
876.0000	  1.0436
875.5000	  1.0476
875.0000	  1.0444
874.5000	  1.0333
874.0000	  1.0486
873.5000	  1.0529
873.0000	  1.0464
872.5000	  1.0398
872.0000	  1.0405
871.5000	  1.0374
871.0000	  1.0536
870.5000	  1.0578
870.0000	  1.0554
869.5000	  1.0485
869.0000	  1.0448
868.5000	  1.0528
868.0000	  1.0555
867.5000	  1.0499
867.0000	  1.0513
866.5000	  1.0514
866.0000	  1.0558
865.5000	  1.0559
865.0000	  1.0515
864.5000	  1.0486
864.0000	  1.0546
863.5000	  1.0605
863.0000	  1.0542
862.5000	  1.0599
862.0000	  1.0560
861.5000	  1.0613
861.0000	  1.0619
860.5000	  1.0576
860.0000	  1.0675
859.5000	  1.0617
859.0000	  1.0625
858.5000	  1.0646
858.0000	  1.0689
857.5000	  1.0609
857.0000	  1.0651
856.5000	  1.0645
856.0000	  1.0738
855.5000	  1.0644
855.0000	  1.0658
854.5000	  1.0659
854.0000	  1.0684
853.5000	  1.0697
853.0000	  1.0695
852.5000	  1.0694
852.0000	  1.0672
851.5000	  1.0698
851.0000	  1.0725
850.5000	  1.0688
850.0000	  1.0681
849.5000	  1.0772
849.0000	  1.0710
848.5000	  1.0677
848.0000	  1.0757
847.5000	  1.0762
847.0000	  1.0756
846.5000	  1.0710
846.0000	  1.0781
845.5000	  1.0743
845.0000	  1.0731
844.5000	  1.0756
844.0000	  1.0743
843.5000	  1.0736
843.0000	  1.0745
842.5000	  1.0726
842.0000	  1.0760
841.5000	  1.0760
841.0000	  1.0721
840.5000	  1.0752
840.0000	  1.0757
839.5000	  1.0771
839.0000	  1.0746
838.5000	  1.0741
838.0000	  1.0764
837.5000	  1.0729
837.0000	  1.0748
836.5000	  1.0738
836.0000	  1.0761
835.5000	  1.0765
835.0000	  1.0705
834.5000	  1.0719
834.0000	  1.0734
833.5000	  1.0736
833.0000	  1.0712
832.5000	  1.0737
832.0000	  1.0741
831.5000	  1.0708
831.0000	  1.0726
830.5000	  1.0734
830.0000	  1.0703
829.5000	  1.0719
829.0000	  1.0711
828.5000	  1.0715
828.0000	  1.0720
827.5000	  1.0716
827.0000	  1.0696
826.5000	  1.0713
826.0000	  1.0715
825.5000	  1.0698
825.0000	  1.0707
824.5000	  1.0685
824.0000	  1.0699
823.5000	  1.0690
823.0000	  1.0703
822.5000	  1.0687
822.0000	  1.0679
821.5000	  1.0684
821.0000	  1.0688
820.5000	  1.0684
820.0000	  1.0717
819.5000	  1.0680
819.0000	  1.0699
818.5000	  1.0719
818.0000	  1.0698
817.5000	  1.0688
817.0000	  1.0685
816.5000	  1.0685
816.0000	  1.0696
815.5000	  1.0701
815.0000	  1.0693
814.5000	  1.0699
814.0000	  1.0696
813.5000	  1.0710
813.0000	  1.0715
812.5000	  1.0699
812.0000	  1.0680
811.5000	  1.0685
811.0000	  1.0684
810.5000	  1.0687
810.0000	  1.0709
809.5000	  1.0721
809.0000	  1.0701
808.5000	  1.0698
808.0000	  1.0704
807.5000	  1.0678
807.0000	  1.0711
806.5000	  1.0688
806.0000	  1.0703
805.5000	  1.0712
805.0000	  1.0698
804.5000	  1.0696
804.0000	  1.0719
803.5000	  1.0724
803.0000	  1.0712
802.5000	  1.0715
802.0000	  1.0695
801.5000	  1.0717
801.0000	  1.0706
800.5000	  1.0715
800.0000	  1.0718
799.5000	  1.0707
799.0000	  1.0691
798.5000	  1.0719
798.0000	  1.0710
797.5000	  1.0706
797.0000	  1.0722
796.5000	  1.0747
796.0000	  1.0714
795.5000	  1.0734
795.0000	  1.0733
794.5000	  1.0716
794.0000	  1.0756
793.5000	  1.0733
793.0000	  1.0740
792.5000	  1.0729
792.0000	  1.0739
791.5000	  1.0715
791.0000	  1.0748
790.5000	  1.0728
790.0000	  1.0726
789.5000	  1.0751
789.0000	  1.0738
788.5000	  1.0753
788.0000	  1.0746
787.5000	  1.0735
787.0000	  1.0769
786.5000	  1.0753
786.0000	  1.0736
785.5000	  1.0745
785.0000	  1.0740
784.5000	  1.0736
784.0000	  1.0763
783.5000	  1.0755
783.0000	  1.0733
782.5000	  1.0757
782.0000	  1.0749
781.5000	  1.0762
781.0000	  1.0787
780.5000	  1.0737
780.0000	  1.0754
779.5000	  1.0769
779.0000	  1.0757
778.5000	  1.0773
778.0000	  1.0769
777.5000	  1.0766
777.0000	  1.0797
776.5000	  1.0771
776.0000	  1.0759
775.5000	  1.0779
775.0000	  1.0755
774.5000	  1.0777
774.0000	  1.0777
773.5000	  1.0768
773.0000	  1.0766
772.5000	  1.0776
772.0000	  1.0768
771.5000	  1.0780
771.0000	  1.0775
770.5000	  1.0778
770.0000	  1.0796
769.5000	  1.0781
769.0000	  1.0787
768.5000	  1.0785
768.0000	  1.0773
767.5000	  1.0795
767.0000	  1.0795
766.5000	  1.0787
766.0000	  1.0806
765.5000	  1.0767
765.0000	  1.0802
764.5000	  1.0813
764.0000	  1.0781
763.5000	  1.0805
763.0000	  1.0786
762.5000	  1.0803
762.0000	  1.0803
761.5000	  1.0774
761.0000	  1.0808
760.5000	  1.0791
760.0000	  1.0781
759.5000	  1.0813
759.0000	  1.0769
758.5000	  1.0825
758.0000	  1.0808
757.5000	  1.0792
757.0000	  1.0811
756.5000	  1.0798
756.0000	  1.0813
755.5000	  1.0829
755.0000	  1.0827
754.5000	  1.0819
754.0000	  1.0793
753.5000	  1.0814
753.0000	  1.0831
752.5000	  1.0812
752.0000	  1.0851
751.5000	  1.0820
751.0000	  1.0828
750.5000	  1.0840
750.0000	  1.0812
749.5000	  1.0844
749.0000	  1.0831
748.5000	  1.0820
748.0000	  1.0859
747.5000	  1.0841
747.0000	  1.0840
746.5000	  1.0848
746.0000	  1.0832
745.5000	  1.0861
745.0000	  1.0818
744.5000	  1.0856
744.0000	  1.0852
743.5000	  1.0848
743.0000	  1.0876
742.5000	  1.0842
742.0000	  1.0852
741.5000	  1.0869
741.0000	  1.0849
740.5000	  1.0888
740.0000	  1.0858
739.5000	  1.0871
739.0000	  1.0898
738.5000	  1.0847
738.0000	  1.0871
737.5000	  1.0892
737.0000	  1.0872
736.5000	  1.0895
736.0000	  1.0894
735.5000	  1.0914
735.0000	  1.0890
734.5000	  1.0907
734.0000	  1.0944
733.5000	  1.0904
733.0000	  1.0926
732.5000	  1.0912
732.0000	  1.0953
731.5000	  1.0950
731.0000	  1.0931
730.5000	  1.0968
730.0000	  1.0955
729.5000	  1.0998
729.0000	  1.0981
728.5000	  1.1011
728.0000	  1.1021
727.5000	  1.1016
727.0000	  1.1046
726.5000	  1.1049
726.0000	  1.1083
725.5000	  1.1080
725.0000	  1.1088
724.5000	  1.1118
724.0000	  1.1133
723.5000	  1.1187
723.0000	  1.1189
722.5000	  1.1240
722.0000	  1.1271
721.5000	  1.1269
721.0000	  1.1311
720.5000	  1.1342
720.0000	  1.1403
719.5000	  1.1391
719.0000	  1.1457
718.5000	  1.1462
718.0000	  1.1458
717.5000	  1.1517
717.0000	  1.1484
716.5000	  1.1492
716.0000	  1.1427
715.5000	  1.1474
715.0000	  1.1392
714.5000	  1.1360
714.0000	  1.1337
713.5000	  1.1288
713.0000	  1.1271
712.5000	  1.1193
712.0000	  1.1169
711.5000	  1.1104
711.0000	  1.1116
710.5000	  1.1069
710.0000	  1.1038
709.5000	  1.1022
709.0000	  1.0964
708.5000	  1.0986
708.0000	  1.0950
707.5000	  1.0962
707.0000	  1.0950
706.5000	  1.0944
706.0000	  1.0952
705.5000	  1.0932
705.0000	  1.0941
704.5000	  1.0934
704.0000	  1.0955
703.5000	  1.0932
703.0000	  1.0966
702.5000	  1.0939
702.0000	  1.0946
701.5000	  1.0974
701.0000	  1.0931
700.5000	  1.0967
700.0000	  1.0929
699.5000	  1.0966
699.0000	  1.0933
698.5000	  1.0943
698.0000	  1.0950
697.5000	  1.0956
697.0000	  1.0940
696.5000	  1.0927
696.0000	  1.0961
695.5000	  1.0942
695.0000	  1.0943
694.5000	  1.0925
694.0000	  1.0952
693.5000	  1.0943
693.0000	  1.0960
692.5000	  1.0948
692.0000	  1.0940
691.5000	  1.0922
691.0000	  1.0930
690.5000	  1.0947
690.0000	  1.0942
689.5000	  1.0961
689.0000	  1.0923
688.5000	  1.0948
688.0000	  1.0932
687.5000	  1.0948
687.0000	  1.0928
686.5000	  1.0939
686.0000	  1.0931
685.5000	  1.0949
685.0000	  1.0934
684.5000	  1.0948
684.0000	  1.0928
683.5000	  1.0957
683.0000	  1.0932
682.5000	  1.0950
682.0000	  1.0934
681.5000	  1.0935
681.0000	  1.0952
680.5000	  1.0934
680.0000	  1.0932
679.5000	  1.0938
679.0000	  1.0949
678.5000	  1.0941
678.0000	  1.0943
677.5000	  1.0938
677.0000	  1.0943
676.5000	  1.0948
676.0000	  1.0943
675.5000	  1.0949
675.0000	  1.0951
674.5000	  1.0918
674.0000	  1.0933
673.5000	  1.0934
673.0000	  1.0934
672.5000	  1.0924
672.0000	  1.0930
671.5000	  1.0928
671.0000	  1.0939
670.5000	  1.0924
670.0000	  1.0937
669.5000	  1.0936
669.0000	  1.0940
668.5000	  1.0921
668.0000	  1.0943
667.5000	  1.0922
667.0000	  1.0930
666.5000	  1.0919
666.0000	  1.0949
665.5000	  1.0936
665.0000	  1.0935
664.5000	  1.0930
664.0000	  1.0935
663.5000	  1.0928
663.0000	  1.0924
662.5000	  1.0934
662.0000	  1.0938
661.5000	  1.0910
661.0000	  1.0933
660.5000	  1.0917
660.0000	  1.0932
659.5000	  1.0928
659.0000	  1.0940
658.5000	  1.0929
658.0000	  1.0931
657.5000	  1.0927
657.0000	  1.0936
656.5000	  1.0930
656.0000	  1.0926
655.5000	  1.0905
655.0000	  1.0934
654.5000	  1.0909
654.0000	  1.0911
653.5000	  1.0909
653.0000	  1.0923
652.5000	  1.0928
652.0000	  1.0924
651.5000	  1.0914
651.0000	  1.0914
650.5000	  1.0904
650.0000	  1.0912
649.5000	  1.0919
649.0000	  1.0917
648.5000	  1.0905
648.0000	  1.0903
647.5000	  1.0889
647.0000	  1.0909
646.5000	  1.0900
646.0000	  1.0894
645.5000	  1.0891
645.0000	  1.0896
644.5000	  1.0884
644.0000	  1.0895
643.5000	  1.0891
643.0000	  1.0880
642.5000	  1.0857
642.0000	  1.0881
641.5000	  1.0874
641.0000	  1.0866
640.5000	  1.0859
640.0000	  1.0859
639.5000	  1.0868
639.0000	  1.0851
638.5000	  1.0855
638.0000	  1.0854
637.5000	  1.0850
637.0000	  1.0831
636.5000	  1.0835
636.0000	  1.0839
635.5000	  1.0815
635.0000	  1.0822
634.5000	  1.0823
634.0000	  1.0818
633.5000	  1.0810
633.0000	  1.0824
632.5000	  1.0816
632.0000	  1.0820
631.5000	  1.0821
631.0000	  1.0827
630.5000	  1.0831
630.0000	  1.0839
629.5000	  1.0844
629.0000	  1.0877
628.5000	  1.0879
628.0000	  1.0889
627.5000	  1.0910
627.0000	  1.0928
626.5000	  1.0963
626.0000	  1.0970
625.5000	  1.0986
625.0000	  1.1012
624.5000	  1.1032
624.0000	  1.1052
623.5000	  1.1087
623.0000	  1.1079
622.5000	  1.1094
622.0000	  1.1125
621.5000	  1.1140
621.0000	  1.1152
620.5000	  1.1165
620.0000	  1.1174
619.5000	  1.1194
619.0000	  1.1204
618.5000	  1.1177
618.0000	  1.1179
617.5000	  1.1187
617.0000	  1.1176
616.5000	  1.1182
616.0000	  1.1170
615.5000	  1.1169
615.0000	  1.1167
614.5000	  1.1159
614.0000	  1.1178
613.5000	  1.1180
613.0000	  1.1163
612.5000	  1.1158
612.0000	  1.1176
611.5000	  1.1173
611.0000	  1.1161
610.5000	  1.1181
610.0000	  1.1159
609.5000	  1.1171
609.0000	  1.1168
608.5000	  1.1172
608.0000	  1.1181
607.5000	  1.1179
607.0000	  1.1178
606.5000	  1.1168
606.0000	  1.1181
605.5000	  1.1167
605.0000	  1.1191
604.5000	  1.1194
604.0000	  1.1186
603.5000	  1.1190
603.0000	  1.1200
602.5000	  1.1194
602.0000	  1.1203
601.5000	  1.1189
601.0000	  1.1198
600.5000	  1.1200
600.0000	  1.1207
599.5000	  1.1210
599.0000	  1.1207
598.5000	  1.1203
598.0000	  1.1208
597.5000	  1.1199
597.0000	  1.1222
596.5000	  1.1231
596.0000	  1.1211
595.5000	  1.1221
595.0000	  1.1230
594.5000	  1.1202
594.0000	  1.1227
593.5000	  1.1220
593.0000	  1.1228
592.5000	  1.1236
592.0000	  1.1237
591.5000	  1.1232
591.0000	  1.1241
590.5000	  1.1240
590.0000	  1.1240
589.5000	  1.1259
589.0000	  1.1245
588.5000	  1.1241
588.0000	  1.1234
587.5000	  1.1254
587.0000	  1.1263
586.5000	  1.1248
586.0000	  1.1256
585.5000	  1.1272
585.0000	  1.1258
584.5000	  1.1258
584.0000	  1.1261
583.5000	  1.1264
583.0000	  1.1280
582.5000	  1.1263
582.0000	  1.1261
581.5000	  1.1285
581.0000	  1.1276
580.5000	  1.1272
580.0000	  1.1298
579.5000	  1.1276
579.0000	  1.1288
578.5000	  1.1291
578.0000	  1.1274
577.5000	  1.1291
577.0000	  1.1296
576.5000	  1.1277
576.0000	  1.1297
575.5000	  1.1298
575.0000	  1.1292
574.5000	  1.1296
574.0000	  1.1308
573.5000	  1.1305
573.0000	  1.1312
572.5000	  1.1304
572.0000	  1.1313
571.5000	  1.1314
571.0000	  1.1317
570.5000	  1.1314
570.0000	  1.1320
569.5000	  1.1312
569.0000	  1.1310
568.5000	  1.1327
568.0000	  1.1338
567.5000	  1.1335
567.0000	  1.1327
566.5000	  1.1342
566.0000	  1.1348
565.5000	  1.1337
565.0000	  1.1338
564.5000	  1.1346
564.0000	  1.1363
563.5000	  1.1359
563.0000	  1.1352
562.5000	  1.1358
562.0000	  1.1343
561.5000	  1.1349
561.0000	  1.1356
560.5000	  1.1373
560.0000	  1.1327
559.5000	  1.1347
559.0000	  1.1331
558.5000	  1.1331
558.0000	  1.1335
557.5000	  1.1345
557.0000	  1.1343
556.5000	  1.1349
556.0000	  1.1350
555.5000	  1.1350
555.0000	  1.1352
554.5000	  1.1352
554.0000	  1.1366
553.5000	  1.1355
553.0000	  1.1353
552.5000	  1.1358
552.0000	  1.1374
551.5000	  1.1374
551.0000	  1.1363
550.5000	  1.1366
550.0000	  1.1388
549.5000	  1.1378
549.0000	  1.1369
548.5000	  1.1379
548.0000	  1.1386
547.5000	  1.1392
547.0000	  1.1391
546.5000	  1.1399
546.0000	  1.1392
545.5000	  1.1402
545.0000	  1.1391
544.5000	  1.1408
544.0000	  1.1403
543.5000	  1.1390
543.0000	  1.1403
542.5000	  1.1407
542.0000	  1.1406
541.5000	  1.1413
541.0000	  1.1409
540.5000	  1.1420
540.0000	  1.1414
539.5000	  1.1415
539.0000	  1.1417
538.5000	  1.1437
538.0000	  1.1433
537.5000	  1.1422
537.0000	  1.1429
536.5000	  1.1431
536.0000	  1.1428
535.5000	  1.1426
535.0000	  1.1445
534.5000	  1.1433
534.0000	  1.1431
533.5000	  1.1436
533.0000	  1.1442
532.5000	  1.1443
532.0000	  1.1445
531.5000	  1.1442
531.0000	  1.1455
530.5000	  1.1446
530.0000	  1.1449
529.5000	  1.1449
529.0000	  1.1461
528.5000	  1.1459
528.0000	  1.1460
527.5000	  1.1458
527.0000	  1.1459
526.5000	  1.1467
526.0000	  1.1465
525.5000	  1.1467
525.0000	  1.1467
524.5000	  1.1468
524.0000	  1.1450
523.5000	  1.1473
523.0000	  1.1477
522.5000	  1.1465
522.0000	  1.1464
521.5000	  1.1488
521.0000	  1.1472
520.5000	  1.1470
520.0000	  1.1467
519.5000	  1.1478
519.0000	  1.1480
518.5000	  1.1469
518.0000	  1.1481
517.5000	  1.1485
517.0000	  1.1485
516.5000	  1.1482
516.0000	  1.1492
515.5000	  1.1482
515.0000	  1.1480
514.5000	  1.1472
514.0000	  1.1488
513.5000	  1.1487
513.0000	  1.1464
512.5000	  1.1477
512.0000	  1.1487
511.5000	  1.1492
511.0000	  1.1486
510.5000	  1.1490
510.0000	  1.1502
509.5000	  1.1505
509.0000	  1.1500
508.5000	  1.1513
508.0000	  1.1526
507.5000	  1.1519
507.0000	  1.1539
506.5000	  1.1549
506.0000	  1.1569
505.5000	  1.1570
505.0000	  1.1584
504.5000	  1.1594
504.0000	  1.1615
503.5000	  1.1610
503.0000	  1.1631
502.5000	  1.1669
502.0000	  1.1670
501.5000	  1.1692
501.0000	  1.1703
500.5000	  1.1722
500.0000	  1.1726
499.5000	  1.1743
499.0000	  1.1761
498.5000	  1.1769
498.0000	  1.1789
497.5000	  1.1809
497.0000	  1.1815
496.5000	  1.1818
496.0000	  1.1824
495.5000	  1.1832
495.0000	  1.1856
494.5000	  1.1865
494.0000	  1.1879
493.5000	  1.1857
493.0000	  1.1888
492.5000	  1.1896
492.0000	  1.1897
491.5000	  1.1905
491.0000	  1.1923
490.5000	  1.1931
490.0000	  1.1924
489.5000	  1.1925
489.0000	  1.1932
488.5000	  1.1925
488.0000	  1.1927
487.5000	  1.1934
487.0000	  1.1946
486.5000	  1.1955
486.0000	  1.1950
485.5000	  1.1968
485.0000	  1.1975
484.5000	  1.1951
484.0000	  1.1977
483.5000	  1.1982
483.0000	  1.2000
482.5000	  1.1998
482.0000	  1.2002
481.5000	  1.1995
481.0000	  1.2020
480.5000	  1.2017
480.0000	  1.2037
479.5000	  1.2049
479.0000	  1.2037
478.5000	  1.2043
478.0000	  1.2082
477.5000	  1.2074
477.0000	  1.2091
476.5000	  1.2101
476.0000	  1.2115
475.5000	  1.2122
475.0000	  1.2120
474.5000	  1.2142
474.0000	  1.2162
473.5000	  1.2167
473.0000	  1.2177
472.5000	  1.2189
472.0000	  1.2210
471.5000	  1.2230
471.0000	  1.2233
470.5000	  1.2259
470.0000	  1.2252
469.5000	  1.2249
469.0000	  1.2278
468.5000	  1.2321
468.0000	  1.2316
467.5000	  1.2336
467.0000	  1.2356
466.5000	  1.2376
466.0000	  1.2421
465.5000	  1.2428
465.0000	  1.2441
464.5000	  1.2474
464.0000	  1.2482
463.5000	  1.2487
463.0000	  1.2499
462.5000	  1.2545
462.0000	  1.2549
461.5000	  1.2569
461.0000	  1.2601
460.5000	  1.2620
460.0000	  1.2626
459.5000	  1.2635
459.0000	  1.2663
458.5000	  1.2660
458.0000	  1.2689
457.5000	  1.2706
457.0000	  1.2703
456.5000	  1.2715
456.0000	  1.2714
455.5000	  1.2701
455.0000	  1.2683
454.5000	  1.2721
454.0000	  1.2713
453.5000	  1.2689
453.0000	  1.2685
452.5000	  1.2691
452.0000	  1.2652
451.5000	  1.2629
451.0000	  1.2622
450.5000	  1.2586
450.0000	  1.2558
449.5000	  1.2561
449.0000	  1.2544
448.5000	  1.2531
448.0000	  1.2516
447.5000	  1.2478
447.0000	  1.2480
446.5000	  1.2419
446.0000	  1.2442
445.5000	  1.2423
445.0000	  1.2422
444.5000	  1.2401
444.0000	  1.2380
443.5000	  1.2403
443.0000	  1.2391
442.5000	  1.2381
442.0000	  1.2364
441.5000	  1.2380
441.0000	  1.2359
440.5000	  1.2361
440.0000	  1.2366
439.5000	  1.2352
439.0000	  1.2343
438.5000	  1.2341
438.0000	  1.2351
437.5000	  1.2334
437.0000	  1.2366
436.5000	  1.2346
436.0000	  1.2355
435.5000	  1.2358
435.0000	  1.2336
434.5000	  1.2355
434.0000	  1.2342
433.5000	  1.2379
433.0000	  1.2353
432.5000	  1.2356
432.0000	  1.2370
431.5000	  1.2365
431.0000	  1.2360
430.5000	  1.2382
430.0000	  1.2392
429.5000	  1.2372
429.0000	  1.2384
428.5000	  1.2394
428.0000	  1.2400
427.5000	  1.2404
427.0000	  1.2424
426.5000	  1.2412
426.0000	  1.2429
425.5000	  1.2435
425.0000	  1.2416
424.5000	  1.2442
424.0000	  1.2453
423.5000	  1.2456
423.0000	  1.2466
422.5000	  1.2469
422.0000	  1.2463
421.5000	  1.2490
421.0000	  1.2492
420.5000	  1.2509
420.0000	  1.2503
419.5000	  1.2523
419.0000	  1.2525
418.5000	  1.2525
418.0000	  1.2538
417.5000	  1.2540
417.0000	  1.2519
416.5000	  1.2565
416.0000	  1.2552
415.5000	  1.2569
415.0000	  1.2571
414.5000	  1.2567
414.0000	  1.2600
413.5000	  1.2589
413.0000	  1.2609
412.5000	  1.2596
412.0000	  1.2595
411.5000	  1.2599
411.0000	  1.2635
410.5000	  1.2622
410.0000	  1.2622
409.5000	  1.2628
409.0000	  1.2635
408.5000	  1.2644
408.0000	  1.2645
407.5000	  1.2666
407.0000	  1.2665
406.5000	  1.2676
406.0000	  1.2678
405.5000	  1.2669
405.0000	  1.2697
404.5000	  1.2687
404.0000	  1.2700
403.5000	  1.2720
403.0000	  1.2695
402.5000	  1.2713
402.0000	  1.2723
401.5000	  1.2749
401.0000	  1.2746
400.5000	  1.2731
400.0000	  1.2719
399.5000	  1.2761
399.0000	  1.2760
398.5000	  1.2738
398.0000	  1.2784
397.5000	  1.2787
397.0000	  1.2800
396.5000	  1.2788
396.0000	  1.2791
395.5000	  1.2775
395.0000	  1.2821
394.5000	  1.2819
394.0000	  1.2823
393.5000	  1.2840
393.0000	  1.2844
392.5000	  1.2850
392.0000	  1.2857
391.5000	  1.2864
391.0000	  1.2871
390.5000	  1.2892
390.0000	  1.2918
389.5000	  1.2922
389.0000	  1.2948
388.5000	  1.2953
388.0000	  1.2972
387.5000	  1.3004
387.0000	  1.2999
386.5000	  1.3029
386.0000	  1.3012
385.5000	  1.3031
385.0000	  1.3062
384.5000	  1.3040
384.0000	  1.3073
383.5000	  1.3077
383.0000	  1.3113
382.5000	  1.3130
382.0000	  1.3158
381.5000	  1.3155
381.0000	  1.3142
380.5000	  1.3162
380.0000	  1.3173
379.5000	  1.3176
379.0000	  1.3187
378.5000	  1.3188
378.0000	  1.3220
377.5000	  1.3205
377.0000	  1.3240
376.5000	  1.3243
376.0000	  1.3269
375.5000	  1.3269
375.0000	  1.3264
374.5000	  1.3264
374.0000	  1.3293
373.5000	  1.3268
373.0000	  1.3316
372.5000	  1.3325
372.0000	  1.3359
371.5000	  1.3344
371.0000	  1.3338
370.5000	  1.3342
370.0000	  1.3372
369.5000	  1.3385
369.0000	  1.3382
368.5000	  1.3402
368.0000	  1.3427
367.5000	  1.3395
367.0000	  1.3447
366.5000	  1.3472
366.0000	  1.3411
365.5000	  1.3432
365.0000	  1.3492
364.5000	  1.3452
364.0000	  1.3477
363.5000	  1.3475
363.0000	  1.3500
362.5000	  1.3497
362.0000	  1.3464
361.5000	  1.3534
361.0000	  1.3512
360.5000	  1.3588
360.0000	  1.3552
359.5000	  1.3558
359.0000	  1.3599
358.5000	  1.3569
358.0000	  1.3604
357.5000	  1.3589
357.0000	  1.3612
356.5000	  1.3654
356.0000	  1.3668
355.5000	  1.3669
355.0000	  1.3658
354.5000	  1.3645
354.0000	  1.3692
353.5000	  1.3694
353.0000	  1.3690
352.5000	  1.3754
352.0000	  1.3737
351.5000	  1.3746
351.0000	  1.3721
350.5000	  1.3793
350.0000	  1.3822
349.5000	  1.3796
349.0000	  1.3813
348.5000	  1.3788
348.0000	  1.3803
347.5000	  1.3833
347.0000	  1.3876
346.5000	  1.3863
346.0000	  1.3843
345.5000	  1.3830
345.0000	  1.3865
344.5000	  1.3926
344.0000	  1.3946
343.5000	  1.3898
343.0000	  1.3936
342.5000	  1.3920
342.0000	  1.3967
341.5000	  1.3947
341.0000	  1.3986
340.5000	  1.3961
340.0000	  1.4122
339.5000	  1.4165
339.0000	  1.4190
338.5000	  1.4232
338.0000	  1.4148
337.5000	  1.4114
337.0000	  1.4173
336.5000	  1.4279
336.0000	  1.4227
335.5000	  1.4230
335.0000	  1.4327
334.5000	  1.4278
334.0000	  1.4270
333.5000	  1.4257
333.0000	  1.4305
332.5000	  1.4392
332.0000	  1.4294
331.5000	  1.4269
331.0000	  1.4391
330.5000	  1.4430
330.0000	  1.4392
329.5000	  1.4354
329.0000	  1.4474
328.5000	  1.4377
328.0000	  1.4414
327.5000	  1.4402
327.0000	  1.4432
326.5000	  1.4465
326.0000	  1.4426
325.5000	  1.4408
325.0000	  1.4436
324.5000	  1.4437
324.0000	  1.4450
323.5000	  1.4415
323.0000	  1.4513
322.5000	  1.4384
322.0000	  1.4442
321.5000	  1.4445
321.0000	  1.4433
320.5000	  1.4402
320.0000	  1.4412
319.5000	  1.4475
319.0000	  1.4348
318.5000	  1.4390
318.0000	  1.4417
317.5000	  1.4393
317.0000	  1.4363
316.5000	  1.4368
316.0000	  1.4277
315.5000	  1.4341
315.0000	  1.4229
314.5000	  1.4283
314.0000	  1.4234
313.5000	  1.4168
313.0000	  1.4152
312.5000	  1.4157
312.0000	  1.4032
311.5000	  1.4136
311.0000	  1.3990
310.5000	  1.3836
310.0000	  1.3848
309.5000	  1.3746
309.0000	  1.3439
308.5000	  1.3609
308.0000	  1.3495
307.5000	  1.3423
307.0000	  1.3286
306.5000	  1.3141
306.0000	  1.3045
305.5000	  1.2880
305.0000	  1.2850
304.5000	  1.2607
304.0000	  1.2574
303.5000	  1.2375
303.0000	  1.2250
302.5000	  1.2012
302.0000	  1.1993
301.5000	  1.1684
301.0000	  1.1646
300.5000	  1.1392
300.0000	  1.1360
299.5000	  1.1216
299.0000	  1.0991
298.5000	  1.0734
298.0000	  1.0690
297.5000	  1.0505
297.0000	  1.0385
296.5000	  1.0334
296.0000	  1.0064
295.5000	  1.0014
295.0000	  0.9880
294.5000	  0.9721
294.0000	  0.9753
293.5000	  0.9515
293.0000	  0.9657
292.5000	  0.9557
292.0000	  0.9553
291.5000	  0.9377
291.0000	  0.9500
290.5000	  0.9292
290.0000	  0.9444
289.5000	  0.9373
289.0000	  0.9551
288.5000	  0.9439
288.0000	  0.9357
287.5000	  0.9318
287.0000	  0.9374
286.5000	  0.9470
286.0000	  0.9414
285.5000	  0.9397
285.0000	  0.9460
284.5000	  0.9451
284.0000	  0.9463
283.5000	  0.9370
283.0000	  0.9460
282.5000	  0.9436
282.0000	  0.9515
281.5000	  0.9654
281.0000	  0.9595
280.5000	  0.9648
280.0000	  0.9648
279.5000	  0.9630
279.0000	  0.9626
278.5000	  0.9660
278.0000	  0.9690
277.5000	  0.9678
277.0000	  0.9824
276.5000	  0.9836
276.0000	  0.9733
275.5000	  0.9824
275.0000	  0.9805
274.5000	  0.9799
274.0000	  0.9769
273.5000	  0.9950
273.0000	  0.9827
272.5000	  0.9984
272.0000	  0.9995
271.5000	  0.9909
271.0000	  0.9948
270.5000	  1.0064
270.0000	  1.0036
269.5000	  1.0136
269.0000	  1.0077
268.5000	  1.0100
268.0000	  1.0134
267.5000	  1.0205
267.0000	  1.0146
266.5000	  1.0219
266.0000	  1.0356
265.5000	  1.0429
265.0000	  1.0475
264.5000	  1.0235
264.0000	  1.0133
263.5000	  1.0406
263.0000	  1.0305
262.5000	  1.0467
262.0000	  1.0473
261.5000	  1.0527
261.0000	  1.0450
260.5000	  1.0465
260.0000	  1.0557
259.5000	  1.0514
259.0000	  1.0595
258.5000	  1.0657
258.0000	  1.0734
257.5000	  1.0789
257.0000	  1.0705
256.5000	  1.0922
256.0000	  1.1062
255.5000	  1.0780
255.0000	  1.0616
254.5000	  1.0994
254.0000	  1.0737
253.5000	  1.0898
253.0000	  1.0915
252.5000	  1.1064
252.0000	  1.0996
251.5000	  1.1101
251.0000	  1.1099
250.5000	  1.1188
250.0000	  1.1091
