01/01/2002 0.39.56
01/01/2002 0.49.07

900.0000	101.9300

900.0000	101.9300

900.0000	 99.3800



  1.0000
900.0000
  3.0000
340.0000
  1.0000
1421.0000
  5.0000
  6.0000
  1.0000
  1.0000
  0.0000
  0.0000
100.0000
  0.0000
  1.0000
  0.0000
500.0000
900.0000
190.0000
  4.0000
  1.0000
 18.0000
  2.0000
  1.0000
255.0000
  0.8183
  1.0000
 30.0000
  4.0000
500.0000
  0.0000
  0.0000
  4.0000
900.0000
190.0000
  0.0000
100.0000
  0.0000
  1.0000
  0.0000
500.0000
  1.0000
  1.0000
  1.0000
  1.0000
  4.0000
  0.0000
  1.0000
  1.0000
  1.0000
  1.0000
  1.0000
  2.0000
  1.0000
  1.0000
  1.0000
  3.0000
  1.0000
  1.0000
  1.0000
  4.0000
  5.0000
550.393
0.000
900.0000	  1.0591
899.5000	  1.0427
899.0000	  1.0039
898.5000	  1.0731
898.0000	  1.0215
897.5000	  0.9987
897.0000	  1.0327
896.5000	  0.9575
896.0000	  1.0722
895.5000	  1.0023
895.0000	  1.0149
894.5000	  1.0371
894.0000	  1.0358
893.5000	  1.0399
893.0000	  1.0219
892.5000	  1.0535
892.0000	  1.0539
891.5000	  1.0215
891.0000	  1.0035
890.5000	  1.0252
890.0000	  0.9959
889.5000	  1.0121
889.0000	  1.0256
888.5000	  1.0275
888.0000	  1.0045
887.5000	  1.0189
887.0000	  1.0354
886.5000	  1.0263
886.0000	  1.0084
885.5000	  0.9967
885.0000	  1.0272
884.5000	  0.9995
884.0000	  1.0254
883.5000	  1.0093
883.0000	  1.0169
882.5000	  0.9975
882.0000	  1.0220
881.5000	  1.0143
881.0000	  1.0373
880.5000	  1.0121
880.0000	  1.0263
879.5000	  1.0120
879.0000	  1.0057
878.5000	  1.0259
878.0000	  1.0324
877.5000	  1.0193
877.0000	  1.0201
876.5000	  1.0181
876.0000	  1.0186
875.5000	  1.0199
875.0000	  1.0215
874.5000	  1.0207
874.0000	  1.0307
873.5000	  1.0183
873.0000	  1.0260
872.5000	  1.0298
872.0000	  1.0182
871.5000	  1.0253
871.0000	  1.0233
870.5000	  1.0207
870.0000	  1.0265
869.5000	  1.0200
869.0000	  1.0254
868.5000	  1.0181
868.0000	  1.0321
867.5000	  1.0319
867.0000	  1.0313
866.5000	  1.0218
866.0000	  1.0305
865.5000	  1.0325
865.0000	  1.0303
864.5000	  1.0373
864.0000	  1.0272
863.5000	  1.0359
863.0000	  1.0337
862.5000	  1.0339
862.0000	  1.0317
861.5000	  1.0257
861.0000	  1.0367
860.5000	  1.0299
860.0000	  1.0326
859.5000	  1.0281
859.0000	  1.0320
858.5000	  1.0337
858.0000	  1.0356
857.5000	  1.0335
857.0000	  1.0382
856.5000	  1.0362
856.0000	  1.0331
855.5000	  1.0359
855.0000	  1.0381
854.5000	  1.0344
854.0000	  1.0346
853.5000	  1.0360
853.0000	  1.0396
852.5000	  1.0356
852.0000	  1.0395
851.5000	  1.0404
851.0000	  1.0396
850.5000	  1.0380
850.0000	  1.0388
849.5000	  1.0405
849.0000	  1.0421
848.5000	  1.0399
848.0000	  1.0373
847.5000	  1.0368
847.0000	  1.0424
846.5000	  1.0431
846.0000	  1.0411
845.5000	  1.0409
845.0000	  1.0428
844.5000	  1.0378
844.0000	  1.0433
843.5000	  1.0405
843.0000	  1.0406
842.5000	  1.0426
842.0000	  1.0416
841.5000	  1.0419
841.0000	  1.0402
840.5000	  1.0418
840.0000	  1.0443
839.5000	  1.0393
839.0000	  1.0416
838.5000	  1.0420
838.0000	  1.0398
837.5000	  1.0397
837.0000	  1.0414
836.5000	  1.0400
836.0000	  1.0394
835.5000	  1.0412
835.0000	  1.0414
834.5000	  1.0403
834.0000	  1.0379
833.5000	  1.0401
833.0000	  1.0394
832.5000	  1.0397
832.0000	  1.0395
831.5000	  1.0370
831.0000	  1.0412
830.5000	  1.0352
830.0000	  1.0375
829.5000	  1.0362
829.0000	  1.0375
828.5000	  1.0359
828.0000	  1.0340
827.5000	  1.0370
827.0000	  1.0376
826.5000	  1.0384
826.0000	  1.0371
825.5000	  1.0380
825.0000	  1.0354
824.5000	  1.0362
824.0000	  1.0357
823.5000	  1.0361
823.0000	  1.0343
822.5000	  1.0352
822.0000	  1.0349
821.5000	  1.0361
821.0000	  1.0359
820.5000	  1.0347
820.0000	  1.0359
819.5000	  1.0356
819.0000	  1.0353
818.5000	  1.0352
818.0000	  1.0348
817.5000	  1.0348
817.0000	  1.0355
816.5000	  1.0349
816.0000	  1.0354
815.5000	  1.0347
815.0000	  1.0341
814.5000	  1.0350
814.0000	  1.0384
813.5000	  1.0362
813.0000	  1.0357
812.5000	  1.0362
812.0000	  1.0350
811.5000	  1.0346
811.0000	  1.0354
810.5000	  1.0370
810.0000	  1.0355
809.5000	  1.0382
809.0000	  1.0372
808.5000	  1.0358
808.0000	  1.0359
807.5000	  1.0380
807.0000	  1.0352
806.5000	  1.0365
806.0000	  1.0379
805.5000	  1.0378
805.0000	  1.0369
804.5000	  1.0391
804.0000	  1.0375
803.5000	  1.0371
803.0000	  1.0372
802.5000	  1.0374
802.0000	  1.0386
801.5000	  1.0360
801.0000	  1.0384
800.5000	  1.0376
800.0000	  1.0368
799.5000	  1.0372
799.0000	  1.0382
798.5000	  1.0396
798.0000	  1.0392
797.5000	  1.0368
797.0000	  1.0379
796.5000	  1.0377
796.0000	  1.0394
795.5000	  1.0409
795.0000	  1.0400
794.5000	  1.0401
794.0000	  1.0388
793.5000	  1.0406
793.0000	  1.0399
792.5000	  1.0395
792.0000	  1.0387
791.5000	  1.0383
791.0000	  1.0384
790.5000	  1.0382
790.0000	  1.0395
789.5000	  1.0412
789.0000	  1.0410
788.5000	  1.0416
788.0000	  1.0394
787.5000	  1.0420
787.0000	  1.0424
786.5000	  1.0419
786.0000	  1.0407
785.5000	  1.0404
785.0000	  1.0428
784.5000	  1.0401
784.0000	  1.0417
783.5000	  1.0427
783.0000	  1.0415
782.5000	  1.0414
782.0000	  1.0436
781.5000	  1.0410
781.0000	  1.0431
780.5000	  1.0418
780.0000	  1.0438
779.5000	  1.0434
779.0000	  1.0418
778.5000	  1.0423
778.0000	  1.0447
777.5000	  1.0437
777.0000	  1.0420
776.5000	  1.0431
776.0000	  1.0446
775.5000	  1.0455
775.0000	  1.0450
774.5000	  1.0431
774.0000	  1.0438
773.5000	  1.0446
773.0000	  1.0437
772.5000	  1.0471
772.0000	  1.0447
771.5000	  1.0446
771.0000	  1.0444
770.5000	  1.0450
770.0000	  1.0443
769.5000	  1.0447
769.0000	  1.0456
768.5000	  1.0451
768.0000	  1.0451
767.5000	  1.0438
767.0000	  1.0438
766.5000	  1.0449
766.0000	  1.0470
765.5000	  1.0449
765.0000	  1.0467
764.5000	  1.0448
764.0000	  1.0467
763.5000	  1.0470
763.0000	  1.0458
762.5000	  1.0454
762.0000	  1.0472
761.5000	  1.0465
761.0000	  1.0469
760.5000	  1.0461
760.0000	  1.0468
759.5000	  1.0478
759.0000	  1.0470
758.5000	  1.0472
758.0000	  1.0457
757.5000	  1.0447
757.0000	  1.0481
756.5000	  1.0478
756.0000	  1.0476
755.5000	  1.0472
755.0000	  1.0469
754.5000	  1.0471
754.0000	  1.0489
753.5000	  1.0487
753.0000	  1.0472
752.5000	  1.0469
752.0000	  1.0476
751.5000	  1.0498
751.0000	  1.0476
750.5000	  1.0488
750.0000	  1.0491
749.5000	  1.0495
749.0000	  1.0488
748.5000	  1.0495
748.0000	  1.0498
747.5000	  1.0493
747.0000	  1.0491
746.5000	  1.0497
746.0000	  1.0493
745.5000	  1.0517
745.0000	  1.0499
744.5000	  1.0510
744.0000	  1.0496
743.5000	  1.0506
743.0000	  1.0516
742.5000	  1.0508
742.0000	  1.0510
741.5000	  1.0525
741.0000	  1.0526
740.5000	  1.0524
740.0000	  1.0508
739.5000	  1.0520
739.0000	  1.0532
738.5000	  1.0533
738.0000	  1.0543
737.5000	  1.0528
737.0000	  1.0556
736.5000	  1.0552
736.0000	  1.0551
735.5000	  1.0534
735.0000	  1.0570
734.5000	  1.0553
734.0000	  1.0566
733.5000	  1.0567
733.0000	  1.0587
732.5000	  1.0580
732.0000	  1.0591
731.5000	  1.0600
731.0000	  1.0611
730.5000	  1.0601
730.0000	  1.0623
729.5000	  1.0637
729.0000	  1.0650
728.5000	  1.0663
728.0000	  1.0664
727.5000	  1.0671
727.0000	  1.0698
726.5000	  1.0690
726.0000	  1.0723
725.5000	  1.0729
725.0000	  1.0748
724.5000	  1.0773
724.0000	  1.0778
723.5000	  1.0796
723.0000	  1.0830
722.5000	  1.0882
722.0000	  1.0908
721.5000	  1.0937
721.0000	  1.0937
720.5000	  1.0986
720.0000	  1.1034
719.5000	  1.1047
719.0000	  1.1080
718.5000	  1.1105
718.0000	  1.1122
717.5000	  1.1159
717.0000	  1.1129
716.5000	  1.1112
716.0000	  1.1113
715.5000	  1.1083
715.0000	  1.1041
714.5000	  1.1004
714.0000	  1.0977
713.5000	  1.0943
713.0000	  1.0889
712.5000	  1.0860
712.0000	  1.0836
711.5000	  1.0786
711.0000	  1.0747
710.5000	  1.0714
710.0000	  1.0705
709.5000	  1.0668
709.0000	  1.0656
708.5000	  1.0619
708.0000	  1.0643
707.5000	  1.0615
707.0000	  1.0611
706.5000	  1.0580
706.0000	  1.0612
705.5000	  1.0601
705.0000	  1.0593
704.5000	  1.0608
704.0000	  1.0605
703.5000	  1.0609
703.0000	  1.0605
702.5000	  1.0611
702.0000	  1.0597
701.5000	  1.0600
701.0000	  1.0612
700.5000	  1.0601
700.0000	  1.0606
699.5000	  1.0609
699.0000	  1.0602
698.5000	  1.0600
698.0000	  1.0612
697.5000	  1.0613
697.0000	  1.0597
696.5000	  1.0608
696.0000	  1.0615
695.5000	  1.0600
695.0000	  1.0589
694.5000	  1.0601
694.0000	  1.0603
693.5000	  1.0616
693.0000	  1.0592
692.5000	  1.0601
692.0000	  1.0603
691.5000	  1.0603
691.0000	  1.0606
690.5000	  1.0589
690.0000	  1.0595
689.5000	  1.0608
689.0000	  1.0599
688.5000	  1.0590
688.0000	  1.0593
687.5000	  1.0585
687.0000	  1.0599
686.5000	  1.0606
686.0000	  1.0605
685.5000	  1.0595
685.0000	  1.0596
684.5000	  1.0600
684.0000	  1.0614
683.5000	  1.0605
683.0000	  1.0584
682.5000	  1.0603
682.0000	  1.0616
681.5000	  1.0591
681.0000	  1.0576
680.5000	  1.0591
680.0000	  1.0587
679.5000	  1.0588
679.0000	  1.0599
678.5000	  1.0589
678.0000	  1.0607
677.5000	  1.0592
677.0000	  1.0592
676.5000	  1.0589
676.0000	  1.0592
675.5000	  1.0599
675.0000	  1.0595
674.5000	  1.0574
674.0000	  1.0592
673.5000	  1.0612
673.0000	  1.0592
672.5000	  1.0597
672.0000	  1.0597
671.5000	  1.0584
671.0000	  1.0598
670.5000	  1.0594
670.0000	  1.0580
669.5000	  1.0585
669.0000	  1.0599
668.5000	  1.0586
668.0000	  1.0593
667.5000	  1.0589
667.0000	  1.0585
666.5000	  1.0597
666.0000	  1.0580
665.5000	  1.0582
665.0000	  1.0587
664.5000	  1.0590
664.0000	  1.0578
663.5000	  1.0588
663.0000	  1.0586
662.5000	  1.0570
662.0000	  1.0588
661.5000	  1.0591
661.0000	  1.0586
660.5000	  1.0586
660.0000	  1.0583
659.5000	  1.0587
659.0000	  1.0577
658.5000	  1.0575
658.0000	  1.0585
657.5000	  1.0598
657.0000	  1.0583
656.5000	  1.0583
656.0000	  1.0578
655.5000	  1.0578
655.0000	  1.0589
654.5000	  1.0586
654.0000	  1.0586
653.5000	  1.0574
653.0000	  1.0577
652.5000	  1.0574
652.0000	  1.0574
651.5000	  1.0564
651.0000	  1.0555
650.5000	  1.0580
650.0000	  1.0560
649.5000	  1.0572
649.0000	  1.0564
648.5000	  1.0573
648.0000	  1.0562
647.5000	  1.0571
647.0000	  1.0556
646.5000	  1.0552
646.0000	  1.0558
645.5000	  1.0548
645.0000	  1.0553
644.5000	  1.0542
644.0000	  1.0541
643.5000	  1.0553
643.0000	  1.0553
642.5000	  1.0543
642.0000	  1.0530
641.5000	  1.0537
641.0000	  1.0527
640.5000	  1.0529
640.0000	  1.0520
639.5000	  1.0516
639.0000	  1.0513
638.5000	  1.0512
638.0000	  1.0503
637.5000	  1.0500
637.0000	  1.0502
636.5000	  1.0496
636.0000	  1.0495
635.5000	  1.0481
635.0000	  1.0485
634.5000	  1.0488
634.0000	  1.0484
633.5000	  1.0471
633.0000	  1.0481
632.5000	  1.0475
632.0000	  1.0481
631.5000	  1.0480
631.0000	  1.0489
630.5000	  1.0477
630.0000	  1.0502
629.5000	  1.0514
629.0000	  1.0524
628.5000	  1.0538
628.0000	  1.0548
627.5000	  1.0573
627.0000	  1.0599
626.5000	  1.0589
626.0000	  1.0632
625.5000	  1.0661
625.0000	  1.0661
624.5000	  1.0677
624.0000	  1.0710
623.5000	  1.0708
623.0000	  1.0745
622.5000	  1.0773
622.0000	  1.0778
621.5000	  1.0785
621.0000	  1.0796
620.5000	  1.0813
620.0000	  1.0817
619.5000	  1.0825
619.0000	  1.0825
618.5000	  1.0857
618.0000	  1.0846
617.5000	  1.0843
617.0000	  1.0834
616.5000	  1.0814
616.0000	  1.0821
615.5000	  1.0815
615.0000	  1.0816
614.5000	  1.0827
614.0000	  1.0806
613.5000	  1.0819
613.0000	  1.0811
612.5000	  1.0802
612.0000	  1.0819
611.5000	  1.0813
611.0000	  1.0821
610.5000	  1.0819
610.0000	  1.0822
609.5000	  1.0810
609.0000	  1.0820
608.5000	  1.0821
608.0000	  1.0825
607.5000	  1.0806
607.0000	  1.0825
606.5000	  1.0834
606.0000	  1.0827
605.5000	  1.0824
605.0000	  1.0829
604.5000	  1.0839
604.0000	  1.0834
603.5000	  1.0826
603.0000	  1.0839
602.5000	  1.0846
602.0000	  1.0843
601.5000	  1.0840
601.0000	  1.0843
600.5000	  1.0847
600.0000	  1.0843
599.5000	  1.0852
599.0000	  1.0850
598.5000	  1.0859
598.0000	  1.0856
597.5000	  1.0853
597.0000	  1.0856
596.5000	  1.0861
596.0000	  1.0869
595.5000	  1.0869
595.0000	  1.0868
594.5000	  1.0867
594.0000	  1.0852
593.5000	  1.0878
593.0000	  1.0871
592.5000	  1.0876
592.0000	  1.0881
591.5000	  1.0881
591.0000	  1.0891
590.5000	  1.0882
590.0000	  1.0883
589.5000	  1.0888
589.0000	  1.0903
588.5000	  1.0887
588.0000	  1.0895
587.5000	  1.0896
587.0000	  1.0893
586.5000	  1.0904
586.0000	  1.0895
585.5000	  1.0890
585.0000	  1.0898
584.5000	  1.0920
584.0000	  1.0912
583.5000	  1.0912
583.0000	  1.0900
582.5000	  1.0901
582.0000	  1.0924
581.5000	  1.0914
581.0000	  1.0916
580.5000	  1.0902
580.0000	  1.0921
579.5000	  1.0919
579.0000	  1.0920
578.5000	  1.0918
578.0000	  1.0921
577.5000	  1.0933
577.0000	  1.0926
576.5000	  1.0930
576.0000	  1.0926
575.5000	  1.0945
575.0000	  1.0944
574.5000	  1.0952
574.0000	  1.0950
573.5000	  1.0942
573.0000	  1.0956
572.5000	  1.0948
572.0000	  1.0949
571.5000	  1.0943
571.0000	  1.0951
570.5000	  1.0971
570.0000	  1.0965
569.5000	  1.0961
569.0000	  1.0955
568.5000	  1.0979
568.0000	  1.0969
567.5000	  1.0967
567.0000	  1.0970
566.5000	  1.0962
566.0000	  1.0982
565.5000	  1.0982
565.0000	  1.0978
564.5000	  1.0985
564.0000	  1.0989
563.5000	  1.0985
563.0000	  1.0982
562.5000	  1.0979
562.0000	  1.0987
561.5000	  1.1000
561.0000	  1.1008
560.5000	  1.0997
560.0000	  1.1001
559.5000	  1.1002
559.0000	  1.1003
558.5000	  1.1009
558.0000	  1.1004
557.5000	  1.1001
557.0000	  1.1018
556.5000	  1.1017
556.0000	  1.1011
555.5000	  1.1017
555.0000	  1.1018
554.5000	  1.1030
554.0000	  1.1029
553.5000	  1.1018
553.0000	  1.1022
552.5000	  1.1035
552.0000	  1.1039
551.5000	  1.1022
551.0000	  1.1033
550.5000	  1.1039
550.0000	  1.1042
549.5000	  1.1054
549.0000	  1.1036
548.5000	  1.1047
548.0000	  1.1058
547.5000	  1.1044
547.0000	  1.1049
546.5000	  1.1051
546.0000	  1.1054
545.5000	  1.1067
545.0000	  1.1070
544.5000	  1.1058
544.0000	  1.1060
543.5000	  1.1061
543.0000	  1.1071
542.5000	  1.1076
542.0000	  1.1074
541.5000	  1.1067
541.0000	  1.1079
540.5000	  1.1081
540.0000	  1.1075
539.5000	  1.1070
539.0000	  1.1078
538.5000	  1.1080
538.0000	  1.1082
537.5000	  1.1085
537.0000	  1.1075
536.5000	  1.1097
536.0000	  1.1086
535.5000	  1.1090
535.0000	  1.1100
534.5000	  1.1089
534.0000	  1.1109
533.5000	  1.1109
533.0000	  1.1099
532.5000	  1.1112
532.0000	  1.1115
531.5000	  1.1113
531.0000	  1.1109
530.5000	  1.1103
530.0000	  1.1108
529.5000	  1.1107
529.0000	  1.1119
528.5000	  1.1117
528.0000	  1.1119
527.5000	  1.1132
527.0000	  1.1115
526.5000	  1.1119
526.0000	  1.1118
525.5000	  1.1122
525.0000	  1.1127
524.5000	  1.1134
524.0000	  1.1127
523.5000	  1.1123
523.0000	  1.1144
522.5000	  1.1123
522.0000	  1.1132
521.5000	  1.1122
521.0000	  1.1136
520.5000	  1.1132
520.0000	  1.1134
519.5000	  1.1141
519.0000	  1.1131
518.5000	  1.1138
518.0000	  1.1134
517.5000	  1.1144
517.0000	  1.1131
516.5000	  1.1139
516.0000	  1.1143
515.5000	  1.1136
515.0000	  1.1134
514.5000	  1.1139
514.0000	  1.1148
513.5000	  1.1138
513.0000	  1.1143
512.5000	  1.1140
512.0000	  1.1135
511.5000	  1.1150
511.0000	  1.1154
510.5000	  1.1163
510.0000	  1.1150
509.5000	  1.1170
509.0000	  1.1170
508.5000	  1.1174
508.0000	  1.1179
507.5000	  1.1191
507.0000	  1.1208
506.5000	  1.1205
506.0000	  1.1212
505.5000	  1.1224
505.0000	  1.1237
504.5000	  1.1251
504.0000	  1.1269
503.5000	  1.1276
503.0000	  1.1293
502.5000	  1.1321
502.0000	  1.1321
501.5000	  1.1328
501.0000	  1.1350
500.5000	  1.1364
500.0000	  1.1385
499.5000	  1.1404
499.0000	  1.1417
498.5000	  1.1424
498.0000	  1.1425
497.5000	  1.1458
497.0000	  1.1453
496.5000	  1.1464
496.0000	  1.1484
495.5000	  1.1494
495.0000	  1.1494
494.5000	  1.1513
494.0000	  1.1505
493.5000	  1.1531
493.0000	  1.1519
492.5000	  1.1529
492.0000	  1.1551
491.5000	  1.1565
491.0000	  1.1561
490.5000	  1.1559
490.0000	  1.1582
489.5000	  1.1567
489.0000	  1.1577
488.5000	  1.1585
488.0000	  1.1570
487.5000	  1.1575
487.0000	  1.1590
486.5000	  1.1594
486.0000	  1.1604
485.5000	  1.1617
485.0000	  1.1602
484.5000	  1.1625
484.0000	  1.1611
483.5000	  1.1628
483.0000	  1.1622
482.5000	  1.1634
482.0000	  1.1646
481.5000	  1.1655
481.0000	  1.1639
480.5000	  1.1654
480.0000	  1.1657
479.5000	  1.1699
479.0000	  1.1679
478.5000	  1.1691
478.0000	  1.1702
477.5000	  1.1699
477.0000	  1.1707
476.5000	  1.1734
476.0000	  1.1739
475.5000	  1.1753
475.0000	  1.1765
474.5000	  1.1775
474.0000	  1.1786
473.5000	  1.1802
473.0000	  1.1817
472.5000	  1.1818
472.0000	  1.1824
471.5000	  1.1831
471.0000	  1.1863
470.5000	  1.1891
470.0000	  1.1875
469.5000	  1.1909
469.0000	  1.1925
468.5000	  1.1928
468.0000	  1.1944
467.5000	  1.1957
467.0000	  1.1982
466.5000	  1.2001
466.0000	  1.2022
465.5000	  1.2038
465.0000	  1.2049
464.5000	  1.2090
464.0000	  1.2099
463.5000	  1.2118
463.0000	  1.2115
462.5000	  1.2123
462.0000	  1.2162
461.5000	  1.2199
461.0000	  1.2227
460.5000	  1.2218
460.0000	  1.2252
459.5000	  1.2257
459.0000	  1.2274
458.5000	  1.2266
458.0000	  1.2283
457.5000	  1.2304
457.0000	  1.2329
456.5000	  1.2322
456.0000	  1.2321
455.5000	  1.2331
455.0000	  1.2341
454.5000	  1.2325
454.0000	  1.2318
453.5000	  1.2295
453.0000	  1.2298
452.5000	  1.2297
452.0000	  1.2282
451.5000	  1.2268
451.0000	  1.2250
450.5000	  1.2239
450.0000	  1.2207
449.5000	  1.2188
449.0000	  1.2176
448.5000	  1.2145
448.0000	  1.2127
447.5000	  1.2109
447.0000	  1.2093
446.5000	  1.2109
446.0000	  1.2073
445.5000	  1.2059
445.0000	  1.2067
444.5000	  1.2039
444.0000	  1.2043
443.5000	  1.2029
443.0000	  1.2001
442.5000	  1.2003
442.0000	  1.1993
441.5000	  1.1998
441.0000	  1.1996
440.5000	  1.1981
440.0000	  1.1980
439.5000	  1.1990
439.0000	  1.1994
438.5000	  1.1979
438.0000	  1.1975
437.5000	  1.1980
437.0000	  1.1963
436.5000	  1.1989
436.0000	  1.1980
435.5000	  1.1976
435.0000	  1.1967
434.5000	  1.1987
434.0000	  1.1973
433.5000	  1.1979
433.0000	  1.1985
432.5000	  1.1979
432.0000	  1.1984
431.5000	  1.2005
431.0000	  1.2001
430.5000	  1.2010
430.0000	  1.2017
429.5000	  1.2005
429.0000	  1.2014
428.5000	  1.2029
428.0000	  1.2012
427.5000	  1.2039
427.0000	  1.2026
426.5000	  1.2024
426.0000	  1.2062
425.5000	  1.2046
425.0000	  1.2057
424.5000	  1.2046
424.0000	  1.2066
423.5000	  1.2065
423.0000	  1.2076
422.5000	  1.2085
422.0000	  1.2098
421.5000	  1.2125
421.0000	  1.2119
420.5000	  1.2117
420.0000	  1.2128
419.5000	  1.2120
419.0000	  1.2144
418.5000	  1.2143
418.0000	  1.2151
417.5000	  1.2157
417.0000	  1.2170
416.5000	  1.2168
416.0000	  1.2171
415.5000	  1.2154
415.0000	  1.2190
414.5000	  1.2211
414.0000	  1.2219
413.5000	  1.2198
413.0000	  1.2202
412.5000	  1.2207
412.0000	  1.2237
411.5000	  1.2224
411.0000	  1.2235
410.5000	  1.2243
410.0000	  1.2266
409.5000	  1.2247
409.0000	  1.2254
408.5000	  1.2266
408.0000	  1.2286
407.5000	  1.2260
407.0000	  1.2296
406.5000	  1.2294
406.0000	  1.2278
405.5000	  1.2262
405.0000	  1.2295
404.5000	  1.2296
404.0000	  1.2306
403.5000	  1.2306
403.0000	  1.2310
402.5000	  1.2331
402.0000	  1.2338
401.5000	  1.2306
401.0000	  1.2339
400.5000	  1.2356
400.0000	  1.2358
399.5000	  1.2352
399.0000	  1.2349
398.5000	  1.2369
398.0000	  1.2393
397.5000	  1.2374
397.0000	  1.2389
396.5000	  1.2398
396.0000	  1.2394
395.5000	  1.2429
395.0000	  1.2426
394.5000	  1.2426
394.0000	  1.2449
393.5000	  1.2435
393.0000	  1.2449
392.5000	  1.2456
392.0000	  1.2484
391.5000	  1.2485
391.0000	  1.2477
390.5000	  1.2491
390.0000	  1.2520
389.5000	  1.2529
389.0000	  1.2537
388.5000	  1.2528
388.0000	  1.2551
387.5000	  1.2563
387.0000	  1.2592
386.5000	  1.2600
386.0000	  1.2645
385.5000	  1.2610
385.0000	  1.2663
384.5000	  1.2689
384.0000	  1.2666
383.5000	  1.2708
383.0000	  1.2687
382.5000	  1.2675
382.0000	  1.2724
381.5000	  1.2748
381.0000	  1.2718
380.5000	  1.2708
380.0000	  1.2739
379.5000	  1.2802
379.0000	  1.2744
378.5000	  1.2766
378.0000	  1.2782
377.5000	  1.2775
377.0000	  1.2799
376.5000	  1.2827
376.0000	  1.2860
375.5000	  1.2828
375.0000	  1.2868
374.5000	  1.2883
374.0000	  1.2855
373.5000	  1.2881
373.0000	  1.2917
372.5000	  1.2907
372.0000	  1.2917
371.5000	  1.2919
371.0000	  1.2934
370.5000	  1.2936
370.0000	  1.2956
369.5000	  1.2932
369.0000	  1.2970
368.5000	  1.2959
368.0000	  1.2968
367.5000	  1.2970
367.0000	  1.2998
366.5000	  1.3002
366.0000	  1.3011
365.5000	  1.3013
365.0000	  1.3019
364.5000	  1.3045
364.0000	  1.3051
363.5000	  1.3058
363.0000	  1.3065
362.5000	  1.3067
362.0000	  1.3099
361.5000	  1.3116
361.0000	  1.3062
360.5000	  1.3080
360.0000	  1.3123
359.5000	  1.3145
359.0000	  1.3158
358.5000	  1.3183
358.0000	  1.3126
357.5000	  1.3199
357.0000	  1.3185
356.5000	  1.3211
356.0000	  1.3249
355.5000	  1.3206
355.0000	  1.3286
354.5000	  1.3177
354.0000	  1.3265
353.5000	  1.3272
353.0000	  1.3285
352.5000	  1.3316
352.0000	  1.3245
351.5000	  1.3325
351.0000	  1.3305
350.5000	  1.3317
350.0000	  1.3302
349.5000	  1.3364
349.0000	  1.3382
348.5000	  1.3385
348.0000	  1.3387
347.5000	  1.3400
347.0000	  1.3387
346.5000	  1.3475
346.0000	  1.3441
345.5000	  1.3480
345.0000	  1.3533
344.5000	  1.3473
344.0000	  1.3474
343.5000	  1.3491
343.0000	  1.3531
342.5000	  1.3514
342.0000	  1.3552
341.5000	  1.3525
341.0000	  1.3510
340.5000	  1.3568
340.0000	  1.3630
339.5000	  1.3600
339.0000	  1.3755
338.5000	  1.3742
338.0000	  1.3727
337.5000	  1.3737
337.0000	  1.3773
336.5000	  1.3728
336.0000	  1.3779
335.5000	  1.3864
335.0000	  1.3811
334.5000	  1.3867
334.0000	  1.3956
333.5000	  1.3890
333.0000	  1.3863
332.5000	  1.3938
332.0000	  1.3881
331.5000	  1.3893
331.0000	  1.3906
330.5000	  1.3937
330.0000	  1.4015
329.5000	  1.4016
329.0000	  1.4019
328.5000	  1.3972
328.0000	  1.4042
327.5000	  1.4023
327.0000	  1.4062
326.5000	  1.4061
326.0000	  1.4196
325.5000	  1.4121
325.0000	  1.4038
324.5000	  1.4167
324.0000	  1.4114
323.5000	  1.4164
323.0000	  1.4246
322.5000	  1.4225
322.0000	  1.4263
321.5000	  1.4280
321.0000	  1.4323
320.5000	  1.4347
320.0000	  1.4300
319.5000	  1.4353
319.0000	  1.4346
318.5000	  1.4364
318.0000	  1.4408
317.5000	  1.4456
317.0000	  1.4425
316.5000	  1.4460
316.0000	  1.4454
315.5000	  1.4490
315.0000	  1.4525
314.5000	  1.4541
314.0000	  1.4590
313.5000	  1.4622
313.0000	  1.4518
312.5000	  1.4595
312.0000	  1.4626
311.5000	  1.4687
311.0000	  1.4662
310.5000	  1.4613
310.0000	  1.4686
309.5000	  1.4678
309.0000	  1.4734
308.5000	  1.4701
308.0000	  1.4744
307.5000	  1.4680
307.0000	  1.4717
306.5000	  1.4750
306.0000	  1.4798
305.5000	  1.4798
305.0000	  1.4839
304.5000	  1.4826
304.0000	  1.4855
303.5000	  1.4891
303.0000	  1.4878
302.5000	  1.4895
302.0000	  1.4872
301.5000	  1.4994
301.0000	  1.4931
300.5000	  1.4928
300.0000	  1.4941
299.5000	  1.4884
299.0000	  1.5058
298.5000	  1.5052
298.0000	  1.4993
297.5000	  1.5065
297.0000	  1.5064
296.5000	  1.5077
296.0000	  1.5115
295.5000	  1.5045
295.0000	  1.5115
294.5000	  1.5123
294.0000	  1.5119
293.5000	  1.5123
293.0000	  1.5219
292.5000	  1.5235
292.0000	  1.5258
291.5000	  1.5189
291.0000	  1.5356
290.5000	  1.5359
290.0000	  1.5379
289.5000	  1.5346
289.0000	  1.5472
288.5000	  1.5489
288.0000	  1.5423
287.5000	  1.5560
287.0000	  1.5593
286.5000	  1.5634
286.0000	  1.5510
285.5000	  1.5593
285.0000	  1.5672
284.5000	  1.5778
284.0000	  1.5794
283.5000	  1.5764
283.0000	  1.5870
282.5000	  1.5846
282.0000	  1.5791
281.5000	  1.5889
281.0000	  1.5928
280.5000	  1.5959
280.0000	  1.6053
279.5000	  1.6201
279.0000	  1.6084
278.5000	  1.6221
278.0000	  1.6232
277.5000	  1.6198
277.0000	  1.6206
276.5000	  1.6265
276.0000	  1.6354
275.5000	  1.6299
275.0000	  1.6312
274.5000	  1.6472
274.0000	  1.6547
273.5000	  1.6437
273.0000	  1.6570
272.5000	  1.6629
272.0000	  1.6564
271.5000	  1.6563
271.0000	  1.6751
270.5000	  1.6719
270.0000	  1.6730
269.5000	  1.6847
269.0000	  1.6770
268.5000	  1.6892
268.0000	  1.6951
267.5000	  1.7077
267.0000	  1.6995
266.5000	  1.7094
266.0000	  1.7192
265.5000	  1.7303
265.0000	  1.7208
264.5000	  1.7254
264.0000	  1.7362
263.5000	  1.7427
263.0000	  1.7318
262.5000	  1.7455
262.0000	  1.7363
261.5000	  1.7705
261.0000	  1.7601
260.5000	  1.7643
260.0000	  1.7792
259.5000	  1.7859
259.0000	  1.7685
258.5000	  1.7820
258.0000	  1.7955
257.5000	  1.8035
257.0000	  1.8105
256.5000	  1.8156
256.0000	  1.8190
255.5000	  1.8247
255.0000	  1.8303
254.5000	  1.8494
254.0000	  1.8496
253.5000	  1.8447
253.0000	  1.8542
252.5000	  1.8587
252.0000	  1.8772
251.5000	  1.8763
251.0000	  1.8875
250.5000	  1.8879
250.0000	  1.8980
249.5000	  1.9002
249.0000	  1.8893
248.5000	  1.9108
248.0000	  1.9144
247.5000	  1.9216
247.0000	  1.9269
246.5000	  1.9262
246.0000	  1.9483
245.5000	  1.9460
245.0000	  1.9564
244.5000	  1.9816
244.0000	  1.9856
243.5000	  1.9888
243.0000	  2.0203
242.5000	  2.0203
242.0000	  2.0221
241.5000	  2.0333
241.0000	  2.0421
240.5000	  2.0442
240.0000	  2.0560
239.5000	  2.0730
239.0000	  2.0640
238.5000	  2.0908
238.0000	  2.0766
237.5000	  2.1128
237.0000	  2.1159
236.5000	  2.1189
236.0000	  2.1366
235.5000	  2.1287
235.0000	  2.1340
234.5000	  2.1848
234.0000	  2.1723
233.5000	  2.1706
233.0000	  2.1945
232.5000	  2.2114
232.0000	  2.2012
231.5000	  2.2258
231.0000	  2.2314
230.5000	  2.2557
230.0000	  2.2692
229.5000	  2.2987
229.0000	  2.2935
228.5000	  2.2955
228.0000	  2.3518
227.5000	  2.3058
227.0000	  2.3369
226.5000	  2.3386
226.0000	  2.3520
225.5000	  2.3541
225.0000	  2.4127
224.5000	  2.4009
224.0000	  2.4358
223.5000	  2.3792
223.0000	  2.5081
222.5000	  2.4551
222.0000	  2.4631
221.5000	  2.4955
221.0000	  2.4923
220.5000	  2.5487
220.0000	  2.4828
219.5000	  2.5112
219.0000	  2.5658
218.5000	  2.5894
218.0000	  2.6260
217.5000	  2.5848
217.0000	  2.6509
216.5000	  2.6571
216.0000	  2.5700
215.5000	  2.6416
215.0000	  2.6575
214.5000	  2.6415
214.0000	  2.7673
213.5000	  2.7464
213.0000	  2.7502
212.5000	  2.7883
212.0000	  2.7402
211.5000	  2.8152
211.0000	  2.7741
210.5000	  2.7207
210.0000	  2.8194
209.5000	  2.9419
209.0000	  2.8599
208.5000	  2.9213
208.0000	  3.0167
207.5000	  3.0385
207.0000	  2.9513
206.5000	  3.0829
206.0000	  3.1727
205.5000	  2.8669
205.0000	  3.1706
204.5000	  2.9680
204.0000	  3.1078
203.5000	  3.0467
203.0000	  3.0013
202.5000	  3.0572
202.0000	  3.3419
201.5000	  2.9888
201.0000	  3.4752
200.5000	  2.8468
200.0000	  3.5782
199.5000	  3.2293
199.0000	  2.5864
198.5000	  3.4997
198.0000	  4.0402
197.5000	  3.6164
197.0000	  2.5929
196.5000	  3.9123
196.0000	  2.8483
195.5000	  2.6109
195.0000	  1.9621
194.5000	  6.5776
194.0000	  2.3863
193.5000	  5.0296
193.0000	  2.1085
192.5000	  2.2604
192.0000	  3.6068
191.5000	  1.7861
191.0000	 -0.2493
190.5000	  1.2107
190.0000	 -7.9771
