01/01/2002 1.24.57
01/01/2002 1.33.27

900.0000	 94.9000

900.0000	 94.9000

900.0000	 94.9800



  1.0000
900.0000
  3.0000
340.0000
  1.0000
1301.0000
  5.0000
  6.0000
  1.0000
  1.0000
  0.0000
  0.0000
100.0000
  0.0000
  1.0000
  0.0000
500.0000
900.0000
250.0000
  4.0000
  1.0000
 18.0000
  2.0000
  1.0000
255.0000
  0.8183
  1.0000
 30.0000
  4.0000
500.0000
  0.0000
  0.0000
  4.0000
900.0000
250.0000
  0.0000
100.0000
  0.0000
  1.0000
  0.0000
500.0000
  1.0000
  1.0000
  1.0000
  1.0000
  4.0000
  0.0000
  1.0000
  1.0000
  1.0000
  1.0000
  1.0000
  2.0000
  1.0000
  1.0000
  1.0000
  3.0000
  1.0000
  1.0000
  1.0000
  4.0000
  5.0000
509.544
0.000
900.0000	  0.9404
899.5000	  0.9595
899.0000	  0.9471
898.5000	  0.9428
898.0000	  0.9299
897.5000	  0.9420
897.0000	  0.9389
896.5000	  0.9632
896.0000	  0.9648
895.5000	  0.9510
895.0000	  0.9627
894.5000	  0.9414
894.0000	  0.9435
893.5000	  0.9384
893.0000	  0.9245
892.5000	  0.9469
892.0000	  0.9656
891.5000	  0.9460
891.0000	  0.9301
890.5000	  0.9483
890.0000	  0.9824
889.5000	  0.9510
889.0000	  0.9706
888.5000	  0.9588
888.0000	  0.9523
887.5000	  0.9375
887.0000	  0.9534
886.5000	  0.9486
886.0000	  0.9420
885.5000	  0.9460
885.0000	  0.9393
884.5000	  0.9592
884.0000	  0.9447
883.5000	  0.9489
883.0000	  0.9553
882.5000	  0.9514
882.0000	  0.9484
881.5000	  0.9450
881.0000	  0.9499
880.5000	  0.9522
880.0000	  0.9398
879.5000	  0.9569
879.0000	  0.9516
878.5000	  0.9590
878.0000	  0.9621
877.5000	  0.9566
877.0000	  0.9531
876.5000	  0.9388
876.0000	  0.9545
875.5000	  0.9578
875.0000	  0.9343
874.5000	  0.9590
874.0000	  0.9559
873.5000	  0.9440
873.0000	  0.9559
872.5000	  0.9616
872.0000	  0.9603
871.5000	  0.9527
871.0000	  0.9535
870.5000	  0.9454
870.0000	  0.9480
869.5000	  0.9631
869.0000	  0.9591
868.5000	  0.9490
868.0000	  0.9517
867.5000	  0.9530
867.0000	  0.9555
866.5000	  0.9532
866.0000	  0.9582
865.5000	  0.9546
865.0000	  0.9555
864.5000	  0.9578
864.0000	  0.9525
863.5000	  0.9605
863.0000	  0.9485
862.5000	  0.9605
862.0000	  0.9572
861.5000	  0.9572
861.0000	  0.9532
860.5000	  0.9561
860.0000	  0.9643
859.5000	  0.9627
859.0000	  0.9622
858.5000	  0.9672
858.0000	  0.9617
857.5000	  0.9645
857.0000	  0.9674
856.5000	  0.9617
856.0000	  0.9662
855.5000	  0.9645
855.0000	  0.9582
854.5000	  0.9637
854.0000	  0.9585
853.5000	  0.9670
853.0000	  0.9653
852.5000	  0.9662
852.0000	  0.9634
851.5000	  0.9629
851.0000	  0.9669
850.5000	  0.9694
850.0000	  0.9636
849.5000	  0.9647
849.0000	  0.9677
848.5000	  0.9654
848.0000	  0.9670
847.5000	  0.9697
847.0000	  0.9692
846.5000	  0.9681
846.0000	  0.9697
845.5000	  0.9678
845.0000	  0.9665
844.5000	  0.9668
844.0000	  0.9701
843.5000	  0.9681
843.0000	  0.9666
842.5000	  0.9680
842.0000	  0.9705
841.5000	  0.9669
841.0000	  0.9673
840.5000	  0.9655
840.0000	  0.9681
839.5000	  0.9678
839.0000	  0.9663
838.5000	  0.9668
838.0000	  0.9656
837.5000	  0.9666
837.0000	  0.9646
836.5000	  0.9663
836.0000	  0.9654
835.5000	  0.9670
835.0000	  0.9663
834.5000	  0.9646
834.0000	  0.9648
833.5000	  0.9657
833.0000	  0.9671
832.5000	  0.9631
832.0000	  0.9646
831.5000	  0.9663
831.0000	  0.9625
830.5000	  0.9654
830.0000	  0.9651
829.5000	  0.9647
829.0000	  0.9659
828.5000	  0.9633
828.0000	  0.9642
827.5000	  0.9642
827.0000	  0.9640
826.5000	  0.9642
826.0000	  0.9607
825.5000	  0.9633
825.0000	  0.9642
824.5000	  0.9637
824.0000	  0.9635
823.5000	  0.9629
823.0000	  0.9645
822.5000	  0.9632
822.0000	  0.9613
821.5000	  0.9622
821.0000	  0.9615
820.5000	  0.9619
820.0000	  0.9634
819.5000	  0.9611
819.0000	  0.9634
818.5000	  0.9625
818.0000	  0.9628
817.5000	  0.9634
817.0000	  0.9629
816.5000	  0.9622
816.0000	  0.9619
815.5000	  0.9642
815.0000	  0.9628
814.5000	  0.9619
814.0000	  0.9648
813.5000	  0.9640
813.0000	  0.9648
812.5000	  0.9619
812.0000	  0.9644
811.5000	  0.9644
811.0000	  0.9641
810.5000	  0.9621
810.0000	  0.9629
809.5000	  0.9644
809.0000	  0.9629
808.5000	  0.9630
808.0000	  0.9627
807.5000	  0.9636
807.0000	  0.9645
806.5000	  0.9642
806.0000	  0.9646
805.5000	  0.9645
805.0000	  0.9637
804.5000	  0.9634
804.0000	  0.9655
803.5000	  0.9649
803.0000	  0.9635
802.5000	  0.9647
802.0000	  0.9664
801.5000	  0.9637
801.0000	  0.9639
800.5000	  0.9654
800.0000	  0.9642
799.5000	  0.9661
799.0000	  0.9662
798.5000	  0.9642
798.0000	  0.9659
797.5000	  0.9650
797.0000	  0.9646
796.5000	  0.9650
796.0000	  0.9674
795.5000	  0.9654
795.0000	  0.9652
794.5000	  0.9657
794.0000	  0.9674
793.5000	  0.9670
793.0000	  0.9680
792.5000	  0.9662
792.0000	  0.9652
791.5000	  0.9667
791.0000	  0.9669
790.5000	  0.9685
790.0000	  0.9683
789.5000	  0.9674
789.0000	  0.9678
788.5000	  0.9672
788.0000	  0.9670
787.5000	  0.9679
787.0000	  0.9684
786.5000	  0.9677
786.0000	  0.9681
785.5000	  0.9685
785.0000	  0.9681
784.5000	  0.9684
784.0000	  0.9688
783.5000	  0.9690
783.0000	  0.9701
782.5000	  0.9673
782.0000	  0.9693
781.5000	  0.9683
781.0000	  0.9688
780.5000	  0.9690
780.0000	  0.9694
779.5000	  0.9700
779.0000	  0.9708
778.5000	  0.9677
778.0000	  0.9699
777.5000	  0.9697
777.0000	  0.9712
776.5000	  0.9710
776.0000	  0.9690
775.5000	  0.9696
775.0000	  0.9700
774.5000	  0.9703
774.0000	  0.9683
773.5000	  0.9709
773.0000	  0.9715
772.5000	  0.9709
772.0000	  0.9703
771.5000	  0.9705
771.0000	  0.9703
770.5000	  0.9719
770.0000	  0.9719
769.5000	  0.9703
769.0000	  0.9709
768.5000	  0.9713
768.0000	  0.9725
767.5000	  0.9719
767.0000	  0.9713
766.5000	  0.9704
766.0000	  0.9701
765.5000	  0.9716
765.0000	  0.9718
764.5000	  0.9726
764.0000	  0.9722
763.5000	  0.9729
763.0000	  0.9718
762.5000	  0.9728
762.0000	  0.9718
761.5000	  0.9720
761.0000	  0.9746
760.5000	  0.9725
760.0000	  0.9722
759.5000	  0.9728
759.0000	  0.9742
758.5000	  0.9734
758.0000	  0.9720
757.5000	  0.9714
757.0000	  0.9736
756.5000	  0.9739
756.0000	  0.9739
755.5000	  0.9726
755.0000	  0.9731
754.5000	  0.9744
754.0000	  0.9734
753.5000	  0.9726
753.0000	  0.9740
752.5000	  0.9749
752.0000	  0.9746
751.5000	  0.9750
751.0000	  0.9740
750.5000	  0.9758
750.0000	  0.9751
749.5000	  0.9748
749.0000	  0.9743
748.5000	  0.9756
748.0000	  0.9752
747.5000	  0.9753
747.0000	  0.9761
746.5000	  0.9761
746.0000	  0.9751
745.5000	  0.9775
745.0000	  0.9760
744.5000	  0.9766
744.0000	  0.9766
743.5000	  0.9782
743.0000	  0.9778
742.5000	  0.9775
742.0000	  0.9770
741.5000	  0.9782
741.0000	  0.9785
740.5000	  0.9794
740.0000	  0.9772
739.5000	  0.9793
739.0000	  0.9788
738.5000	  0.9801
738.0000	  0.9797
737.5000	  0.9801
737.0000	  0.9793
736.5000	  0.9808
736.0000	  0.9820
735.5000	  0.9803
735.0000	  0.9806
734.5000	  0.9823
734.0000	  0.9842
733.5000	  0.9836
733.0000	  0.9831
732.5000	  0.9841
732.0000	  0.9850
731.5000	  0.9853
731.0000	  0.9852
730.5000	  0.9868
730.0000	  0.9875
729.5000	  0.9883
729.0000	  0.9895
728.5000	  0.9891
728.0000	  0.9899
727.5000	  0.9926
727.0000	  0.9942
726.5000	  0.9942
726.0000	  0.9954
725.5000	  0.9994
725.0000	  0.9998
724.5000	  1.0024
724.0000	  1.0047
723.5000	  1.0058
723.0000	  1.0099
722.5000	  1.0108
722.0000	  1.0134
721.5000	  1.0163
721.0000	  1.0183
720.5000	  1.0229
720.0000	  1.0253
719.5000	  1.0255
719.0000	  1.0320
718.5000	  1.0323
718.0000	  1.0361
717.5000	  1.0346
717.0000	  1.0331
716.5000	  1.0361
716.0000	  1.0301
715.5000	  1.0289
715.0000	  1.0263
714.5000	  1.0233
714.0000	  1.0182
713.5000	  1.0155
713.0000	  1.0118
712.5000	  1.0099
712.0000	  1.0049
711.5000	  1.0033
711.0000	  1.0001
710.5000	  0.9972
710.0000	  0.9945
709.5000	  0.9922
709.0000	  0.9887
708.5000	  0.9883
708.0000	  0.9871
707.5000	  0.9864
707.0000	  0.9845
706.5000	  0.9851
706.0000	  0.9851
705.5000	  0.9852
705.0000	  0.9852
704.5000	  0.9859
704.0000	  0.9846
703.5000	  0.9866
703.0000	  0.9867
702.5000	  0.9867
702.0000	  0.9853
701.5000	  0.9859
701.0000	  0.9855
700.5000	  0.9847
700.0000	  0.9864
699.5000	  0.9850
699.0000	  0.9844
698.5000	  0.9856
698.0000	  0.9842
697.5000	  0.9850
697.0000	  0.9857
696.5000	  0.9850
696.0000	  0.9854
695.5000	  0.9847
695.0000	  0.9843
694.5000	  0.9854
694.0000	  0.9842
693.5000	  0.9849
693.0000	  0.9843
692.5000	  0.9854
692.0000	  0.9862
691.5000	  0.9849
691.0000	  0.9833
690.5000	  0.9861
690.0000	  0.9849
689.5000	  0.9845
689.0000	  0.9853
688.5000	  0.9857
688.0000	  0.9837
687.5000	  0.9849
687.0000	  0.9841
686.5000	  0.9846
686.0000	  0.9855
685.5000	  0.9849
685.0000	  0.9855
684.5000	  0.9835
684.0000	  0.9855
683.5000	  0.9849
683.0000	  0.9841
682.5000	  0.9842
682.0000	  0.9862
681.5000	  0.9839
681.0000	  0.9858
680.5000	  0.9848
680.0000	  0.9851
679.5000	  0.9848
679.0000	  0.9858
678.5000	  0.9841
678.0000	  0.9840
677.5000	  0.9840
677.0000	  0.9848
676.5000	  0.9846
676.0000	  0.9843
675.5000	  0.9844
675.0000	  0.9845
674.5000	  0.9853
674.0000	  0.9843
673.5000	  0.9839
673.0000	  0.9848
672.5000	  0.9848
672.0000	  0.9837
671.5000	  0.9830
671.0000	  0.9851
670.5000	  0.9855
670.0000	  0.9832
669.5000	  0.9847
669.0000	  0.9838
668.5000	  0.9846
668.0000	  0.9848
667.5000	  0.9826
667.0000	  0.9832
666.5000	  0.9842
666.0000	  0.9847
665.5000	  0.9834
665.0000	  0.9848
664.5000	  0.9844
664.0000	  0.9846
663.5000	  0.9850
663.0000	  0.9828
662.5000	  0.9840
662.0000	  0.9852
661.5000	  0.9848
661.0000	  0.9825
660.5000	  0.9827
660.0000	  0.9842
659.5000	  0.9827
659.0000	  0.9842
658.5000	  0.9834
658.0000	  0.9825
657.5000	  0.9827
657.0000	  0.9836
656.5000	  0.9825
656.0000	  0.9832
655.5000	  0.9840
655.0000	  0.9832
654.5000	  0.9828
654.0000	  0.9824
653.5000	  0.9827
653.0000	  0.9829
652.5000	  0.9820
652.0000	  0.9816
651.5000	  0.9817
651.0000	  0.9839
650.5000	  0.9814
650.0000	  0.9813
649.5000	  0.9816
649.0000	  0.9823
648.5000	  0.9819
648.0000	  0.9813
647.5000	  0.9812
647.0000	  0.9804
646.5000	  0.9819
646.0000	  0.9802
645.5000	  0.9801
645.0000	  0.9800
644.5000	  0.9791
644.0000	  0.9797
643.5000	  0.9795
643.0000	  0.9791
642.5000	  0.9791
642.0000	  0.9788
641.5000	  0.9796
641.0000	  0.9782
640.5000	  0.9782
640.0000	  0.9771
639.5000	  0.9770
639.0000	  0.9777
638.5000	  0.9759
638.0000	  0.9751
637.5000	  0.9762
637.0000	  0.9752
636.5000	  0.9743
636.0000	  0.9750
635.5000	  0.9733
635.0000	  0.9739
634.5000	  0.9740
634.0000	  0.9739
633.5000	  0.9734
633.0000	  0.9737
632.5000	  0.9740
632.0000	  0.9751
631.5000	  0.9741
631.0000	  0.9742
630.5000	  0.9755
630.0000	  0.9772
629.5000	  0.9764
629.0000	  0.9782
628.5000	  0.9804
628.0000	  0.9817
627.5000	  0.9838
627.0000	  0.9829
626.5000	  0.9862
626.0000	  0.9883
625.5000	  0.9896
625.0000	  0.9913
624.5000	  0.9933
624.0000	  0.9960
623.5000	  0.9966
623.0000	  0.9991
622.5000	  0.9988
622.0000	  0.9996
621.5000	  1.0022
621.0000	  1.0044
620.5000	  1.0033
620.0000	  1.0040
619.5000	  1.0071
619.0000	  1.0062
618.5000	  1.0075
618.0000	  1.0063
617.5000	  1.0067
617.0000	  1.0061
616.5000	  1.0036
616.0000	  1.0052
615.5000	  1.0043
615.0000	  1.0041
614.5000	  1.0037
614.0000	  1.0054
613.5000	  1.0051
613.0000	  1.0037
612.5000	  1.0042
612.0000	  1.0036
611.5000	  1.0043
611.0000	  1.0044
610.5000	  1.0047
610.0000	  1.0046
609.5000	  1.0046
609.0000	  1.0050
608.5000	  1.0045
608.0000	  1.0065
607.5000	  1.0063
607.0000	  1.0056
606.5000	  1.0038
606.0000	  1.0055
605.5000	  1.0061
605.0000	  1.0050
604.5000	  1.0057
604.0000	  1.0060
603.5000	  1.0068
603.0000	  1.0061
602.5000	  1.0073
602.0000	  1.0066
601.5000	  1.0071
601.0000	  1.0081
600.5000	  1.0071
600.0000	  1.0068
599.5000	  1.0071
599.0000	  1.0079
598.5000	  1.0075
598.0000	  1.0083
597.5000	  1.0080
597.0000	  1.0078
596.5000	  1.0083
596.0000	  1.0082
595.5000	  1.0081
595.0000	  1.0089
594.5000	  1.0095
594.0000	  1.0095
593.5000	  1.0108
593.0000	  1.0098
592.5000	  1.0091
592.0000	  1.0101
591.5000	  1.0102
591.0000	  1.0102
590.5000	  1.0104
590.0000	  1.0104
589.5000	  1.0120
589.0000	  1.0107
588.5000	  1.0114
588.0000	  1.0112
587.5000	  1.0122
587.0000	  1.0116
586.5000	  1.0123
586.0000	  1.0123
585.5000	  1.0122
585.0000	  1.0114
584.5000	  1.0125
584.0000	  1.0131
583.5000	  1.0118
583.0000	  1.0132
582.5000	  1.0134
582.0000	  1.0137
581.5000	  1.0133
581.0000	  1.0131
580.5000	  1.0134
580.0000	  1.0146
579.5000	  1.0141
579.0000	  1.0132
578.5000	  1.0146
578.0000	  1.0156
577.5000	  1.0140
577.0000	  1.0143
576.5000	  1.0151
576.0000	  1.0149
575.5000	  1.0156
575.0000	  1.0155
574.5000	  1.0150
574.0000	  1.0159
573.5000	  1.0164
573.0000	  1.0154
572.5000	  1.0158
572.0000	  1.0180
571.5000	  1.0170
571.0000	  1.0176
570.5000	  1.0170
570.0000	  1.0176
569.5000	  1.0169
569.0000	  1.0177
568.5000	  1.0176
568.0000	  1.0176
567.5000	  1.0181
567.0000	  1.0176
566.5000	  1.0186
566.0000	  1.0184
565.5000	  1.0198
565.0000	  1.0186
564.5000	  1.0184
564.0000	  1.0192
563.5000	  1.0203
563.0000	  1.0203
562.5000	  1.0205
562.0000	  1.0197
561.5000	  1.0209
561.0000	  1.0214
560.5000	  1.0210
560.0000	  1.0216
559.5000	  1.0209
559.0000	  1.0214
558.5000	  1.0221
558.0000	  1.0216
557.5000	  1.0206
557.0000	  1.0223
556.5000	  1.0229
556.0000	  1.0216
555.5000	  1.0224
555.0000	  1.0232
554.5000	  1.0227
554.0000	  1.0235
553.5000	  1.0226
553.0000	  1.0220
552.5000	  1.0235
552.0000	  1.0229
551.5000	  1.0243
551.0000	  1.0242
550.5000	  1.0240
550.0000	  1.0242
549.5000	  1.0256
549.0000	  1.0251
548.5000	  1.0248
548.0000	  1.0246
547.5000	  1.0266
547.0000	  1.0251
546.5000	  1.0257
546.0000	  1.0258
545.5000	  1.0252
545.0000	  1.0257
544.5000	  1.0274
544.0000	  1.0271
543.5000	  1.0265
543.0000	  1.0278
542.5000	  1.0270
542.0000	  1.0269
541.5000	  1.0268
541.0000	  1.0275
540.5000	  1.0279
540.0000	  1.0293
539.5000	  1.0280
539.0000	  1.0268
538.5000	  1.0290
538.0000	  1.0281
537.5000	  1.0286
537.0000	  1.0282
536.5000	  1.0284
536.0000	  1.0300
535.5000	  1.0298
535.0000	  1.0292
534.5000	  1.0294
534.0000	  1.0306
533.5000	  1.0307
533.0000	  1.0300
532.5000	  1.0293
532.0000	  1.0296
531.5000	  1.0303
531.0000	  1.0306
530.5000	  1.0303
530.0000	  1.0309
529.5000	  1.0311
529.0000	  1.0300
528.5000	  1.0306
528.0000	  1.0331
527.5000	  1.0311
527.0000	  1.0325
526.5000	  1.0330
526.0000	  1.0314
525.5000	  1.0314
525.0000	  1.0322
524.5000	  1.0323
524.0000	  1.0325
523.5000	  1.0318
523.0000	  1.0320
522.5000	  1.0327
522.0000	  1.0332
521.5000	  1.0329
521.0000	  1.0330
520.5000	  1.0334
520.0000	  1.0328
519.5000	  1.0325
519.0000	  1.0327
518.5000	  1.0322
518.0000	  1.0336
517.5000	  1.0329
517.0000	  1.0331
516.5000	  1.0323
516.0000	  1.0332
515.5000	  1.0325
515.0000	  1.0342
514.5000	  1.0316
514.0000	  1.0330
513.5000	  1.0344
513.0000	  1.0344
512.5000	  1.0337
512.0000	  1.0345
511.5000	  1.0354
511.0000	  1.0339
510.5000	  1.0345
510.0000	  1.0346
509.5000	  1.0356
509.0000	  1.0353
508.5000	  1.0367
508.0000	  1.0361
507.5000	  1.0368
507.0000	  1.0388
506.5000	  1.0400
506.0000	  1.0401
505.5000	  1.0422
505.0000	  1.0419
504.5000	  1.0442
504.0000	  1.0457
503.5000	  1.0456
503.0000	  1.0468
502.5000	  1.0496
502.0000	  1.0505
501.5000	  1.0526
501.0000	  1.0531
500.5000	  1.0545
500.0000	  1.0558
499.5000	  1.0583
499.0000	  1.0588
498.5000	  1.0591
498.0000	  1.0611
497.5000	  1.0625
497.0000	  1.0623
496.5000	  1.0634
496.0000	  1.0649
495.5000	  1.0653
495.0000	  1.0666
494.5000	  1.0669
494.0000	  1.0671
493.5000	  1.0689
493.0000	  1.0697
492.5000	  1.0703
492.0000	  1.0702
491.5000	  1.0708
491.0000	  1.0715
490.5000	  1.0722
490.0000	  1.0722
489.5000	  1.0715
489.0000	  1.0740
488.5000	  1.0744
488.0000	  1.0732
487.5000	  1.0719
487.0000	  1.0745
486.5000	  1.0739
486.0000	  1.0736
485.5000	  1.0745
485.0000	  1.0759
484.5000	  1.0748
484.0000	  1.0771
483.5000	  1.0778
483.0000	  1.0780
482.5000	  1.0792
482.0000	  1.0811
481.5000	  1.0793
481.0000	  1.0786
480.5000	  1.0818
480.0000	  1.0812
479.5000	  1.0829
479.0000	  1.0831
478.5000	  1.0848
478.0000	  1.0855
477.5000	  1.0859
477.0000	  1.0862
476.5000	  1.0865
476.0000	  1.0885
475.5000	  1.0889
475.0000	  1.0905
474.5000	  1.0893
474.0000	  1.0934
473.5000	  1.0932
473.0000	  1.0959
472.5000	  1.0960
472.0000	  1.0958
471.5000	  1.0979
471.0000	  1.0994
470.5000	  1.0996
470.0000	  1.1018
469.5000	  1.1031
469.0000	  1.1056
468.5000	  1.1074
468.0000	  1.1091
467.5000	  1.1114
467.0000	  1.1105
466.5000	  1.1128
466.0000	  1.1136
465.5000	  1.1155
465.0000	  1.1177
464.5000	  1.1182
464.0000	  1.1189
463.5000	  1.1233
463.0000	  1.1246
462.5000	  1.1255
462.0000	  1.1279
461.5000	  1.1298
461.0000	  1.1323
460.5000	  1.1339
460.0000	  1.1328
459.5000	  1.1359
459.0000	  1.1379
458.5000	  1.1401
458.0000	  1.1394
457.5000	  1.1408
457.0000	  1.1410
456.5000	  1.1435
456.0000	  1.1438
455.5000	  1.1437
455.0000	  1.1435
454.5000	  1.1413
454.0000	  1.1418
453.5000	  1.1409
453.0000	  1.1414
452.5000	  1.1382
452.0000	  1.1399
451.5000	  1.1365
451.0000	  1.1358
450.5000	  1.1324
450.0000	  1.1316
449.5000	  1.1294
449.0000	  1.1267
448.5000	  1.1261
448.0000	  1.1228
447.5000	  1.1241
447.0000	  1.1202
446.5000	  1.1180
446.0000	  1.1176
445.5000	  1.1156
445.0000	  1.1148
444.5000	  1.1128
444.0000	  1.1128
443.5000	  1.1126
443.0000	  1.1115
442.5000	  1.1110
442.0000	  1.1098
441.5000	  1.1096
441.0000	  1.1105
440.5000	  1.1099
440.0000	  1.1093
439.5000	  1.1080
439.0000	  1.1079
438.5000	  1.1090
438.0000	  1.1091
437.5000	  1.1071
437.0000	  1.1082
436.5000	  1.1086
436.0000	  1.1079
435.5000	  1.1087
435.0000	  1.1073
434.5000	  1.1081
434.0000	  1.1093
433.5000	  1.1105
433.0000	  1.1087
432.5000	  1.1083
432.0000	  1.1122
431.5000	  1.1103
431.0000	  1.1101
430.5000	  1.1093
430.0000	  1.1110
429.5000	  1.1114
429.0000	  1.1133
428.5000	  1.1122
428.0000	  1.1116
427.5000	  1.1128
427.0000	  1.1132
426.5000	  1.1132
426.0000	  1.1138
425.5000	  1.1151
425.0000	  1.1156
424.5000	  1.1153
424.0000	  1.1162
423.5000	  1.1171
423.0000	  1.1195
422.5000	  1.1188
422.0000	  1.1197
421.5000	  1.1202
421.0000	  1.1205
420.5000	  1.1216
420.0000	  1.1224
419.5000	  1.1220
419.0000	  1.1227
418.5000	  1.1246
418.0000	  1.1245
417.5000	  1.1225
417.0000	  1.1231
416.5000	  1.1267
416.0000	  1.1277
415.5000	  1.1279
415.0000	  1.1285
414.5000	  1.1270
414.0000	  1.1290
413.5000	  1.1278
413.0000	  1.1307
412.5000	  1.1288
412.0000	  1.1326
411.5000	  1.1320
411.0000	  1.1308
410.5000	  1.1339
410.0000	  1.1314
409.5000	  1.1341
409.0000	  1.1340
408.5000	  1.1334
408.0000	  1.1352
407.5000	  1.1349
407.0000	  1.1349
406.5000	  1.1354
406.0000	  1.1332
405.5000	  1.1395
405.0000	  1.1361
404.5000	  1.1390
404.0000	  1.1386
403.5000	  1.1396
403.0000	  1.1392
402.5000	  1.1404
402.0000	  1.1391
401.5000	  1.1400
401.0000	  1.1410
400.5000	  1.1427
400.0000	  1.1411
399.5000	  1.1395
399.0000	  1.1437
398.5000	  1.1415
398.0000	  1.1447
397.5000	  1.1441
397.0000	  1.1463
396.5000	  1.1437
396.0000	  1.1450
395.5000	  1.1459
395.0000	  1.1461
394.5000	  1.1488
394.0000	  1.1491
393.5000	  1.1494
393.0000	  1.1495
392.5000	  1.1499
392.0000	  1.1524
391.5000	  1.1514
391.0000	  1.1537
390.5000	  1.1533
390.0000	  1.1565
389.5000	  1.1562
389.0000	  1.1593
388.5000	  1.1590
388.0000	  1.1601
387.5000	  1.1614
387.0000	  1.1622
386.5000	  1.1654
386.0000	  1.1672
385.5000	  1.1684
385.0000	  1.1713
384.5000	  1.1696
384.0000	  1.1713
383.5000	  1.1736
383.0000	  1.1722
382.5000	  1.1786
382.0000	  1.1753
381.5000	  1.1769
381.0000	  1.1751
380.5000	  1.1750
380.0000	  1.1804
379.5000	  1.1792
379.0000	  1.1797
378.5000	  1.1835
378.0000	  1.1848
377.5000	  1.1830
377.0000	  1.1855
376.5000	  1.1817
376.0000	  1.1857
375.5000	  1.1879
375.0000	  1.1853
374.5000	  1.1880
374.0000	  1.1894
373.5000	  1.1895
373.0000	  1.1889
372.5000	  1.1945
372.0000	  1.1935
371.5000	  1.1912
371.0000	  1.1917
370.5000	  1.1952
370.0000	  1.1941
369.5000	  1.1964
369.0000	  1.1972
368.5000	  1.1929
368.0000	  1.1995
367.5000	  1.2004
367.0000	  1.1986
366.5000	  1.2014
366.0000	  1.2019
365.5000	  1.1997
365.0000	  1.2024
364.5000	  1.2017
364.0000	  1.2040
363.5000	  1.2052
363.0000	  1.2040
362.5000	  1.2039
362.0000	  1.2093
361.5000	  1.2098
361.0000	  1.2103
360.5000	  1.2065
360.0000	  1.2117
359.5000	  1.2128
359.0000	  1.2108
358.5000	  1.2113
358.0000	  1.2176
357.5000	  1.2128
357.0000	  1.2170
356.5000	  1.2188
356.0000	  1.2205
355.5000	  1.2187
355.0000	  1.2218
354.5000	  1.2215
354.0000	  1.2209
353.5000	  1.2221
353.0000	  1.2248
352.5000	  1.2218
352.0000	  1.2245
351.5000	  1.2270
351.0000	  1.2324
350.5000	  1.2283
350.0000	  1.2261
349.5000	  1.2315
349.0000	  1.2357
348.5000	  1.2367
348.0000	  1.2418
347.5000	  1.2353
347.0000	  1.2342
346.5000	  1.2440
346.0000	  1.2432
345.5000	  1.2390
345.0000	  1.2385
344.5000	  1.2419
344.0000	  1.2459
343.5000	  1.2467
343.0000	  1.2449
342.5000	  1.2479
342.0000	  1.2505
341.5000	  1.2498
341.0000	  1.2487
340.5000	  1.2511
340.0000	  1.2474
339.5000	  1.2617
339.0000	  1.2644
338.5000	  1.2633
338.0000	  1.2662
337.5000	  1.2604
337.0000	  1.2692
336.5000	  1.2704
336.0000	  1.2715
335.5000	  1.2753
335.0000	  1.2736
334.5000	  1.2716
334.0000	  1.2761
333.5000	  1.2738
333.0000	  1.2798
332.5000	  1.2852
332.0000	  1.2787
331.5000	  1.2800
331.0000	  1.2850
330.5000	  1.2854
330.0000	  1.2918
329.5000	  1.2887
329.0000	  1.2891
328.5000	  1.2855
328.0000	  1.2914
327.5000	  1.2927
327.0000	  1.3004
326.5000	  1.2954
326.0000	  1.2990
325.5000	  1.2956
325.0000	  1.3018
324.5000	  1.2997
324.0000	  1.3060
323.5000	  1.3064
323.0000	  1.3088
322.5000	  1.3056
322.0000	  1.3104
321.5000	  1.3117
321.0000	  1.3147
320.5000	  1.3126
320.0000	  1.3160
319.5000	  1.3116
319.0000	  1.3213
318.5000	  1.3246
318.0000	  1.3241
317.5000	  1.3225
317.0000	  1.3264
316.5000	  1.3298
316.0000	  1.3339
315.5000	  1.3309
315.0000	  1.3355
314.5000	  1.3294
314.0000	  1.3311
313.5000	  1.3289
313.0000	  1.3429
312.5000	  1.3441
312.0000	  1.3509
311.5000	  1.3529
311.0000	  1.3422
310.5000	  1.3472
310.0000	  1.3476
309.5000	  1.3476
309.0000	  1.3468
308.5000	  1.3480
308.0000	  1.3507
307.5000	  1.3572
307.0000	  1.3645
306.5000	  1.3572
306.0000	  1.3552
305.5000	  1.3613
305.0000	  1.3593
304.5000	  1.3559
304.0000	  1.3652
303.5000	  1.3671
303.0000	  1.3611
302.5000	  1.3687
302.0000	  1.3704
301.5000	  1.3666
301.0000	  1.3704
300.5000	  1.3736
300.0000	  1.3730
299.5000	  1.3742
299.0000	  1.3790
298.5000	  1.3760
298.0000	  1.3779
297.5000	  1.3735
297.0000	  1.3774
296.5000	  1.3807
296.0000	  1.3811
295.5000	  1.3839
295.0000	  1.3745
294.5000	  1.3862
294.0000	  1.3865
293.5000	  1.3910
293.0000	  1.3927
292.5000	  1.3962
292.0000	  1.3943
291.5000	  1.3975
291.0000	  1.4079
290.5000	  1.4038
290.0000	  1.4112
289.5000	  1.4150
289.0000	  1.4137
288.5000	  1.4136
288.0000	  1.4163
287.5000	  1.4247
287.0000	  1.4268
286.5000	  1.4229
286.0000	  1.4325
285.5000	  1.4371
285.0000	  1.4377
284.5000	  1.4444
284.0000	  1.4325
283.5000	  1.4468
283.0000	  1.4514
282.5000	  1.4528
282.0000	  1.4564
281.5000	  1.4548
281.0000	  1.4623
280.5000	  1.4675
280.0000	  1.4665
279.5000	  1.4672
279.0000	  1.4709
278.5000	  1.4710
278.0000	  1.4734
277.5000	  1.4786
277.0000	  1.4870
276.5000	  1.4857
276.0000	  1.4998
275.5000	  1.4932
275.0000	  1.5076
274.5000	  1.5005
274.0000	  1.5103
273.5000	  1.5146
273.0000	  1.5201
272.5000	  1.5100
272.0000	  1.5245
271.5000	  1.5291
271.0000	  1.5251
270.5000	  1.5322
270.0000	  1.5367
269.5000	  1.5343
269.0000	  1.5433
268.5000	  1.5366
268.0000	  1.5516
267.5000	  1.5482
267.0000	  1.5593
266.5000	  1.5560
266.0000	  1.5491
265.5000	  1.5733
265.0000	  1.5672
264.5000	  1.5785
264.0000	  1.5708
263.5000	  1.5900
263.0000	  1.5876
262.5000	  1.5954
262.0000	  1.6023
261.5000	  1.5970
261.0000	  1.5914
260.5000	  1.5858
260.0000	  1.6044
259.5000	  1.6098
259.0000	  1.6187
258.5000	  1.6179
258.0000	  1.6127
257.5000	  1.6217
257.0000	  1.6274
256.5000	  1.6347
256.0000	  1.6397
255.5000	  1.6404
255.0000	  1.6436
254.5000	  1.6419
254.0000	  1.6461
253.5000	  1.6579
253.0000	  1.6499
252.5000	  1.6432
252.0000	  1.6498
251.5000	  1.6520
251.0000	  1.6522
250.5000	  1.6595
250.0000	  1.6545
