04/01/2002 22.04.48
04/01/2002 22.13.15

900.0000	 88.7400

900.0000	 88.7400

900.0000	 90.8000



  1.0000
900.0000
  3.0000
340.0000
  1.0000
1301.0000
  5.0000
  6.0000
  1.0000
  1.0000
  0.0000
  0.0000
100.0000
  0.0000
  1.0000
  0.0000
500.0000
900.0000
250.0000
  4.0000
  1.0000
 18.0000
  2.0000
  1.0000
255.0000
  0.7934
  1.0000
 30.0000
  4.0000
500.0000
  0.0000
  0.0000
  4.0000
900.0000
250.0000
  0.0000
100.0000
  0.0000
  1.0000
  0.0000
500.0000
  1.0000
  1.0000
  1.0000
  1.0000
  4.0000
  0.0000
  1.0000
  1.0000
  1.0000
  1.0000
  1.0000
  2.0000
  1.0000
  1.0000
  1.0000
  3.0000
  1.0000
  1.0000
  1.0000
  4.0000
  5.0000
507.278
0.000
900.0000	  0.8304
899.5000	  0.8883
899.0000	  0.8744
898.5000	  0.8335
898.0000	  0.8881
897.5000	  0.8567
897.0000	  0.9012
896.5000	  0.9082
896.0000	  0.8818
895.5000	  0.8588
895.0000	  0.9239
894.5000	  0.9104
894.0000	  0.9234
893.5000	  0.9203
893.0000	  0.9025
892.5000	  0.9051
892.0000	  0.9187
891.5000	  0.9075
891.0000	  0.9368
890.5000	  0.9166
890.0000	  0.8949
889.5000	  0.8887
889.0000	  0.9226
888.5000	  0.9510
888.0000	  0.9253
887.5000	  0.8933
887.0000	  0.9307
886.5000	  0.9548
886.0000	  0.9799
885.5000	  0.8936
885.0000	  0.9302
884.5000	  0.9219
884.0000	  0.9460
883.5000	  0.9434
883.0000	  0.9478
882.5000	  0.9485
882.0000	  0.9494
881.5000	  0.9699
881.0000	  0.9406
880.5000	  0.9653
880.0000	  0.9387
879.5000	  0.9464
879.0000	  0.9542
878.5000	  0.9332
878.0000	  0.9468
877.5000	  0.9518
877.0000	  0.9380
876.5000	  0.9306
876.0000	  0.9472
875.5000	  0.9640
875.0000	  0.9582
874.5000	  0.9533
874.0000	  0.9488
873.5000	  0.9494
873.0000	  0.9462
872.5000	  0.9501
872.0000	  0.9473
871.5000	  0.9623
871.0000	  0.9499
870.5000	  0.9541
870.0000	  0.9494
869.5000	  0.9501
869.0000	  0.9442
868.5000	  0.9560
868.0000	  0.9465
867.5000	  0.9538
867.0000	  0.9641
866.5000	  0.9477
866.0000	  0.9587
865.5000	  0.9524
865.0000	  0.9480
864.5000	  0.9576
864.0000	  0.9565
863.5000	  0.9594
863.0000	  0.9567
862.5000	  0.9567
862.0000	  0.9534
861.5000	  0.9620
861.0000	  0.9557
860.5000	  0.9630
860.0000	  0.9560
859.5000	  0.9624
859.0000	  0.9616
858.5000	  0.9582
858.0000	  0.9646
857.5000	  0.9639
857.0000	  0.9652
856.5000	  0.9606
856.0000	  0.9601
855.5000	  0.9603
855.0000	  0.9676
854.5000	  0.9610
854.0000	  0.9662
853.5000	  0.9671
853.0000	  0.9667
852.5000	  0.9654
852.0000	  0.9711
851.5000	  0.9693
851.0000	  0.9651
850.5000	  0.9674
850.0000	  0.9671
849.5000	  0.9687
849.0000	  0.9664
848.5000	  0.9685
848.0000	  0.9690
847.5000	  0.9697
847.0000	  0.9691
846.5000	  0.9709
846.0000	  0.9712
845.5000	  0.9692
845.0000	  0.9697
844.5000	  0.9718
844.0000	  0.9717
843.5000	  0.9713
843.0000	  0.9745
842.5000	  0.9729
842.0000	  0.9727
841.5000	  0.9697
841.0000	  0.9709
840.5000	  0.9750
840.0000	  0.9753
839.5000	  0.9719
839.0000	  0.9724
838.5000	  0.9722
838.0000	  0.9701
837.5000	  0.9697
837.0000	  0.9694
836.5000	  0.9715
836.0000	  0.9695
835.5000	  0.9716
835.0000	  0.9697
834.5000	  0.9708
834.0000	  0.9705
833.5000	  0.9704
833.0000	  0.9691
832.5000	  0.9730
832.0000	  0.9700
831.5000	  0.9692
831.0000	  0.9701
830.5000	  0.9709
830.0000	  0.9691
829.5000	  0.9689
829.0000	  0.9673
828.5000	  0.9675
828.0000	  0.9686
827.5000	  0.9676
827.0000	  0.9684
826.5000	  0.9670
826.0000	  0.9671
825.5000	  0.9696
825.0000	  0.9659
824.5000	  0.9665
824.0000	  0.9667
823.5000	  0.9671
823.0000	  0.9663
822.5000	  0.9665
822.0000	  0.9654
821.5000	  0.9658
821.0000	  0.9674
820.5000	  0.9663
820.0000	  0.9651
819.5000	  0.9662
819.0000	  0.9654
818.5000	  0.9668
818.0000	  0.9644
817.5000	  0.9675
817.0000	  0.9658
816.5000	  0.9655
816.0000	  0.9660
815.5000	  0.9660
815.0000	  0.9661
814.5000	  0.9657
814.0000	  0.9647
813.5000	  0.9652
813.0000	  0.9680
812.5000	  0.9677
812.0000	  0.9654
811.5000	  0.9669
811.0000	  0.9680
810.5000	  0.9672
810.0000	  0.9677
809.5000	  0.9651
809.0000	  0.9652
808.5000	  0.9668
808.0000	  0.9671
807.5000	  0.9645
807.0000	  0.9678
806.5000	  0.9666
806.0000	  0.9675
805.5000	  0.9686
805.0000	  0.9683
804.5000	  0.9653
804.0000	  0.9672
803.5000	  0.9669
803.0000	  0.9661
802.5000	  0.9668
802.0000	  0.9677
801.5000	  0.9674
801.0000	  0.9676
800.5000	  0.9681
800.0000	  0.9682
799.5000	  0.9682
799.0000	  0.9670
798.5000	  0.9694
798.0000	  0.9677
797.5000	  0.9688
797.0000	  0.9684
796.5000	  0.9680
796.0000	  0.9673
795.5000	  0.9691
795.0000	  0.9701
794.5000	  0.9691
794.0000	  0.9709
793.5000	  0.9687
793.0000	  0.9696
792.5000	  0.9695
792.0000	  0.9694
791.5000	  0.9714
791.0000	  0.9714
790.5000	  0.9691
790.0000	  0.9709
789.5000	  0.9716
789.0000	  0.9694
788.5000	  0.9693
788.0000	  0.9708
787.5000	  0.9687
787.0000	  0.9715
786.5000	  0.9711
786.0000	  0.9678
785.5000	  0.9703
785.0000	  0.9717
784.5000	  0.9706
784.0000	  0.9734
783.5000	  0.9705
783.0000	  0.9707
782.5000	  0.9715
782.0000	  0.9702
781.5000	  0.9714
781.0000	  0.9725
780.5000	  0.9703
780.0000	  0.9718
779.5000	  0.9745
779.0000	  0.9706
778.5000	  0.9724
778.0000	  0.9712
777.5000	  0.9716
777.0000	  0.9744
776.5000	  0.9723
776.0000	  0.9703
775.5000	  0.9748
775.0000	  0.9720
774.5000	  0.9750
774.0000	  0.9746
773.5000	  0.9716
773.0000	  0.9739
772.5000	  0.9737
772.0000	  0.9719
771.5000	  0.9746
771.0000	  0.9717
770.5000	  0.9751
770.0000	  0.9746
769.5000	  0.9717
769.0000	  0.9749
768.5000	  0.9739
768.0000	  0.9720
767.5000	  0.9763
767.0000	  0.9725
766.5000	  0.9741
766.0000	  0.9754
765.5000	  0.9730
765.0000	  0.9762
764.5000	  0.9741
764.0000	  0.9755
763.5000	  0.9774
763.0000	  0.9723
762.5000	  0.9763
762.0000	  0.9765
761.5000	  0.9753
761.0000	  0.9775
760.5000	  0.9733
760.0000	  0.9761
759.5000	  0.9774
759.0000	  0.9750
758.5000	  0.9766
758.0000	  0.9770
757.5000	  0.9763
757.0000	  0.9761
756.5000	  0.9728
756.0000	  0.9776
755.5000	  0.9766
755.0000	  0.9760
754.5000	  0.9779
754.0000	  0.9744
753.5000	  0.9784
753.0000	  0.9765
752.5000	  0.9755
752.0000	  0.9789
751.5000	  0.9765
751.0000	  0.9788
750.5000	  0.9785
750.0000	  0.9757
749.5000	  0.9789
749.0000	  0.9753
748.5000	  0.9800
748.0000	  0.9783
747.5000	  0.9764
747.0000	  0.9803
746.5000	  0.9787
746.0000	  0.9798
745.5000	  0.9823
745.0000	  0.9770
744.5000	  0.9800
744.0000	  0.9789
743.5000	  0.9780
743.0000	  0.9816
742.5000	  0.9782
742.0000	  0.9816
741.5000	  0.9813
741.0000	  0.9782
740.5000	  0.9835
740.0000	  0.9785
739.5000	  0.9826
739.0000	  0.9817
738.5000	  0.9801
738.0000	  0.9839
737.5000	  0.9811
737.0000	  0.9831
736.5000	  0.9840
736.0000	  0.9810
735.5000	  0.9860
735.0000	  0.9817
734.5000	  0.9873
734.0000	  0.9866
733.5000	  0.9851
733.0000	  0.9878
732.5000	  0.9849
732.0000	  0.9899
731.5000	  0.9887
731.0000	  0.9878
730.5000	  0.9919
730.0000	  0.9903
729.5000	  0.9949
729.0000	  0.9886
728.5000	  0.9942
728.0000	  0.9936
727.5000	  0.9943
727.0000	  0.9981
726.5000	  0.9960
726.0000	  1.0029
725.5000	  0.9996
725.0000	  1.0038
724.5000	  1.0066
724.0000	  1.0063
723.5000	  1.0118
723.0000	  1.0106
722.5000	  1.0161
722.0000	  1.0160
721.5000	  1.0203
721.0000	  1.0235
720.5000	  1.0256
720.0000	  1.0311
719.5000	  1.0290
719.0000	  1.0365
718.5000	  1.0351
718.0000	  1.0392
717.5000	  1.0372
717.0000	  1.0395
716.5000	  1.0384
716.0000	  1.0339
715.5000	  1.0347
715.0000	  1.0275
714.5000	  1.0288
714.0000	  1.0216
713.5000	  1.0187
713.0000	  1.0161
712.5000	  1.0095
712.0000	  1.0109
711.5000	  1.0025
711.0000	  1.0051
710.5000	  0.9991
710.0000	  0.9979
709.5000	  0.9928
709.0000	  0.9921
708.5000	  0.9925
708.0000	  0.9886
707.5000	  0.9895
707.0000	  0.9854
706.5000	  0.9894
706.0000	  0.9870
705.5000	  0.9879
705.0000	  0.9879
704.5000	  0.9868
704.0000	  0.9901
703.5000	  0.9859
703.0000	  0.9897
702.5000	  0.9870
702.0000	  0.9895
701.5000	  0.9869
701.0000	  0.9872
700.5000	  0.9887
700.0000	  0.9863
699.5000	  0.9895
699.0000	  0.9863
698.5000	  0.9895
698.0000	  0.9854
697.5000	  0.9882
697.0000	  0.9886
696.5000	  0.9875
696.0000	  0.9874
695.5000	  0.9873
695.0000	  0.9895
694.5000	  0.9859
694.0000	  0.9905
693.5000	  0.9861
693.0000	  0.9887
692.5000	  0.9865
692.0000	  0.9870
691.5000	  0.9872
691.0000	  0.9882
690.5000	  0.9867
690.0000	  0.9866
689.5000	  0.9869
689.0000	  0.9868
688.5000	  0.9885
688.0000	  0.9858
687.5000	  0.9892
687.0000	  0.9866
686.5000	  0.9880
686.0000	  0.9840
685.5000	  0.9890
685.0000	  0.9872
684.5000	  0.9865
684.0000	  0.9846
683.5000	  0.9879
683.0000	  0.9856
682.5000	  0.9879
682.0000	  0.9858
681.5000	  0.9874
681.0000	  0.9868
680.5000	  0.9874
680.0000	  0.9856
679.5000	  0.9864
679.0000	  0.9863
678.5000	  0.9877
678.0000	  0.9868
677.5000	  0.9872
677.0000	  0.9869
676.5000	  0.9858
676.0000	  0.9864
675.5000	  0.9836
675.0000	  0.9859
674.5000	  0.9860
674.0000	  0.9865
673.5000	  0.9855
673.0000	  0.9867
672.5000	  0.9854
672.0000	  0.9873
671.5000	  0.9860
671.0000	  0.9859
670.5000	  0.9852
670.0000	  0.9863
669.5000	  0.9853
669.0000	  0.9863
668.5000	  0.9842
668.0000	  0.9859
667.5000	  0.9870
667.0000	  0.9858
666.5000	  0.9845
666.0000	  0.9881
665.5000	  0.9858
665.0000	  0.9856
664.5000	  0.9852
664.0000	  0.9864
663.5000	  0.9851
663.0000	  0.9856
662.5000	  0.9843
662.0000	  0.9857
661.5000	  0.9855
661.0000	  0.9855
660.5000	  0.9844
660.0000	  0.9852
659.5000	  0.9844
659.0000	  0.9862
658.5000	  0.9849
658.0000	  0.9852
657.5000	  0.9857
657.0000	  0.9855
656.5000	  0.9840
656.0000	  0.9845
655.5000	  0.9842
655.0000	  0.9850
654.5000	  0.9845
654.0000	  0.9846
653.5000	  0.9832
653.0000	  0.9834
652.5000	  0.9836
652.0000	  0.9834
651.5000	  0.9828
651.0000	  0.9817
650.5000	  0.9840
650.0000	  0.9823
649.5000	  0.9837
649.0000	  0.9827
648.5000	  0.9835
648.0000	  0.9821
647.5000	  0.9814
647.0000	  0.9817
646.5000	  0.9816
646.0000	  0.9823
645.5000	  0.9812
645.0000	  0.9818
644.5000	  0.9801
644.0000	  0.9803
643.5000	  0.9808
643.0000	  0.9804
642.5000	  0.9797
642.0000	  0.9801
641.5000	  0.9792
641.0000	  0.9785
640.5000	  0.9785
640.0000	  0.9774
639.5000	  0.9776
639.0000	  0.9779
638.5000	  0.9774
638.0000	  0.9760
637.5000	  0.9756
637.0000	  0.9763
636.5000	  0.9749
636.0000	  0.9741
635.5000	  0.9744
635.0000	  0.9747
634.5000	  0.9747
634.0000	  0.9726
633.5000	  0.9726
633.0000	  0.9723
632.5000	  0.9731
632.0000	  0.9732
631.5000	  0.9727
631.0000	  0.9731
630.5000	  0.9753
630.0000	  0.9744
629.5000	  0.9752
629.0000	  0.9762
628.5000	  0.9789
628.0000	  0.9802
627.5000	  0.9818
627.0000	  0.9825
626.5000	  0.9842
626.0000	  0.9867
625.5000	  0.9900
625.0000	  0.9908
624.5000	  0.9925
624.0000	  0.9937
623.5000	  0.9966
623.0000	  0.9983
622.5000	  0.9987
622.0000	  1.0004
621.5000	  1.0014
621.0000	  1.0038
620.5000	  1.0049
620.0000	  1.0052
619.5000	  1.0071
619.0000	  1.0065
618.5000	  1.0065
618.0000	  1.0068
617.5000	  1.0071
617.0000	  1.0071
616.5000	  1.0056
616.0000	  1.0054
615.5000	  1.0055
615.0000	  1.0058
614.5000	  1.0040
614.0000	  1.0046
613.5000	  1.0044
613.0000	  1.0059
612.5000	  1.0053
612.0000	  1.0051
611.5000	  1.0036
611.0000	  1.0041
610.5000	  1.0049
610.0000	  1.0050
609.5000	  1.0057
609.0000	  1.0058
608.5000	  1.0055
608.0000	  1.0059
607.5000	  1.0063
607.0000	  1.0058
606.5000	  1.0059
606.0000	  1.0060
605.5000	  1.0059
605.0000	  1.0045
604.5000	  1.0058
604.0000	  1.0066
603.5000	  1.0065
603.0000	  1.0064
602.5000	  1.0063
602.0000	  1.0081
601.5000	  1.0076
601.0000	  1.0071
600.5000	  1.0079
600.0000	  1.0070
599.5000	  1.0085
599.0000	  1.0074
598.5000	  1.0073
598.0000	  1.0086
597.5000	  1.0090
597.0000	  1.0079
596.5000	  1.0082
596.0000	  1.0094
595.5000	  1.0099
595.0000	  1.0100
594.5000	  1.0094
594.0000	  1.0100
593.5000	  1.0104
593.0000	  1.0095
592.5000	  1.0094
592.0000	  1.0103
591.5000	  1.0107
591.0000	  1.0100
590.5000	  1.0111
590.0000	  1.0104
589.5000	  1.0100
589.0000	  1.0099
588.5000	  1.0111
588.0000	  1.0119
587.5000	  1.0114
587.0000	  1.0107
586.5000	  1.0116
586.0000	  1.0125
585.5000	  1.0124
585.0000	  1.0117
584.5000	  1.0116
584.0000	  1.0118
583.5000	  1.0110
583.0000	  1.0126
582.5000	  1.0143
582.0000	  1.0137
581.5000	  1.0125
581.0000	  1.0126
580.5000	  1.0140
580.0000	  1.0145
579.5000	  1.0132
579.0000	  1.0139
578.5000	  1.0146
578.0000	  1.0136
577.5000	  1.0145
577.0000	  1.0154
576.5000	  1.0145
576.0000	  1.0164
575.5000	  1.0149
575.0000	  1.0146
574.5000	  1.0154
574.0000	  1.0172
573.5000	  1.0154
573.0000	  1.0164
572.5000	  1.0177
572.0000	  1.0160
571.5000	  1.0155
571.0000	  1.0173
570.5000	  1.0174
570.0000	  1.0166
569.5000	  1.0176
569.0000	  1.0175
568.5000	  1.0176
568.0000	  1.0192
567.5000	  1.0186
567.0000	  1.0185
566.5000	  1.0192
566.0000	  1.0198
565.5000	  1.0190
565.0000	  1.0202
564.5000	  1.0191
564.0000	  1.0197
563.5000	  1.0194
563.0000	  1.0189
562.5000	  1.0199
562.0000	  1.0200
561.5000	  1.0200
561.0000	  1.0203
560.5000	  1.0209
560.0000	  1.0193
559.5000	  1.0199
559.0000	  1.0199
558.5000	  1.0202
558.0000	  1.0207
557.5000	  1.0204
557.0000	  1.0218
556.5000	  1.0205
556.0000	  1.0204
555.5000	  1.0223
555.0000	  1.0219
554.5000	  1.0217
554.0000	  1.0210
553.5000	  1.0222
553.0000	  1.0218
552.5000	  1.0218
552.0000	  1.0212
551.5000	  1.0226
551.0000	  1.0226
550.5000	  1.0233
550.0000	  1.0234
549.5000	  1.0240
549.0000	  1.0237
548.5000	  1.0236
548.0000	  1.0234
547.5000	  1.0243
547.0000	  1.0243
546.5000	  1.0236
546.0000	  1.0247
545.5000	  1.0247
545.0000	  1.0252
544.5000	  1.0249
544.0000	  1.0249
543.5000	  1.0255
543.0000	  1.0253
542.5000	  1.0263
542.0000	  1.0263
541.5000	  1.0262
541.0000	  1.0264
540.5000	  1.0269
540.0000	  1.0267
539.5000	  1.0273
539.0000	  1.0267
538.5000	  1.0267
538.0000	  1.0270
537.5000	  1.0270
537.0000	  1.0266
536.5000	  1.0271
536.0000	  1.0279
535.5000	  1.0272
535.0000	  1.0288
534.5000	  1.0279
534.0000	  1.0287
533.5000	  1.0280
533.0000	  1.0289
532.5000	  1.0291
532.0000	  1.0298
531.5000	  1.0291
531.0000	  1.0285
530.5000	  1.0298
530.0000	  1.0292
529.5000	  1.0290
529.0000	  1.0293
528.5000	  1.0289
528.0000	  1.0304
527.5000	  1.0303
527.0000	  1.0296
526.5000	  1.0295
526.0000	  1.0306
525.5000	  1.0311
525.0000	  1.0305
524.5000	  1.0297
524.0000	  1.0307
523.5000	  1.0318
523.0000	  1.0299
522.5000	  1.0310
522.0000	  1.0300
521.5000	  1.0312
521.0000	  1.0303
520.5000	  1.0310
520.0000	  1.0299
519.5000	  1.0304
519.0000	  1.0307
518.5000	  1.0311
518.0000	  1.0308
517.5000	  1.0307
517.0000	  1.0302
516.5000	  1.0310
516.0000	  1.0306
515.5000	  1.0300
515.0000	  1.0299
514.5000	  1.0316
514.0000	  1.0310
513.5000	  1.0304
513.0000	  1.0297
512.5000	  1.0316
512.0000	  1.0310
511.5000	  1.0299
511.0000	  1.0307
510.5000	  1.0314
510.0000	  1.0321
509.5000	  1.0314
509.0000	  1.0320
508.5000	  1.0327
508.0000	  1.0343
507.5000	  1.0334
507.0000	  1.0344
506.5000	  1.0348
506.0000	  1.0373
505.5000	  1.0374
505.0000	  1.0399
504.5000	  1.0402
504.0000	  1.0414
503.5000	  1.0420
503.0000	  1.0445
502.5000	  1.0452
502.0000	  1.0466
501.5000	  1.0483
501.0000	  1.0503
500.5000	  1.0514
500.0000	  1.0524
499.5000	  1.0535
499.0000	  1.0565
498.5000	  1.0575
498.0000	  1.0569
497.5000	  1.0589
497.0000	  1.0598
496.5000	  1.0609
496.0000	  1.0620
495.5000	  1.0623
495.0000	  1.0628
494.5000	  1.0645
494.0000	  1.0649
493.5000	  1.0656
493.0000	  1.0661
492.5000	  1.0675
492.0000	  1.0681
491.5000	  1.0676
491.0000	  1.0697
490.5000	  1.0695
490.0000	  1.0691
489.5000	  1.0720
489.0000	  1.0715
488.5000	  1.0704
488.0000	  1.0706
487.5000	  1.0709
487.0000	  1.0726
486.5000	  1.0717
486.0000	  1.0723
485.5000	  1.0735
485.0000	  1.0732
484.5000	  1.0737
484.0000	  1.0743
483.5000	  1.0747
483.0000	  1.0753
482.5000	  1.0754
482.0000	  1.0763
481.5000	  1.0774
481.0000	  1.0787
480.5000	  1.0781
480.0000	  1.0798
479.5000	  1.0799
479.0000	  1.0794
478.5000	  1.0802
478.0000	  1.0828
477.5000	  1.0839
477.0000	  1.0838
476.5000	  1.0843
476.0000	  1.0859
475.5000	  1.0865
475.0000	  1.0881
474.5000	  1.0889
474.0000	  1.0902
473.5000	  1.0924
473.0000	  1.0911
472.5000	  1.0939
472.0000	  1.0936
471.5000	  1.0963
471.0000	  1.0960
470.5000	  1.0972
470.0000	  1.0995
469.5000	  1.1013
469.0000	  1.1012
468.5000	  1.1044
468.0000	  1.1047
467.5000	  1.1064
467.0000	  1.1086
466.5000	  1.1084
466.0000	  1.1131
465.5000	  1.1130
465.0000	  1.1162
464.5000	  1.1177
464.0000	  1.1183
463.5000	  1.1206
463.0000	  1.1213
462.5000	  1.1227
462.0000	  1.1265
461.5000	  1.1271
461.0000	  1.1287
460.5000	  1.1303
460.0000	  1.1301
459.5000	  1.1335
459.0000	  1.1355
458.5000	  1.1338
458.0000	  1.1337
457.5000	  1.1358
457.0000	  1.1399
456.5000	  1.1415
456.0000	  1.1380
455.5000	  1.1396
455.0000	  1.1381
454.5000	  1.1389
454.0000	  1.1369
453.5000	  1.1357
453.0000	  1.1361
452.5000	  1.1354
452.0000	  1.1323
451.5000	  1.1310
451.0000	  1.1288
450.5000	  1.1275
450.0000	  1.1258
449.5000	  1.1247
449.0000	  1.1230
448.5000	  1.1201
448.0000	  1.1173
447.5000	  1.1175
447.0000	  1.1172
446.5000	  1.1154
446.0000	  1.1118
445.5000	  1.1127
445.0000	  1.1127
444.5000	  1.1103
444.0000	  1.1079
443.5000	  1.1092
443.0000	  1.1082
442.5000	  1.1062
442.0000	  1.1067
441.5000	  1.1060
441.0000	  1.1056
440.5000	  1.1059
440.0000	  1.1046
439.5000	  1.1045
439.0000	  1.1037
438.5000	  1.1050
438.0000	  1.1043
437.5000	  1.1036
437.0000	  1.1058
436.5000	  1.1045
436.0000	  1.1045
435.5000	  1.1038
435.0000	  1.1039
434.5000	  1.1047
434.0000	  1.1052
433.5000	  1.1043
433.0000	  1.1052
432.5000	  1.1038
432.0000	  1.1053
431.5000	  1.1054
431.0000	  1.1042
430.5000	  1.1060
430.0000	  1.1099
429.5000	  1.1065
429.0000	  1.1082
428.5000	  1.1085
428.0000	  1.1077
427.5000	  1.1087
427.0000	  1.1109
426.5000	  1.1094
426.0000	  1.1106
425.5000	  1.1102
425.0000	  1.1094
424.5000	  1.1115
424.0000	  1.1127
423.5000	  1.1138
423.0000	  1.1141
422.5000	  1.1165
422.0000	  1.1162
421.5000	  1.1163
421.0000	  1.1163
420.5000	  1.1153
420.0000	  1.1181
419.5000	  1.1169
419.0000	  1.1189
418.5000	  1.1167
418.0000	  1.1194
417.5000	  1.1198
417.0000	  1.1198
416.5000	  1.1234
416.0000	  1.1226
415.5000	  1.1213
415.0000	  1.1232
414.5000	  1.1236
414.0000	  1.1241
413.5000	  1.1240
413.0000	  1.1256
412.5000	  1.1258
412.0000	  1.1272
411.5000	  1.1262
411.0000	  1.1260
410.5000	  1.1278
410.0000	  1.1275
409.5000	  1.1280
409.0000	  1.1278
408.5000	  1.1297
408.0000	  1.1292
407.5000	  1.1302
407.0000	  1.1311
406.5000	  1.1313
406.0000	  1.1330
405.5000	  1.1308
405.0000	  1.1345
404.5000	  1.1310
404.0000	  1.1331
403.5000	  1.1330
403.0000	  1.1355
402.5000	  1.1340
402.0000	  1.1350
401.5000	  1.1350
401.0000	  1.1381
400.5000	  1.1359
400.0000	  1.1383
399.5000	  1.1377
399.0000	  1.1397
398.5000	  1.1404
398.0000	  1.1400
397.5000	  1.1390
397.0000	  1.1405
396.5000	  1.1413
396.0000	  1.1402
395.5000	  1.1398
395.0000	  1.1445
394.5000	  1.1420
394.0000	  1.1441
393.5000	  1.1446
393.0000	  1.1439
392.5000	  1.1460
392.0000	  1.1461
391.5000	  1.1490
391.0000	  1.1473
390.5000	  1.1493
390.0000	  1.1483
389.5000	  1.1499
389.0000	  1.1502
388.5000	  1.1559
388.0000	  1.1531
387.5000	  1.1553
387.0000	  1.1557
386.5000	  1.1583
386.0000	  1.1592
385.5000	  1.1626
385.0000	  1.1623
384.5000	  1.1668
384.0000	  1.1660
383.5000	  1.1669
383.0000	  1.1668
382.5000	  1.1702
382.0000	  1.1688
381.5000	  1.1697
381.0000	  1.1726
380.5000	  1.1709
380.0000	  1.1764
379.5000	  1.1754
379.0000	  1.1710
378.5000	  1.1751
378.0000	  1.1787
377.5000	  1.1749
377.0000	  1.1812
376.5000	  1.1810
376.0000	  1.1808
375.5000	  1.1817
375.0000	  1.1838
374.5000	  1.1834
374.0000	  1.1819
373.5000	  1.1825
373.0000	  1.1783
372.5000	  1.1845
372.0000	  1.1889
371.5000	  1.1860
371.0000	  1.1861
370.5000	  1.1891
370.0000	  1.1909
369.5000	  1.1879
369.0000	  1.1898
368.5000	  1.1926
368.0000	  1.1903
367.5000	  1.1920
367.0000	  1.1925
366.5000	  1.1935
366.0000	  1.1934
365.5000	  1.1954
365.0000	  1.1937
364.5000	  1.1946
364.0000	  1.1971
363.5000	  1.1981
363.0000	  1.2006
362.5000	  1.2028
362.0000	  1.1978
361.5000	  1.2001
361.0000	  1.2003
360.5000	  1.2032
360.0000	  1.2016
359.5000	  1.2050
359.0000	  1.2036
358.5000	  1.2023
358.0000	  1.2026
357.5000	  1.2093
357.0000	  1.2063
356.5000	  1.2114
356.0000	  1.2100
355.5000	  1.2045
355.0000	  1.2105
354.5000	  1.2078
354.0000	  1.2122
353.5000	  1.2087
353.0000	  1.2126
352.5000	  1.2132
352.0000	  1.2153
351.5000	  1.2181
351.0000	  1.2156
350.5000	  1.2166
350.0000	  1.2137
349.5000	  1.2178
349.0000	  1.2194
348.5000	  1.2162
348.0000	  1.2168
347.5000	  1.2141
347.0000	  1.2157
346.5000	  1.2170
346.0000	  1.2169
345.5000	  1.2177
345.0000	  1.2199
344.5000	  1.2152
344.0000	  1.2155
343.5000	  1.2173
343.0000	  1.2176
342.5000	  1.2176
342.0000	  1.2144
341.5000	  1.2152
341.0000	  1.2163
340.5000	  1.2187
340.0000	  1.2100
339.5000	  1.2099
339.0000	  1.2155
338.5000	  1.2195
338.0000	  1.2185
337.5000	  1.2135
337.0000	  1.2225
336.5000	  1.2117
336.0000	  1.2104
335.5000	  1.2089
335.0000	  1.2106
334.5000	  1.2020
334.0000	  1.2066
333.5000	  1.2028
333.0000	  1.2019
332.5000	  1.2008
332.0000	  1.1957
331.5000	  1.1982
331.0000	  1.1997
330.5000	  1.1913
330.0000	  1.1827
329.5000	  1.1762
329.0000	  1.1755
328.5000	  1.1751
328.0000	  1.1591
327.5000	  1.1572
327.0000	  1.1570
326.5000	  1.1455
326.0000	  1.1395
325.5000	  1.1403
325.0000	  1.1220
324.5000	  1.1181
324.0000	  1.1067
323.5000	  1.0978
323.0000	  1.0868
322.5000	  1.0847
322.0000	  1.0674
321.5000	  1.0543
321.0000	  1.0494
320.5000	  1.0361
320.0000	  1.0237
319.5000	  1.0053
319.0000	  0.9878
318.5000	  0.9800
318.0000	  0.9673
317.5000	  0.9483
317.0000	  0.9280
316.5000	  0.9085
316.0000	  0.8963
315.5000	  0.8746
315.0000	  0.8628
314.5000	  0.8418
314.0000	  0.8195
313.5000	  0.7950
313.0000	  0.7696
312.5000	  0.7487
312.0000	  0.7281
311.5000	  0.7035
311.0000	  0.6835
310.5000	  0.6544
310.0000	  0.6240
309.5000	  0.5971
309.0000	  0.5755
308.5000	  0.5491
308.0000	  0.5236
307.5000	  0.4970
307.0000	  0.4737
306.5000	  0.4491
306.0000	  0.4231
305.5000	  0.3974
305.0000	  0.3717
304.5000	  0.3457
304.0000	  0.3227
303.5000	  0.3022
303.0000	  0.2804
302.5000	  0.2561
302.0000	  0.2397
301.5000	  0.2183
301.0000	  0.1977
300.5000	  0.1830
300.0000	  0.1659
299.5000	  0.1474
299.0000	  0.1349
298.5000	  0.1207
298.0000	  0.1071
297.5000	  0.0946
297.0000	  0.0837
296.5000	  0.0724
296.0000	  0.0647
295.5000	  0.0556
295.0000	  0.0478
294.5000	  0.0420
294.0000	  0.0334
293.5000	  0.0293
293.0000	  0.0250
292.5000	  0.0208
292.0000	  0.0179
291.5000	  0.0146
291.0000	  0.0117
290.5000	  0.0095
290.0000	  0.0068
289.5000	  0.0044
289.0000	  0.0032
288.5000	  0.0045
288.0000	  0.0043
287.5000	  0.0020
287.0000	  0.0008
286.5000	  0.0015
286.0000	 -0.0009
285.5000	  0.0013
285.0000	  0.0004
284.5000	  0.0012
284.0000	  0.0010
283.5000	  0.0009
283.0000	  0.0009
282.5000	 -0.0010
282.0000	  0.0004
281.5000	 -0.0005
281.0000	 -0.0006
280.5000	 -0.0008
280.0000	 -0.0004
279.5000	 -0.0008
279.0000	 -0.0011
278.5000	 -0.0017
278.0000	  0.0015
277.5000	  0.0006
277.0000	 -0.0003
276.5000	 -0.0012
276.0000	  0.0012
275.5000	 -0.0003
275.0000	  0.0015
274.5000	  0.0001
274.0000	 -0.0007
273.5000	  0.0019
273.0000	  0.0017
272.5000	  0.0001
272.0000	  0.0003
271.5000	  0.0002
271.0000	 -0.0015
270.5000	 -0.0004
270.0000	  0.0006
269.5000	 -0.0011
269.0000	 -0.0010
268.5000	 -0.0012
268.0000	  0.0007
267.5000	  0.0003
267.0000	  0.0007
266.5000	 -0.0017
266.0000	  0.0012
265.5000	  0.0013
265.0000	  0.0014
264.5000	  0.0002
264.0000	  0.0004
263.5000	 -0.0006
263.0000	  0.0014
262.5000	  0.0017
262.0000	  0.0001
261.5000	  0.0005
261.0000	  0.0000
260.5000	  0.0002
260.0000	  0.0022
259.5000	  0.0003
259.0000	  0.0031
258.5000	  0.0006
258.0000	  0.0036
257.5000	  0.0024
257.0000	  0.0013
256.5000	  0.0024
256.0000	  0.0002
255.5000	  0.0015
255.0000	  0.0001
254.5000	 -0.0009
254.0000	  0.0030
253.5000	  0.0001
253.0000	  0.0007
252.5000	  0.0002
252.0000	 -0.0015
251.5000	 -0.0005
251.0000	 -0.0047
250.5000	 -0.0029
250.0000	  0.0038
