01/01/2002 1.05.52
01/01/2002 1.15.02

900.0000	109.4300

900.0000	109.4300

900.0000	109.4300



  1.0000
900.0000
  3.0000
340.0000
  1.0000
1421.0000
  5.0000
  6.0000
  1.0000
  1.0000
  0.0000
  0.0000
100.0000
  0.0000
  1.0000
  0.0000
500.0000
900.0000
190.0000
  4.0000
  1.0000
 18.0000
  2.0000
  1.0000
255.0000
  0.8183
  1.0000
 30.0000
  4.0000
500.0000
  0.0000
  0.0000
  4.0000
900.0000
190.0000
  0.0000
100.0000
  0.0000
  1.0000
  0.0000
500.0000
  1.0000
  1.0000
  1.0000
  1.0000
  4.0000
  0.0000
  1.0000
  1.0000
  1.0000
  1.0000
  1.0000
  2.0000
  1.0000
  1.0000
  1.0000
  3.0000
  1.0000
  1.0000
  1.0000
  4.0000
  5.0000
550.330
0.000
900.0000	  1.1103
899.5000	  1.0932
899.0000	  1.1272
898.5000	  1.1267
898.0000	  1.1094
897.5000	  1.0901
897.0000	  1.1398
896.5000	  1.0539
896.0000	  1.0952
895.5000	  1.1043
895.0000	  1.0996
894.5000	  1.0870
894.0000	  1.1074
893.5000	  1.1102
893.0000	  1.0951
892.5000	  1.0865
892.0000	  1.1073
891.5000	  1.1259
891.0000	  1.0750
890.5000	  1.1060
890.0000	  1.0841
889.5000	  1.1108
889.0000	  1.1303
888.5000	  1.1133
888.0000	  1.0776
887.5000	  1.1013
887.0000	  1.0970
886.5000	  1.0969
886.0000	  1.1134
885.5000	  1.1021
885.0000	  1.1088
884.5000	  1.1002
884.0000	  1.1126
883.5000	  1.0935
883.0000	  1.0925
882.5000	  1.1033
882.0000	  1.1097
881.5000	  1.1196
881.0000	  1.0939
880.5000	  1.0877
880.0000	  1.0966
879.5000	  1.0987
879.0000	  1.1018
878.5000	  1.1117
878.0000	  1.1034
877.5000	  1.1041
877.0000	  1.0842
876.5000	  1.1159
876.0000	  1.0930
875.5000	  1.1132
875.0000	  1.0954
874.5000	  1.0876
874.0000	  1.1020
873.5000	  1.1084
873.0000	  1.0984
872.5000	  1.1140
872.0000	  1.0999
871.5000	  1.1083
871.0000	  1.1104
870.5000	  1.1073
870.0000	  1.1135
869.5000	  1.1061
869.0000	  1.1070
868.5000	  1.1061
868.0000	  1.1153
867.5000	  1.1164
867.0000	  1.1068
866.5000	  1.1006
866.0000	  1.1005
865.5000	  1.1150
865.0000	  1.1108
864.5000	  1.1134
864.0000	  1.1143
863.5000	  1.1147
863.0000	  1.1116
862.5000	  1.1082
862.0000	  1.1165
861.5000	  1.1190
861.0000	  1.1123
860.5000	  1.1094
860.0000	  1.1121
859.5000	  1.1217
859.0000	  1.1116
858.5000	  1.1154
858.0000	  1.1132
857.5000	  1.1148
857.0000	  1.1154
856.5000	  1.1178
856.0000	  1.1089
855.5000	  1.1194
855.0000	  1.1177
854.5000	  1.1179
854.0000	  1.1204
853.5000	  1.1181
853.0000	  1.1196
852.5000	  1.1162
852.0000	  1.1187
851.5000	  1.1268
851.0000	  1.1204
850.5000	  1.1215
850.0000	  1.1229
849.5000	  1.1264
849.0000	  1.1194
848.5000	  1.1213
848.0000	  1.1234
847.5000	  1.1225
847.0000	  1.1222
846.5000	  1.1230
846.0000	  1.1222
845.5000	  1.1219
845.0000	  1.1259
844.5000	  1.1262
844.0000	  1.1189
843.5000	  1.1241
843.0000	  1.1218
842.5000	  1.1242
842.0000	  1.1246
841.5000	  1.1240
841.0000	  1.1219
840.5000	  1.1211
840.0000	  1.1244
839.5000	  1.1231
839.0000	  1.1221
838.5000	  1.1256
838.0000	  1.1248
837.5000	  1.1227
837.0000	  1.1219
836.5000	  1.1235
836.0000	  1.1237
835.5000	  1.1226
835.0000	  1.1211
834.5000	  1.1203
834.0000	  1.1202
833.5000	  1.1185
833.0000	  1.1204
832.5000	  1.1205
832.0000	  1.1204
831.5000	  1.1214
831.0000	  1.1192
830.5000	  1.1203
830.0000	  1.1188
829.5000	  1.1179
829.0000	  1.1185
828.5000	  1.1203
828.0000	  1.1177
827.5000	  1.1160
827.0000	  1.1191
826.5000	  1.1178
826.0000	  1.1167
825.5000	  1.1176
825.0000	  1.1179
824.5000	  1.1168
824.0000	  1.1184
823.5000	  1.1152
823.0000	  1.1171
822.5000	  1.1186
822.0000	  1.1182
821.5000	  1.1162
821.0000	  1.1174
820.5000	  1.1145
820.0000	  1.1171
819.5000	  1.1164
819.0000	  1.1160
818.5000	  1.1145
818.0000	  1.1199
817.5000	  1.1191
817.0000	  1.1166
816.5000	  1.1155
816.0000	  1.1157
815.5000	  1.1170
815.0000	  1.1168
814.5000	  1.1157
814.0000	  1.1170
813.5000	  1.1153
813.0000	  1.1155
812.5000	  1.1162
812.0000	  1.1160
811.5000	  1.1197
811.0000	  1.1181
810.5000	  1.1168
810.0000	  1.1170
809.5000	  1.1196
809.0000	  1.1177
808.5000	  1.1182
808.0000	  1.1165
807.5000	  1.1177
807.0000	  1.1179
806.5000	  1.1176
806.0000	  1.1185
805.5000	  1.1175
805.0000	  1.1189
804.5000	  1.1188
804.0000	  1.1193
803.5000	  1.1183
803.0000	  1.1180
802.5000	  1.1196
802.0000	  1.1197
801.5000	  1.1185
801.0000	  1.1195
800.5000	  1.1191
800.0000	  1.1198
799.5000	  1.1208
799.0000	  1.1183
798.5000	  1.1186
798.0000	  1.1202
797.5000	  1.1213
797.0000	  1.1204
796.5000	  1.1199
796.0000	  1.1221
795.5000	  1.1200
795.0000	  1.1202
794.5000	  1.1208
794.0000	  1.1238
793.5000	  1.1229
793.0000	  1.1218
792.5000	  1.1205
792.0000	  1.1205
791.5000	  1.1220
791.0000	  1.1237
790.5000	  1.1206
790.0000	  1.1219
789.5000	  1.1210
789.0000	  1.1229
788.5000	  1.1235
788.0000	  1.1227
787.5000	  1.1234
787.0000	  1.1231
786.5000	  1.1214
786.0000	  1.1226
785.5000	  1.1226
785.0000	  1.1214
784.5000	  1.1222
784.0000	  1.1221
783.5000	  1.1223
783.0000	  1.1219
782.5000	  1.1239
782.0000	  1.1232
781.5000	  1.1212
781.0000	  1.1228
780.5000	  1.1237
780.0000	  1.1215
779.5000	  1.1232
779.0000	  1.1239
778.5000	  1.1238
778.0000	  1.1242
777.5000	  1.1246
777.0000	  1.1251
776.5000	  1.1246
776.0000	  1.1230
775.5000	  1.1259
775.0000	  1.1271
774.5000	  1.1253
774.0000	  1.1251
773.5000	  1.1264
773.0000	  1.1246
772.5000	  1.1252
772.0000	  1.1243
771.5000	  1.1254
771.0000	  1.1269
770.5000	  1.1271
770.0000	  1.1265
769.5000	  1.1279
769.0000	  1.1285
768.5000	  1.1261
768.0000	  1.1253
767.5000	  1.1254
767.0000	  1.1268
766.5000	  1.1287
766.0000	  1.1266
765.5000	  1.1269
765.0000	  1.1272
764.5000	  1.1284
764.0000	  1.1277
763.5000	  1.1276
763.0000	  1.1265
762.5000	  1.1283
762.0000	  1.1276
761.5000	  1.1291
761.0000	  1.1275
760.5000	  1.1287
760.0000	  1.1284
759.5000	  1.1296
759.0000	  1.1286
758.5000	  1.1269
758.0000	  1.1287
757.5000	  1.1282
757.0000	  1.1295
756.5000	  1.1297
756.0000	  1.1296
755.5000	  1.1296
755.0000	  1.1316
754.5000	  1.1297
754.0000	  1.1292
753.5000	  1.1280
753.0000	  1.1305
752.5000	  1.1296
752.0000	  1.1292
751.5000	  1.1308
751.0000	  1.1306
750.5000	  1.1306
750.0000	  1.1316
749.5000	  1.1320
749.0000	  1.1303
748.5000	  1.1326
748.0000	  1.1316
747.5000	  1.1284
747.0000	  1.1321
746.5000	  1.1318
746.0000	  1.1313
745.5000	  1.1321
745.0000	  1.1308
744.5000	  1.1322
744.0000	  1.1330
743.5000	  1.1338
743.0000	  1.1338
742.5000	  1.1325
742.0000	  1.1345
741.5000	  1.1327
741.0000	  1.1350
740.5000	  1.1343
740.0000	  1.1343
739.5000	  1.1350
739.0000	  1.1348
738.5000	  1.1337
738.0000	  1.1364
737.5000	  1.1360
737.0000	  1.1368
736.5000	  1.1367
736.0000	  1.1375
735.5000	  1.1371
735.0000	  1.1376
734.5000	  1.1374
734.0000	  1.1394
733.5000	  1.1407
733.0000	  1.1395
732.5000	  1.1391
732.0000	  1.1408
731.5000	  1.1407
731.0000	  1.1434
730.5000	  1.1451
730.0000	  1.1436
729.5000	  1.1452
729.0000	  1.1479
728.5000	  1.1472
728.0000	  1.1495
727.5000	  1.1499
727.0000	  1.1525
726.5000	  1.1525
726.0000	  1.1561
725.5000	  1.1552
725.0000	  1.1584
724.5000	  1.1611
724.0000	  1.1625
723.5000	  1.1649
723.0000	  1.1658
722.5000	  1.1698
722.0000	  1.1742
721.5000	  1.1788
721.0000	  1.1774
720.5000	  1.1833
720.0000	  1.1876
719.5000	  1.1901
719.0000	  1.1939
718.5000	  1.1955
718.0000	  1.1957
717.5000	  1.1979
717.0000	  1.1988
716.5000	  1.1983
716.0000	  1.1949
715.5000	  1.1953
715.0000	  1.1882
714.5000	  1.1858
714.0000	  1.1817
713.5000	  1.1762
713.0000	  1.1724
712.5000	  1.1714
712.0000	  1.1647
711.5000	  1.1623
711.0000	  1.1585
710.5000	  1.1552
710.0000	  1.1536
709.5000	  1.1508
709.0000	  1.1471
708.5000	  1.1475
708.0000	  1.1444
707.5000	  1.1447
707.0000	  1.1420
706.5000	  1.1430
706.0000	  1.1429
705.5000	  1.1435
705.0000	  1.1429
704.5000	  1.1443
704.0000	  1.1430
703.5000	  1.1428
703.0000	  1.1432
702.5000	  1.1429
702.0000	  1.1441
701.5000	  1.1428
701.0000	  1.1426
700.5000	  1.1436
700.0000	  1.1442
699.5000	  1.1423
699.0000	  1.1439
698.5000	  1.1429
698.0000	  1.1427
697.5000	  1.1436
697.0000	  1.1441
696.5000	  1.1424
696.0000	  1.1426
695.5000	  1.1429
695.0000	  1.1440
694.5000	  1.1432
694.0000	  1.1433
693.5000	  1.1418
693.0000	  1.1413
692.5000	  1.1428
692.0000	  1.1429
691.5000	  1.1412
691.0000	  1.1411
690.5000	  1.1423
690.0000	  1.1420
689.5000	  1.1412
689.0000	  1.1419
688.5000	  1.1420
688.0000	  1.1418
687.5000	  1.1412
687.0000	  1.1435
686.5000	  1.1436
686.0000	  1.1427
685.5000	  1.1406
685.0000	  1.1416
684.5000	  1.1427
684.0000	  1.1408
683.5000	  1.1426
683.0000	  1.1418
682.5000	  1.1422
682.0000	  1.1431
681.5000	  1.1437
681.0000	  1.1420
680.5000	  1.1419
680.0000	  1.1423
679.5000	  1.1408
679.0000	  1.1413
678.5000	  1.1412
678.0000	  1.1414
677.5000	  1.1413
677.0000	  1.1423
676.5000	  1.1417
676.0000	  1.1414
675.5000	  1.1423
675.0000	  1.1415
674.5000	  1.1412
674.0000	  1.1424
673.5000	  1.1424
673.0000	  1.1413
672.5000	  1.1419
672.0000	  1.1415
671.5000	  1.1404
671.0000	  1.1415
670.5000	  1.1417
670.0000	  1.1414
669.5000	  1.1414
669.0000	  1.1418
668.5000	  1.1417
668.0000	  1.1408
667.5000	  1.1418
667.0000	  1.1420
666.5000	  1.1416
666.0000	  1.1423
665.5000	  1.1409
665.0000	  1.1406
664.5000	  1.1408
664.0000	  1.1416
663.5000	  1.1410
663.0000	  1.1411
662.5000	  1.1428
662.0000	  1.1409
661.5000	  1.1409
661.0000	  1.1410
660.5000	  1.1405
660.0000	  1.1411
659.5000	  1.1426
659.0000	  1.1422
658.5000	  1.1408
658.0000	  1.1420
657.5000	  1.1403
657.0000	  1.1406
656.5000	  1.1403
656.0000	  1.1401
655.5000	  1.1398
655.0000	  1.1406
654.5000	  1.1399
654.0000	  1.1402
653.5000	  1.1406
653.0000	  1.1412
652.5000	  1.1385
652.0000	  1.1390
651.5000	  1.1413
651.0000	  1.1388
650.5000	  1.1386
650.0000	  1.1376
649.5000	  1.1389
649.0000	  1.1392
648.5000	  1.1401
648.0000	  1.1381
647.5000	  1.1389
647.0000	  1.1394
646.5000	  1.1388
646.0000	  1.1380
645.5000	  1.1376
645.0000	  1.1373
644.5000	  1.1380
644.0000	  1.1371
643.5000	  1.1367
643.0000	  1.1364
642.5000	  1.1361
642.0000	  1.1359
641.5000	  1.1359
641.0000	  1.1358
640.5000	  1.1359
640.0000	  1.1351
639.5000	  1.1342
639.0000	  1.1343
638.5000	  1.1338
638.0000	  1.1331
637.5000	  1.1324
637.0000	  1.1317
636.5000	  1.1322
636.0000	  1.1323
635.5000	  1.1313
635.0000	  1.1306
634.5000	  1.1309
634.0000	  1.1313
633.5000	  1.1295
633.0000	  1.1298
632.5000	  1.1297
632.0000	  1.1299
631.5000	  1.1314
631.0000	  1.1313
630.5000	  1.1313
630.0000	  1.1326
629.5000	  1.1349
629.0000	  1.1355
628.5000	  1.1364
628.0000	  1.1381
627.5000	  1.1389
627.0000	  1.1417
626.5000	  1.1452
626.0000	  1.1451
625.5000	  1.1471
625.0000	  1.1489
624.5000	  1.1523
624.0000	  1.1539
623.5000	  1.1566
623.0000	  1.1589
622.5000	  1.1603
622.0000	  1.1614
621.5000	  1.1635
621.0000	  1.1645
620.5000	  1.1655
620.0000	  1.1668
619.5000	  1.1671
619.0000	  1.1686
618.5000	  1.1701
618.0000	  1.1686
617.5000	  1.1694
617.0000	  1.1671
616.5000	  1.1666
616.0000	  1.1675
615.5000	  1.1675
615.0000	  1.1653
614.5000	  1.1662
614.0000	  1.1667
613.5000	  1.1655
613.0000	  1.1650
612.5000	  1.1647
612.0000	  1.1660
611.5000	  1.1673
611.0000	  1.1669
610.5000	  1.1673
610.0000	  1.1657
609.5000	  1.1666
609.0000	  1.1664
608.5000	  1.1678
608.0000	  1.1670
607.5000	  1.1664
607.0000	  1.1681
606.5000	  1.1689
606.0000	  1.1662
605.5000	  1.1675
605.0000	  1.1669
604.5000	  1.1677
604.0000	  1.1688
603.5000	  1.1691
603.0000	  1.1679
602.5000	  1.1696
602.0000	  1.1695
601.5000	  1.1690
601.0000	  1.1715
600.5000	  1.1708
600.0000	  1.1682
599.5000	  1.1713
599.0000	  1.1698
598.5000	  1.1695
598.0000	  1.1716
597.5000	  1.1707
597.0000	  1.1695
596.5000	  1.1711
596.0000	  1.1718
595.5000	  1.1710
595.0000	  1.1726
594.5000	  1.1716
594.0000	  1.1718
593.5000	  1.1734
593.0000	  1.1720
592.5000	  1.1729
592.0000	  1.1731
591.5000	  1.1726
591.0000	  1.1742
590.5000	  1.1746
590.0000	  1.1742
589.5000	  1.1735
589.0000	  1.1738
588.5000	  1.1755
588.0000	  1.1746
587.5000	  1.1741
587.0000	  1.1774
586.5000	  1.1769
586.0000	  1.1753
585.5000	  1.1747
585.0000	  1.1759
584.5000	  1.1770
584.0000	  1.1774
583.5000	  1.1769
583.0000	  1.1759
582.5000	  1.1785
582.0000	  1.1781
581.5000	  1.1774
581.0000	  1.1770
580.5000	  1.1788
580.0000	  1.1779
579.5000	  1.1788
579.0000	  1.1793
578.5000	  1.1786
578.0000	  1.1785
577.5000	  1.1797
577.0000	  1.1798
576.5000	  1.1807
576.0000	  1.1800
575.5000	  1.1794
575.0000	  1.1793
574.5000	  1.1812
574.0000	  1.1805
573.5000	  1.1810
573.0000	  1.1805
572.5000	  1.1818
572.0000	  1.1819
571.5000	  1.1830
571.0000	  1.1811
570.5000	  1.1815
570.0000	  1.1829
569.5000	  1.1824
569.0000	  1.1836
568.5000	  1.1841
568.0000	  1.1842
567.5000	  1.1852
567.0000	  1.1860
566.5000	  1.1840
566.0000	  1.1846
565.5000	  1.1842
565.0000	  1.1856
564.5000	  1.1843
564.0000	  1.1865
563.5000	  1.1861
563.0000	  1.1853
562.5000	  1.1881
562.0000	  1.1856
561.5000	  1.1868
561.0000	  1.1867
560.5000	  1.1873
560.0000	  1.1875
559.5000	  1.1871
559.0000	  1.1881
558.5000	  1.1869
558.0000	  1.1887
557.5000	  1.1879
557.0000	  1.1877
556.5000	  1.1873
556.0000	  1.1906
555.5000	  1.1904
555.0000	  1.1891
554.5000	  1.1888
554.0000	  1.1899
553.5000	  1.1901
553.0000	  1.1912
552.5000	  1.1897
552.0000	  1.1893
551.5000	  1.1918
551.0000	  1.1916
550.5000	  1.1910
550.0000	  1.1925
549.5000	  1.1921
549.0000	  1.1918
548.5000	  1.1925
548.0000	  1.1919
547.5000	  1.1914
547.0000	  1.1927
546.5000	  1.1949
546.0000	  1.1927
545.5000	  1.1929
545.0000	  1.1950
544.5000	  1.1952
544.0000	  1.1950
543.5000	  1.1951
543.0000	  1.1949
542.5000	  1.1961
542.0000	  1.1963
541.5000	  1.1963
541.0000	  1.1945
540.5000	  1.1968
540.0000	  1.1961
539.5000	  1.1959
539.0000	  1.1966
538.5000	  1.1963
538.0000	  1.1973
537.5000	  1.1984
537.0000	  1.1978
536.5000	  1.1972
536.0000	  1.1997
535.5000	  1.1980
535.0000	  1.1981
534.5000	  1.1996
534.0000	  1.1981
533.5000	  1.1986
533.0000	  1.1990
532.5000	  1.1992
532.0000	  1.1990
531.5000	  1.1993
531.0000	  1.2005
530.5000	  1.1988
530.0000	  1.1999
529.5000	  1.2016
529.0000	  1.1999
528.5000	  1.2014
528.0000	  1.2006
527.5000	  1.2008
527.0000	  1.2015
526.5000	  1.2016
526.0000	  1.2006
525.5000	  1.2005
525.0000	  1.2019
524.5000	  1.2021
524.0000	  1.2023
523.5000	  1.2010
523.0000	  1.2031
522.5000	  1.2026
522.0000	  1.2023
521.5000	  1.2025
521.0000	  1.2028
520.5000	  1.2033
520.0000	  1.2028
519.5000	  1.2029
519.0000	  1.2030
518.5000	  1.2024
518.0000	  1.2035
517.5000	  1.2034
517.0000	  1.2028
516.5000	  1.2032
516.0000	  1.2037
515.5000	  1.2043
515.0000	  1.2038
514.5000	  1.2034
514.0000	  1.2037
513.5000	  1.2043
513.0000	  1.2036
512.5000	  1.2054
512.0000	  1.2032
511.5000	  1.2049
511.0000	  1.2039
510.5000	  1.2038
510.0000	  1.2057
509.5000	  1.2065
509.0000	  1.2072
508.5000	  1.2072
508.0000	  1.2075
507.5000	  1.2093
507.0000	  1.2097
506.5000	  1.2111
506.0000	  1.2107
505.5000	  1.2136
505.0000	  1.2153
504.5000	  1.2164
504.0000	  1.2183
503.5000	  1.2178
503.0000	  1.2204
502.5000	  1.2223
502.0000	  1.2245
501.5000	  1.2258
501.0000	  1.2270
500.5000	  1.2292
500.0000	  1.2304
499.5000	  1.2308
499.0000	  1.2325
498.5000	  1.2343
498.0000	  1.2352
497.5000	  1.2386
497.0000	  1.2369
496.5000	  1.2392
496.0000	  1.2402
495.5000	  1.2410
495.0000	  1.2418
494.5000	  1.2429
494.0000	  1.2443
493.5000	  1.2459
493.0000	  1.2455
492.5000	  1.2455
492.0000	  1.2468
491.5000	  1.2490
491.0000	  1.2487
490.5000	  1.2488
490.0000	  1.2489
489.5000	  1.2512
489.0000	  1.2502
488.5000	  1.2494
488.0000	  1.2507
487.5000	  1.2515
487.0000	  1.2529
486.5000	  1.2531
486.0000	  1.2522
485.5000	  1.2513
485.0000	  1.2530
484.5000	  1.2547
484.0000	  1.2558
483.5000	  1.2556
483.0000	  1.2571
482.5000	  1.2587
482.0000	  1.2572
481.5000	  1.2576
481.0000	  1.2599
480.5000	  1.2610
480.0000	  1.2616
479.5000	  1.2620
479.0000	  1.2625
478.5000	  1.2631
478.0000	  1.2652
477.5000	  1.2650
477.0000	  1.2662
476.5000	  1.2680
476.0000	  1.2681
475.5000	  1.2694
475.0000	  1.2705
474.5000	  1.2706
474.0000	  1.2714
473.5000	  1.2739
473.0000	  1.2753
472.5000	  1.2778
472.0000	  1.2785
471.5000	  1.2798
471.0000	  1.2805
470.5000	  1.2811
470.0000	  1.2834
469.5000	  1.2860
469.0000	  1.2877
468.5000	  1.2890
468.0000	  1.2902
467.5000	  1.2915
467.0000	  1.2939
466.5000	  1.2940
466.0000	  1.2979
465.5000	  1.3020
465.0000	  1.3011
464.5000	  1.3033
464.0000	  1.3060
463.5000	  1.3054
463.0000	  1.3105
462.5000	  1.3135
462.0000	  1.3111
461.5000	  1.3171
461.0000	  1.3174
460.5000	  1.3168
460.0000	  1.3204
459.5000	  1.3236
459.0000	  1.3247
458.5000	  1.3270
458.0000	  1.3279
457.5000	  1.3281
457.0000	  1.3275
456.5000	  1.3301
456.0000	  1.3312
455.5000	  1.3321
455.0000	  1.3308
454.5000	  1.3292
454.0000	  1.3322
453.5000	  1.3308
453.0000	  1.3272
452.5000	  1.3299
452.0000	  1.3264
451.5000	  1.3257
451.0000	  1.3238
450.5000	  1.3199
450.0000	  1.3214
449.5000	  1.3212
449.0000	  1.3168
448.5000	  1.3140
448.0000	  1.3123
447.5000	  1.3108
447.0000	  1.3090
446.5000	  1.3084
446.0000	  1.3046
445.5000	  1.3029
445.0000	  1.3040
444.5000	  1.3020
444.0000	  1.2992
443.5000	  1.3003
443.0000	  1.2996
442.5000	  1.3003
442.0000	  1.2977
441.5000	  1.2975
441.0000	  1.2965
440.5000	  1.2965
440.0000	  1.2979
439.5000	  1.2961
439.0000	  1.2950
438.5000	  1.2951
438.0000	  1.2954
437.5000	  1.2940
437.0000	  1.2957
436.5000	  1.2956
436.0000	  1.2961
435.5000	  1.2969
435.0000	  1.2961
434.5000	  1.2957
434.0000	  1.2975
433.5000	  1.2942
433.0000	  1.2975
432.5000	  1.2951
432.0000	  1.2984
431.5000	  1.2970
431.0000	  1.2991
430.5000	  1.2988
430.0000	  1.2990
429.5000	  1.3003
429.0000	  1.3001
428.5000	  1.3001
428.0000	  1.3000
427.5000	  1.3007
427.0000	  1.3015
426.5000	  1.3026
426.0000	  1.3011
425.5000	  1.3036
425.0000	  1.3054
424.5000	  1.3053
424.0000	  1.3069
423.5000	  1.3073
423.0000	  1.3050
422.5000	  1.3075
422.0000	  1.3085
421.5000	  1.3091
421.0000	  1.3116
420.5000	  1.3139
420.0000	  1.3103
419.5000	  1.3140
419.0000	  1.3137
418.5000	  1.3135
418.0000	  1.3150
417.5000	  1.3156
417.0000	  1.3157
416.5000	  1.3177
416.0000	  1.3150
415.5000	  1.3189
415.0000	  1.3217
414.5000	  1.3192
414.0000	  1.3173
413.5000	  1.3208
413.0000	  1.3224
412.5000	  1.3231
412.0000	  1.3233
411.5000	  1.3235
411.0000	  1.3239
410.5000	  1.3254
410.0000	  1.3245
409.5000	  1.3269
409.0000	  1.3278
408.5000	  1.3247
408.0000	  1.3280
407.5000	  1.3282
407.0000	  1.3296
406.5000	  1.3312
406.0000	  1.3289
405.5000	  1.3308
405.0000	  1.3294
404.5000	  1.3323
404.0000	  1.3331
403.5000	  1.3351
403.0000	  1.3351
402.5000	  1.3339
402.0000	  1.3367
401.5000	  1.3364
401.0000	  1.3363
400.5000	  1.3363
400.0000	  1.3401
399.5000	  1.3379
399.0000	  1.3410
398.5000	  1.3378
398.0000	  1.3408
397.5000	  1.3440
397.0000	  1.3414
396.5000	  1.3413
396.0000	  1.3412
395.5000	  1.3430
395.0000	  1.3468
394.5000	  1.3446
394.0000	  1.3474
393.5000	  1.3470
393.0000	  1.3488
392.5000	  1.3493
392.0000	  1.3518
391.5000	  1.3522
391.0000	  1.3528
390.5000	  1.3535
390.0000	  1.3534
389.5000	  1.3558
389.0000	  1.3569
388.5000	  1.3597
388.0000	  1.3608
387.5000	  1.3609
387.0000	  1.3705
386.5000	  1.3667
386.0000	  1.3654
385.5000	  1.3697
385.0000	  1.3717
384.5000	  1.3697
384.0000	  1.3712
383.5000	  1.3756
383.0000	  1.3785
382.5000	  1.3816
382.0000	  1.3813
381.5000	  1.3758
381.0000	  1.3850
380.5000	  1.3808
380.0000	  1.3835
379.5000	  1.3855
379.0000	  1.3869
378.5000	  1.3865
378.0000	  1.3840
377.5000	  1.3897
377.0000	  1.3891
376.5000	  1.3949
376.0000	  1.3914
375.5000	  1.3918
375.0000	  1.3936
374.5000	  1.3966
374.0000	  1.3930
373.5000	  1.3982
373.0000	  1.3957
372.5000	  1.3961
372.0000	  1.4013
371.5000	  1.4016
371.0000	  1.4026
370.5000	  1.4058
370.0000	  1.4024
369.5000	  1.3987
369.0000	  1.4061
368.5000	  1.4081
368.0000	  1.4051
367.5000	  1.4093
367.0000	  1.4107
366.5000	  1.4086
366.0000	  1.4147
365.5000	  1.4120
365.0000	  1.4123
364.5000	  1.4138
364.0000	  1.4176
363.5000	  1.4205
363.0000	  1.4161
362.5000	  1.4190
362.0000	  1.4189
361.5000	  1.4185
361.0000	  1.4240
360.5000	  1.4210
360.0000	  1.4238
359.5000	  1.4258
359.0000	  1.4317
358.5000	  1.4272
358.0000	  1.4278
357.5000	  1.4278
357.0000	  1.4348
356.5000	  1.4339
356.0000	  1.4275
355.5000	  1.4349
355.0000	  1.4353
354.5000	  1.4360
354.0000	  1.4417
353.5000	  1.4400
353.0000	  1.4388
352.5000	  1.4405
352.0000	  1.4465
351.5000	  1.4408
351.0000	  1.4481
350.5000	  1.4473
350.0000	  1.4488
349.5000	  1.4476
349.0000	  1.4526
348.5000	  1.4518
348.0000	  1.4587
347.5000	  1.4547
347.0000	  1.4519
346.5000	  1.4590
346.0000	  1.4631
345.5000	  1.4587
345.0000	  1.4605
344.5000	  1.4640
344.0000	  1.4721
343.5000	  1.4689
343.0000	  1.4696
342.5000	  1.4671
342.0000	  1.4714
341.5000	  1.4714
341.0000	  1.4724
340.5000	  1.4793
340.0000	  1.4832
339.5000	  1.4941
339.0000	  1.4967
338.5000	  1.4818
338.0000	  1.4916
337.5000	  1.4977
337.0000	  1.5011
336.5000	  1.4961
336.0000	  1.5004
335.5000	  1.5001
335.0000	  1.5039
334.5000	  1.5082
334.0000	  1.5122
333.5000	  1.5085
333.0000	  1.5177
332.5000	  1.5061
332.0000	  1.5126
331.5000	  1.5159
331.0000	  1.5166
330.5000	  1.5214
330.0000	  1.5182
329.5000	  1.5238
329.0000	  1.5211
328.5000	  1.5288
328.0000	  1.5308
327.5000	  1.5353
327.0000	  1.5337
326.5000	  1.5390
326.0000	  1.5270
325.5000	  1.5370
325.0000	  1.5376
324.5000	  1.5396
324.0000	  1.5423
323.5000	  1.5491
323.0000	  1.5488
322.5000	  1.5568
322.0000	  1.5507
321.5000	  1.5582
321.0000	  1.5613
320.5000	  1.5513
320.0000	  1.5559
319.5000	  1.5567
319.0000	  1.5597
318.5000	  1.5646
318.0000	  1.5738
317.5000	  1.5717
317.0000	  1.5724
316.5000	  1.5774
316.0000	  1.5715
315.5000	  1.5818
315.0000	  1.5746
314.5000	  1.5841
314.0000	  1.5843
313.5000	  1.5871
313.0000	  1.5936
312.5000	  1.5918
312.0000	  1.5912
311.5000	  1.5921
311.0000	  1.5922
310.5000	  1.5920
310.0000	  1.6043
309.5000	  1.6035
309.0000	  1.6086
308.5000	  1.6104
308.0000	  1.6101
307.5000	  1.6025
307.0000	  1.6028
306.5000	  1.6155
306.0000	  1.6106
305.5000	  1.6172
305.0000	  1.6191
304.5000	  1.6100
304.0000	  1.6198
303.5000	  1.6275
303.0000	  1.6204
302.5000	  1.6260
302.0000	  1.6209
301.5000	  1.6224
301.0000	  1.6275
300.5000	  1.6241
300.0000	  1.6353
299.5000	  1.6351
299.0000	  1.6329
298.5000	  1.6389
298.0000	  1.6346
297.5000	  1.6361
297.0000	  1.6380
296.5000	  1.6330
296.0000	  1.6367
295.5000	  1.6506
295.0000	  1.6522
294.5000	  1.6609
294.0000	  1.6506
293.5000	  1.6607
293.0000	  1.6652
292.5000	  1.6619
292.0000	  1.6673
291.5000	  1.6778
291.0000	  1.6680
290.5000	  1.6740
290.0000	  1.6830
289.5000	  1.6874
289.0000	  1.6802
288.5000	  1.6920
288.0000	  1.6912
287.5000	  1.6892
287.0000	  1.6996
286.5000	  1.7029
286.0000	  1.7031
285.5000	  1.7048
285.0000	  1.7133
284.5000	  1.7148
284.0000	  1.7187
283.5000	  1.7331
283.0000	  1.7279
282.5000	  1.7356
282.0000	  1.7388
281.5000	  1.7381
281.0000	  1.7506
280.5000	  1.7478
280.0000	  1.7602
279.5000	  1.7561
279.0000	  1.7623
278.5000	  1.7603
278.0000	  1.7667
277.5000	  1.7683
277.0000	  1.7750
276.5000	  1.7772
276.0000	  1.7852
275.5000	  1.7893
275.0000	  1.7961
274.5000	  1.8033
274.0000	  1.8084
273.5000	  1.8152
273.0000	  1.8110
272.5000	  1.8107
272.0000	  1.8276
271.5000	  1.8235
271.0000	  1.8336
270.5000	  1.8439
270.0000	  1.8523
269.5000	  1.8554
269.0000	  1.8597
268.5000	  1.8672
268.0000	  1.8754
267.5000	  1.8781
267.0000	  1.8821
266.5000	  1.8935
266.0000	  1.8922
265.5000	  1.8961
265.0000	  1.8945
264.5000	  1.9011
264.0000	  1.9148
263.5000	  1.9096
263.0000	  1.9168
262.5000	  1.9242
262.0000	  1.9334
261.5000	  1.9370
261.0000	  1.9402
260.5000	  1.9537
260.0000	  1.9622
259.5000	  1.9709
259.0000	  1.9845
258.5000	  1.9919
258.0000	  2.0063
257.5000	  1.9970
257.0000	  2.0093
256.5000	  2.0098
256.0000	  2.0294
255.5000	  2.0439
255.0000	  2.0599
254.5000	  2.0561
254.0000	  2.0664
253.5000	  2.0710
253.0000	  2.0792
252.5000	  2.0908
252.0000	  2.1127
251.5000	  2.1109
251.0000	  2.1214
250.5000	  2.1525
250.0000	  2.1487
249.5000	  2.1514
249.0000	  2.1782
248.5000	  2.1612
248.0000	  2.2013
247.5000	  2.2182
247.0000	  2.1993
246.5000	  2.2424
246.0000	  2.2370
245.5000	  2.2564
245.0000	  2.2701
244.5000	  2.2886
244.0000	  2.3010
243.5000	  2.2790
243.0000	  2.3161
242.5000	  2.3127
242.0000	  2.3382
241.5000	  2.3406
241.0000	  2.3662
240.5000	  2.3689
240.0000	  2.3596
239.5000	  2.3932
239.0000	  2.4192
238.5000	  2.4283
238.0000	  2.4102
237.5000	  2.4289
237.0000	  2.4453
236.5000	  2.4730
236.0000	  2.4687
235.5000	  2.4914
235.0000	  2.4987
234.5000	  2.4750
234.0000	  2.5178
233.5000	  2.5243
233.0000	  2.5109
232.5000	  2.5403
232.0000	  2.5239
231.5000	  2.5713
231.0000	  2.5995
230.5000	  2.5569
230.0000	  2.6279
229.5000	  2.6171
229.0000	  2.5957
228.5000	  2.6361
228.0000	  2.6277
227.5000	  2.6770
227.0000	  2.7046
226.5000	  2.6950
226.0000	  2.7349
225.5000	  2.7420
225.0000	  2.7592
224.5000	  2.7594
224.0000	  2.8139
223.5000	  2.8017
223.0000	  2.7789
222.5000	  2.8621
222.0000	  2.8975
221.5000	  2.8904
221.0000	  2.9210
220.5000	  2.9008
220.0000	  2.8752
219.5000	  2.9674
219.0000	  3.0057
218.5000	  3.0257
218.0000	  3.0833
217.5000	  3.0407
217.0000	  3.1073
216.5000	  3.1838
216.0000	  3.1766
215.5000	  3.1008
215.0000	  3.1651
214.5000	  3.2930
214.0000	  3.2122
213.5000	  3.2912
213.0000	  3.3815
212.5000	  3.3203
212.0000	  3.4065
211.5000	  3.5627
211.0000	  3.4970
210.5000	  3.4816
210.0000	  3.4373
209.5000	  3.6203
209.0000	  3.7438
208.5000	  3.8215
208.0000	  3.8949
207.5000	  3.6401
207.0000	  3.6229
206.5000	  3.6856
206.0000	  3.8996
205.5000	  4.2059
205.0000	  3.7790
204.5000	  4.0133
204.0000	  3.8104
203.5000	  3.6877
203.0000	  3.8242
202.5000	  4.3410
202.0000	  4.2122
201.5000	  4.1694
201.0000	  4.0588
200.5000	  4.3275
200.0000	  3.7541
199.5000	  3.6521
199.0000	  3.8029
198.5000	  4.0719
198.0000	  4.5334
197.5000	  7.5680
197.0000	  4.0147
196.5000	  4.6986
196.0000	  6.5311
195.5000	  3.3724
195.0000	  4.7428
194.5000	  3.8785
194.0000	  3.4172
193.5000	  4.3812
193.0000	 54.7550
192.5000	-13.6359
192.0000	  3.9440
191.5000	 -7.3013
191.0000	  0.7819
190.5000	 -1.8408
190.0000	  1.7971
