05/05/2023 17.26.29
05/05/2023 17.33.50

900.0000	 20.4000

900.0000	 20.4000

900.0000	 33.1600



  1.0000
900.0000
  3.0000
340.0000
  1.0000
1101.0000
  5.0000
  6.0000
  1.0000
  1.0000
  0.0000
  0.0000
100.0000
  0.0000
  1.0000
  0.0000
500.0000
900.0000
350.0000
  4.0000
  1.0000
 18.0000
  2.0000
  1.0000
255.0000
  0.9061
  1.0000
 30.0000
  4.0000
500.0000
  0.0000
  0.0000
  4.0000
900.0000
350.0000
  0.0000
100.0000
  0.0000
  1.0000
  0.0000
500.0000
  1.0000
  1.0000
  1.0000
  1.0000
  4.0000
  0.0000
  1.0000
  1.0000
  1.0000
  1.0000
  1.0000
  2.0000
  1.0000
  1.0000
  1.0000
  3.0000
  1.0000
  1.0000
  1.0000
  4.0000
  5.0000
440.667
0.000
900.0000	 -1.3072
899.5000	  1.6073
899.0000	  0.2998
898.5000	  1.1332
898.0000	  0.0646
897.5000	  0.1611
897.0000	 41.2688
896.5000	  0.7377
896.0000	  0.1704
895.5000	  1.9879
895.0000	 -0.8512
894.5000	  0.0326
894.0000	  2.1281
893.5000	-24.2808
893.0000	 -0.2097
892.5000	 -0.0318
892.0000	  0.4371
891.5000	 -0.0752
891.0000	 -0.4590
890.5000	  1.4998
890.0000	 -3.7454
889.5000	  1.5754
889.0000	  0.7478
888.5000	 -6.9901
888.0000	 -0.2046
887.5000	 -0.0205
887.0000	 -5.1506
886.5000	 -0.1228
886.0000	  0.4005
885.5000	  0.3747
885.0000	 -0.0278
884.5000	  1.1037
884.0000	  0.2243
883.5000	  0.4581
883.0000	  8.2646
882.5000	 -1.2976
882.0000	  8.2302
881.5000	 -1.5803
881.0000	  0.2718
880.5000	  0.5627
880.0000	 -0.5930
879.5000	  0.9608
879.0000	  0.4403
878.5000	 -0.1254
878.0000	  0.4209
877.5000	  0.1919
877.0000	 -0.3303
876.5000	  1.7296
876.0000	 -2.0163
875.5000	  0.1309
875.0000	  0.2544
874.5000	 -0.2933
874.0000	 -0.2994
873.5000	  0.1385
873.0000	 -1.1091
872.5000	 -0.8650
872.0000	 -0.4928
871.5000	 -1.4108
871.0000	 -0.4330
870.5000	  0.1912
870.0000	  0.2481
869.5000	 -0.4865
869.0000	  0.2473
868.5000	  0.3099
868.0000	 -0.1639
867.5000	 -0.2143
867.0000	  0.1260
866.5000	  0.0123
866.0000	  0.0070
865.5000	  0.0130
865.0000	  0.0654
864.5000	 -0.0130
864.0000	  0.1763
863.5000	 -0.0922
863.0000	  0.1035
862.5000	  0.1062
862.0000	  0.1659
861.5000	 -0.0830
861.0000	  0.0808
860.5000	 -0.0851
860.0000	 -0.0132
859.5000	  0.0317
859.0000	  0.0420
858.5000	  0.0267
858.0000	  0.0181
857.5000	  0.0452
857.0000	 -0.0949
856.5000	  0.0185
856.0000	  0.1343
855.5000	  0.0485
855.0000	  0.0650
854.5000	 -0.0095
854.0000	  0.0172
853.5000	  0.0393
853.0000	  0.0106
852.5000	  0.0297
852.0000	  0.0335
851.5000	  0.0398
851.0000	  0.0402
850.5000	  0.0240
850.0000	  0.0597
849.5000	  0.0619
849.0000	 -0.0115
848.5000	  0.0615
848.0000	  0.0209
847.5000	  0.0543
847.0000	  0.0122
846.5000	  0.0403
846.0000	  0.0303
845.5000	  0.0353
845.0000	  0.0360
844.5000	 -0.0014
844.0000	  0.0537
843.5000	  0.0527
843.0000	  0.0401
842.5000	  0.0324
842.0000	  0.0290
841.5000	  0.0289
841.0000	  0.0266
840.5000	  0.0374
840.0000	  0.0259
839.5000	  0.0386
839.0000	  0.0431
838.5000	  0.0182
838.0000	  0.0234
837.5000	  0.0489
837.0000	  0.0595
836.5000	  0.0393
836.0000	  0.0365
835.5000	  0.0518
835.0000	  0.0297
834.5000	  0.0449
834.0000	  0.0332
833.5000	  0.0494
833.0000	  0.0419
832.5000	  0.0488
832.0000	  0.0289
831.5000	  0.0292
831.0000	  0.0219
830.5000	  0.0459
830.0000	  0.0346
829.5000	  0.0427
829.0000	  0.0342
828.5000	  0.0364
828.0000	  0.0491
827.5000	  0.0446
827.0000	  0.0308
826.5000	  0.0540
826.0000	  0.0624
825.5000	  0.0375
825.0000	  0.0343
824.5000	  0.0400
824.0000	  0.0323
823.5000	  0.0356
823.0000	  0.0390
822.5000	  0.0407
822.0000	  0.0498
821.5000	  0.0491
821.0000	  0.0296
820.5000	  0.0438
820.0000	  0.0366
819.5000	  0.0511
819.0000	  0.0389
818.5000	  0.0440
818.0000	  0.0388
817.5000	  0.0420
817.0000	  0.0344
816.5000	  0.0422
816.0000	  0.0523
815.5000	  0.0370
815.0000	  0.0420
814.5000	  0.0478
814.0000	  0.0436
813.5000	  0.0401
813.0000	  0.0335
812.5000	  0.0431
812.0000	  0.0427
811.5000	  0.0427
811.0000	  0.0331
810.5000	  0.0376
810.0000	  0.0503
809.5000	  0.0313
809.0000	  0.0444
808.5000	  0.0348
808.0000	  0.0561
807.5000	  0.0269
807.0000	  0.0420
806.5000	  0.0534
806.0000	  0.0408
805.5000	  0.0455
805.0000	  0.0446
804.5000	  0.0504
804.0000	  0.0390
803.5000	  0.0418
803.0000	  0.0458
802.5000	  0.0441
802.0000	  0.0381
801.5000	  0.0430
801.0000	  0.0456
800.5000	  0.0395
800.0000	  0.0392
799.5000	  0.0490
799.0000	  0.0477
798.5000	  0.0405
798.0000	  0.0461
797.5000	  0.0351
797.0000	  0.0365
796.5000	  0.0396
796.0000	  0.0513
795.5000	  0.0359
795.0000	  0.0356
794.5000	  0.0411
794.0000	  0.0437
793.5000	  0.0514
793.0000	  0.0447
792.5000	  0.0372
792.0000	  0.0383
791.5000	  0.0502
791.0000	  0.0464
790.5000	  0.0404
790.0000	  0.0522
789.5000	  0.0479
789.0000	  0.0385
788.5000	  0.0412
788.0000	  0.0380
787.5000	  0.0348
787.0000	  0.0388
786.5000	  0.0386
786.0000	  0.0421
785.5000	  0.0386
785.0000	  0.0536
784.5000	  0.0366
784.0000	  0.0325
783.5000	  0.0499
783.0000	  0.0403
782.5000	  0.0425
782.0000	  0.0514
781.5000	  0.0418
781.0000	  0.0302
780.5000	  0.0296
780.0000	  0.0463
779.5000	  0.0478
779.0000	  0.0421
778.5000	  0.0516
778.0000	  0.0460
777.5000	  0.0406
777.0000	  0.0503
776.5000	  0.0479
776.0000	  0.0444
775.5000	  0.0403
775.0000	  0.0434
774.5000	  0.0460
774.0000	  0.0475
773.5000	  0.0358
773.0000	  0.0439
772.5000	  0.0412
772.0000	  0.0440
771.5000	  0.0478
771.0000	  0.0470
770.5000	  0.0430
770.0000	  0.0479
769.5000	  0.0413
769.0000	  0.0457
768.5000	  0.0428
768.0000	  0.0473
767.5000	  0.0392
767.0000	  0.0373
766.5000	  0.0572
766.0000	  0.0409
765.5000	  0.0435
765.0000	  0.0522
764.5000	  0.0446
764.0000	  0.0463
763.5000	  0.0484
763.0000	  0.0412
762.5000	  0.0372
762.0000	  0.0472
761.5000	  0.0479
761.0000	  0.0426
760.5000	  0.0408
760.0000	  0.0455
759.5000	  0.0466
759.0000	  0.0361
758.5000	  0.0535
758.0000	  0.0443
757.5000	  0.0479
757.0000	  0.0405
756.5000	  0.0447
756.0000	  0.0442
755.5000	  0.0534
755.0000	  0.0462
754.5000	  0.0445
754.0000	  0.0518
753.5000	  0.0470
753.0000	  0.0431
752.5000	  0.0472
752.0000	  0.0487
751.5000	  0.0481
751.0000	  0.0470
750.5000	  0.0495
750.0000	  0.0523
749.5000	  0.0525
749.0000	  0.0479
748.5000	  0.0439
748.0000	  0.0463
747.5000	  0.0497
747.0000	  0.0503
746.5000	  0.0504
746.0000	  0.0442
745.5000	  0.0426
745.0000	  0.0478
744.5000	  0.0500
744.0000	  0.0563
743.5000	  0.0484
743.0000	  0.0463
742.5000	  0.0519
742.0000	  0.0494
741.5000	  0.0455
741.0000	  0.0474
740.5000	  0.0557
740.0000	  0.0494
739.5000	  0.0489
739.0000	  0.0467
738.5000	  0.0469
738.0000	  0.0481
737.5000	  0.0525
737.0000	  0.0552
736.5000	  0.0479
736.0000	  0.0544
735.5000	  0.0469
735.0000	  0.0480
734.5000	  0.0465
734.0000	  0.0508
733.5000	  0.0555
733.0000	  0.0478
732.5000	  0.0584
732.0000	  0.0544
731.5000	  0.0574
731.0000	  0.0525
730.5000	  0.0542
730.0000	  0.0540
729.5000	  0.0553
729.0000	  0.0445
728.5000	  0.0517
728.0000	  0.0550
727.5000	  0.0594
727.0000	  0.0521
726.5000	  0.0598
726.0000	  0.0528
725.5000	  0.0563
725.0000	  0.0619
724.5000	  0.0548
724.0000	  0.0587
723.5000	  0.0485
723.0000	  0.0579
722.5000	  0.0643
722.0000	  0.0674
721.5000	  0.0638
721.0000	  0.0584
720.5000	  0.0511
720.0000	  0.0673
719.5000	  0.0719
719.0000	  0.0491
718.5000	  0.0543
718.0000	  0.0657
717.5000	  0.0644
717.0000	  0.0550
716.5000	  0.0557
716.0000	  0.0473
715.5000	  0.0546
715.0000	  0.0578
714.5000	  0.0551
714.0000	  0.0385
713.5000	  0.0420
713.0000	  0.0524
712.5000	  0.0496
712.0000	  0.0491
711.5000	  0.0482
711.0000	  0.0583
710.5000	  0.0504
710.0000	  0.0535
709.5000	  0.0523
709.0000	  0.0507
708.5000	  0.0575
708.0000	  0.0608
707.5000	  0.0647
707.0000	  0.0591
706.5000	  0.0626
706.0000	  0.0616
705.5000	  0.0624
705.0000	  0.0586
704.5000	  0.0613
704.0000	  0.0601
703.5000	  0.0555
703.0000	  0.0617
702.5000	  0.0598
702.0000	  0.0603
701.5000	  0.0578
701.0000	  0.0631
700.5000	  0.0653
700.0000	  0.0605
699.5000	  0.0615
699.0000	  0.0683
698.5000	  0.0663
698.0000	  0.0678
697.5000	  0.0644
697.0000	  0.0619
696.5000	  0.0684
696.0000	  0.0656
695.5000	  0.0632
695.0000	  0.0652
694.5000	  0.0630
694.0000	  0.0688
693.5000	  0.0676
693.0000	  0.0630
692.5000	  0.0648
692.0000	  0.0676
691.5000	  0.0673
691.0000	  0.0656
690.5000	  0.0707
690.0000	  0.0695
689.5000	  0.0656
689.0000	  0.0642
688.5000	  0.0657
688.0000	  0.0708
687.5000	  0.0674
687.0000	  0.0662
686.5000	  0.0665
686.0000	  0.0734
685.5000	  0.0717
685.0000	  0.0682
684.5000	  0.0678
684.0000	  0.0688
683.5000	  0.0657
683.0000	  0.0716
682.5000	  0.0719
682.0000	  0.0724
681.5000	  0.0718
681.0000	  0.0729
680.5000	  0.0710
680.0000	  0.0738
679.5000	  0.0749
679.0000	  0.0704
678.5000	  0.0700
678.0000	  0.0682
677.5000	  0.0763
677.0000	  0.0761
676.5000	  0.0738
676.0000	  0.0681
675.5000	  0.0776
675.0000	  0.0771
674.5000	  0.0767
674.0000	  0.0735
673.5000	  0.0750
673.0000	  0.0755
672.5000	  0.0778
672.0000	  0.0765
671.5000	  0.0782
671.0000	  0.0747
670.5000	  0.0766
670.0000	  0.0796
669.5000	  0.0805
669.0000	  0.0795
668.5000	  0.0815
668.0000	  0.0798
667.5000	  0.0805
667.0000	  0.0822
666.5000	  0.0807
666.0000	  0.0838
665.5000	  0.0840
665.0000	  0.0775
664.5000	  0.0828
664.0000	  0.0764
663.5000	  0.0846
663.0000	  0.0834
662.5000	  0.0861
662.0000	  0.0820
661.5000	  0.0833
661.0000	  0.0850
660.5000	  0.0846
660.0000	  0.0859
659.5000	  0.0854
659.0000	  0.0866
658.5000	  0.0888
658.0000	  0.0841
657.5000	  0.0897
657.0000	  0.0859
656.5000	  0.0872
656.0000	  0.0894
655.5000	  0.0897
655.0000	  0.0909
654.5000	  0.0905
654.0000	  0.0918
653.5000	  0.0877
653.0000	  0.0895
652.5000	  0.0915
652.0000	  0.0906
651.5000	  0.0948
651.0000	  0.0915
650.5000	  0.0941
650.0000	  0.0987
649.5000	  0.0945
649.0000	  0.0943
648.5000	  0.0962
648.0000	  0.0970
647.5000	  0.0939
647.0000	  0.0951
646.5000	  0.0950
646.0000	  0.0991
645.5000	  0.0981
645.0000	  0.0981
644.5000	  0.0967
644.0000	  0.1005
643.5000	  0.1016
643.0000	  0.1035
642.5000	  0.1018
642.0000	  0.1038
641.5000	  0.1047
641.0000	  0.1055
640.5000	  0.1056
640.0000	  0.1046
639.5000	  0.1063
639.0000	  0.1070
638.5000	  0.1057
638.0000	  0.1108
637.5000	  0.1110
637.0000	  0.1092
636.5000	  0.1123
636.0000	  0.1118
635.5000	  0.1130
635.0000	  0.1154
634.5000	  0.1163
634.0000	  0.1205
633.5000	  0.1185
633.0000	  0.1229
632.5000	  0.1221
632.0000	  0.1242
631.5000	  0.1221
631.0000	  0.1286
630.5000	  0.1277
630.0000	  0.1278
629.5000	  0.1277
629.0000	  0.1303
628.5000	  0.1323
628.0000	  0.1300
627.5000	  0.1307
627.0000	  0.1335
626.5000	  0.1304
626.0000	  0.1301
625.5000	  0.1354
625.0000	  0.1321
624.5000	  0.1308
624.0000	  0.1320
623.5000	  0.1307
623.0000	  0.1326
622.5000	  0.1339
622.0000	  0.1303
621.5000	  0.1323
621.0000	  0.1291
620.5000	  0.1371
620.0000	  0.1380
619.5000	  0.1308
619.0000	  0.1354
618.5000	  0.1391
618.0000	  0.1346
617.5000	  0.1315
617.0000	  0.1350
616.5000	  0.1381
616.0000	  0.1325
615.5000	  0.1401
615.0000	  0.1400
614.5000	  0.1405
614.0000	  0.1453
613.5000	  0.1414
613.0000	  0.1426
612.5000	  0.1447
612.0000	  0.1469
611.5000	  0.1437
611.0000	  0.1465
610.5000	  0.1476
610.0000	  0.1487
609.5000	  0.1527
609.0000	  0.1490
608.5000	  0.1551
608.0000	  0.1514
607.5000	  0.1519
607.0000	  0.1517
606.5000	  0.1523
606.0000	  0.1559
605.5000	  0.1555
605.0000	  0.1585
604.5000	  0.1567
604.0000	  0.1591
603.5000	  0.1582
603.0000	  0.1623
602.5000	  0.1597
602.0000	  0.1601
601.5000	  0.1629
601.0000	  0.1647
600.5000	  0.1661
600.0000	  0.1643
599.5000	  0.1667
599.0000	  0.1693
598.5000	  0.1673
598.0000	  0.1677
597.5000	  0.1709
597.0000	  0.1752
596.5000	  0.1732
596.0000	  0.1779
595.5000	  0.1743
595.0000	  0.1765
594.5000	  0.1788
594.0000	  0.1800
593.5000	  0.1758
593.0000	  0.1834
592.5000	  0.1824
592.0000	  0.1820
591.5000	  0.1842
591.0000	  0.1850
590.5000	  0.1862
590.0000	  0.1885
589.5000	  0.1879
589.0000	  0.1900
588.5000	  0.1904
588.0000	  0.1919
587.5000	  0.1965
587.0000	  0.1901
586.5000	  0.1936
586.0000	  0.1966
585.5000	  0.1985
585.0000	  0.2005
584.5000	  0.1977
584.0000	  0.2055
583.5000	  0.2048
583.0000	  0.2027
582.5000	  0.2074
582.0000	  0.2056
581.5000	  0.2041
581.0000	  0.2131
580.5000	  0.2116
580.0000	  0.2094
579.5000	  0.2135
579.0000	  0.2123
578.5000	  0.2140
578.0000	  0.2176
577.5000	  0.2173
577.0000	  0.2159
576.5000	  0.2214
576.0000	  0.2229
575.5000	  0.2235
575.0000	  0.2240
574.5000	  0.2224
574.0000	  0.2290
573.5000	  0.2295
573.0000	  0.2326
572.5000	  0.2312
572.0000	  0.2342
571.5000	  0.2349
571.0000	  0.2359
570.5000	  0.2364
570.0000	  0.2422
569.5000	  0.2414
569.0000	  0.2439
568.5000	  0.2425
568.0000	  0.2426
567.5000	  0.2496
567.0000	  0.2490
566.5000	  0.2503
566.0000	  0.2517
565.5000	  0.2523
565.0000	  0.2576
564.5000	  0.2577
564.0000	  0.2566
563.5000	  0.2609
563.0000	  0.2574
562.5000	  0.2644
562.0000	  0.2655
561.5000	  0.2654
561.0000	  0.2662
560.5000	  0.2703
560.0000	  0.2676
559.5000	  0.2696
559.0000	  0.2711
558.5000	  0.2710
558.0000	  0.2747
557.5000	  0.2703
557.0000	  0.2769
556.5000	  0.2803
556.0000	  0.2795
555.5000	  0.2805
555.0000	  0.2832
554.5000	  0.2859
554.0000	  0.2882
553.5000	  0.2885
553.0000	  0.2911
552.5000	  0.2908
552.0000	  0.2946
551.5000	  0.2976
551.0000	  0.2976
550.5000	  0.3008
550.0000	  0.3031
549.5000	  0.3035
549.0000	  0.3041
548.5000	  0.3099
548.0000	  0.3117
547.5000	  0.3102
547.0000	  0.3129
546.5000	  0.3171
546.0000	  0.3187
545.5000	  0.3185
545.0000	  0.3226
544.5000	  0.3256
544.0000	  0.3273
543.5000	  0.3284
543.0000	  0.3304
542.5000	  0.3317
542.0000	  0.3352
541.5000	  0.3377
541.0000	  0.3378
540.5000	  0.3405
540.0000	  0.3436
539.5000	  0.3460
539.0000	  0.3476
538.5000	  0.3474
538.0000	  0.3518
537.5000	  0.3537
537.0000	  0.3556
536.5000	  0.3583
536.0000	  0.3617
535.5000	  0.3623
535.0000	  0.3651
534.5000	  0.3665
534.0000	  0.3705
533.5000	  0.3731
533.0000	  0.3746
532.5000	  0.3763
532.0000	  0.3785
531.5000	  0.3828
531.0000	  0.3869
530.5000	  0.3860
530.0000	  0.3888
529.5000	  0.3911
529.0000	  0.3954
528.5000	  0.3976
528.0000	  0.3977
527.5000	  0.4037
527.0000	  0.4039
526.5000	  0.4059
526.0000	  0.4078
525.5000	  0.4115
525.0000	  0.4151
524.5000	  0.4163
524.0000	  0.4219
523.5000	  0.4262
523.0000	  0.4280
522.5000	  0.4267
522.0000	  0.4310
521.5000	  0.4364
521.0000	  0.4355
520.5000	  0.4386
520.0000	  0.4461
519.5000	  0.4456
519.0000	  0.4486
518.5000	  0.4533
518.0000	  0.4564
517.5000	  0.4590
517.0000	  0.4609
516.5000	  0.4654
516.0000	  0.4670
515.5000	  0.4696
515.0000	  0.4735
514.5000	  0.4747
514.0000	  0.4795
513.5000	  0.4826
513.0000	  0.4882
512.5000	  0.4895
512.0000	  0.4911
511.5000	  0.4932
511.0000	  0.4988
510.5000	  0.5027
510.0000	  0.5035
509.5000	  0.5101
509.0000	  0.5104
508.5000	  0.5130
508.0000	  0.5117
507.5000	  0.5149
507.0000	  0.5205
506.5000	  0.5174
506.0000	  0.5196
505.5000	  0.5220
505.0000	  0.5213
504.5000	  0.5224
504.0000	  0.5212
503.5000	  0.5221
503.0000	  0.5230
502.5000	  0.5235
502.0000	  0.5251
501.5000	  0.5209
501.0000	  0.5240
500.5000	  0.5265
500.0000	  0.5211
499.5000	  0.5194
499.0000	  0.5207
498.5000	  0.5198
498.0000	  0.5201
497.5000	  0.5190
497.0000	  0.5180
496.5000	  0.5216
496.0000	  0.5159
495.5000	  0.5139
495.0000	  0.5124
494.5000	  0.5170
494.0000	  0.5147
493.5000	  0.5166
493.0000	  0.5104
492.5000	  0.5083
492.0000	  0.5081
491.5000	  0.5060
491.0000	  0.5073
490.5000	  0.4987
490.0000	  0.4974
489.5000	  0.5053
489.0000	  0.4981
488.5000	  0.4996
488.0000	  0.4953
487.5000	  0.4922
487.0000	  0.4918
486.5000	  0.4860
486.0000	  0.4875
485.5000	  0.4870
485.0000	  0.4815
484.5000	  0.4788
484.0000	  0.4779
483.5000	  0.4767
483.0000	  0.4738
482.5000	  0.4687
482.0000	  0.4697
481.5000	  0.4632
481.0000	  0.4647
480.5000	  0.4614
480.0000	  0.4595
479.5000	  0.4576
479.0000	  0.4595
478.5000	  0.4546
478.0000	  0.4520
477.5000	  0.4541
477.0000	  0.4459
476.5000	  0.4435
476.0000	  0.4450
475.5000	  0.4424
475.0000	  0.4408
474.5000	  0.4372
474.0000	  0.4382
473.5000	  0.4373
473.0000	  0.4328
472.5000	  0.4313
472.0000	  0.4296
471.5000	  0.4254
471.0000	  0.4238
470.5000	  0.4297
470.0000	  0.4255
469.5000	  0.4196
469.0000	  0.4240
468.5000	  0.4277
468.0000	  0.4118
467.5000	  0.4270
467.0000	  0.4154
466.5000	  0.4148
466.0000	  0.4196
465.5000	  0.4197
465.0000	  0.4216
464.5000	  0.4130
464.0000	  0.4122
463.5000	  0.4061
463.0000	  0.4175
462.5000	  0.4124
462.0000	  0.4188
461.5000	  0.4101
461.0000	  0.4071
460.5000	  0.4045
460.0000	  0.4018
459.5000	  0.3955
459.0000	  0.3924
458.5000	  0.3930
458.0000	  0.3913
457.5000	  0.3711
457.0000	  0.3787
456.5000	  0.3613
456.0000	  0.3589
455.5000	  0.3509
455.0000	  0.3371
454.5000	  0.3427
454.0000	  0.3314
453.5000	  0.3250
453.0000	  0.3128
452.5000	  0.3136
452.0000	  0.3093
451.5000	  0.2969
451.0000	  0.2951
450.5000	  0.2876
450.0000	  0.2873
449.5000	  0.2892
449.0000	  0.2755
448.5000	  0.2729
448.0000	  0.2755
447.5000	  0.2746
447.0000	  0.2801
446.5000	  0.2738
446.0000	  0.2661
445.5000	  0.2671
445.0000	  0.2692
444.5000	  0.2628
444.0000	  0.2625
443.5000	  0.2637
443.0000	  0.2724
442.5000	  0.2614
442.0000	  0.2676
441.5000	  0.2644
441.0000	  0.2688
440.5000	  0.2602
440.0000	  0.2683
439.5000	  0.2643
439.0000	  0.2702
438.5000	  0.2601
438.0000	  0.2592
437.5000	  0.2651
437.0000	  0.2580
436.5000	  0.2705
436.0000	  0.2580
435.5000	  0.2566
435.0000	  0.2601
434.5000	  0.2636
434.0000	  0.2493
433.5000	  0.2577
433.0000	  0.2584
432.5000	  0.2589
432.0000	  0.2569
431.5000	  0.2628
431.0000	  0.2599
430.5000	  0.2518
430.0000	  0.2582
429.5000	  0.2536
429.0000	  0.2609
428.5000	  0.2634
428.0000	  0.2604
427.5000	  0.2546
427.0000	  0.2567
426.5000	  0.2550
426.0000	  0.2595
425.5000	  0.2525
425.0000	  0.2538
424.5000	  0.2512
424.0000	  0.2467
423.5000	  0.2506
423.0000	  0.2493
422.5000	  0.2489
422.0000	  0.2442
421.5000	  0.2531
421.0000	  0.2443
420.5000	  0.2385
420.0000	  0.2422
419.5000	  0.2385
419.0000	  0.2276
418.5000	  0.2343
418.0000	  0.2381
417.5000	  0.2374
417.0000	  0.2331
416.5000	  0.2384
416.0000	  0.2239
415.5000	  0.2272
415.0000	  0.2324
414.5000	  0.2328
414.0000	  0.2246
413.5000	  0.2275
413.0000	  0.2299
412.5000	  0.2359
412.0000	  0.2291
411.5000	  0.2243
411.0000	  0.2307
410.5000	  0.2339
410.0000	  0.2142
409.5000	  0.2253
409.0000	  0.2282
408.5000	  0.2273
408.0000	  0.2109
407.5000	  0.2260
407.0000	  0.2130
406.5000	  0.2226
406.0000	  0.2147
405.5000	  0.2202
405.0000	  0.2151
404.5000	  0.2134
404.0000	  0.2092
403.5000	  0.2155
403.0000	  0.2068
402.5000	  0.2221
402.0000	  0.2056
401.5000	  0.2060
401.0000	  0.2161
400.5000	  0.2096
400.0000	  0.2124
399.5000	  0.2074
399.0000	  0.2017
398.5000	  0.2139
398.0000	  0.2047
397.5000	  0.1919
397.0000	  0.2194
396.5000	  0.2203
396.0000	  0.2059
395.5000	  0.1918
395.0000	  0.1945
394.5000	  0.1981
394.0000	  0.1979
393.5000	  0.1825
393.0000	  0.1981
392.5000	  0.2080
392.0000	  0.2076
391.5000	  0.2025
391.0000	  0.1861
390.5000	  0.2069
390.0000	  0.2122
389.5000	  0.1860
389.0000	  0.2048
388.5000	  0.1947
388.0000	  0.2063
387.5000	  0.2059
387.0000	  0.1868
386.5000	  0.2074
386.0000	  0.2144
385.5000	  0.1855
385.0000	  0.1691
384.5000	  0.2055
384.0000	  0.1994
383.5000	  0.2039
383.0000	  0.1821
382.5000	  0.1845
382.0000	  0.1811
381.5000	  0.2111
381.0000	  0.2069
380.5000	  0.1818
380.0000	  0.1932
379.5000	  0.2106
379.0000	  0.1881
378.5000	  0.1808
378.0000	  0.1722
377.5000	  0.2180
377.0000	  0.1899
376.5000	  0.1848
376.0000	  0.1570
375.5000	  0.1990
375.0000	  0.2140
374.5000	  0.1639
374.0000	  0.1953
373.5000	  0.1937
373.0000	  0.1975
372.5000	  0.1690
372.0000	  0.1503
371.5000	  0.1836
371.0000	  0.1820
370.5000	  0.1788
370.0000	  0.1767
369.5000	  0.1627
369.0000	  0.2040
368.5000	  0.2115
368.0000	  0.1745
367.5000	  0.1625
367.0000	  0.1788
366.5000	  0.1954
366.0000	  0.1834
365.5000	  0.1476
365.0000	  0.2043
364.5000	  0.1988
364.0000	  0.1882
363.5000	  0.1757
363.0000	  0.1829
362.5000	  0.1781
362.0000	  0.1869
361.5000	  0.1944
361.0000	  0.1726
360.5000	  0.1433
360.0000	  0.1623
359.5000	  0.2025
359.0000	  0.1735
358.5000	  0.1214
358.0000	  0.1715
357.5000	  0.1592
357.0000	  0.2011
356.5000	  0.1839
356.0000	  0.1483
355.5000	  0.1600
355.0000	  0.1816
354.5000	  0.1622
354.0000	  0.1772
353.5000	  0.1813
353.0000	  0.1448
352.5000	  0.1545
352.0000	  0.2256
351.5000	  0.1836
351.0000	  0.1524
350.5000	  0.1750
350.0000	  0.1735
