05/05/2023 17.40.03
05/05/2023 17.47.24

900.0000	 -8.3000

900.0000	 -8.3000

900.0000	-27.1600



  1.0000
900.0000
  3.0000
340.0000
  1.0000
1101.0000
  5.0000
  6.0000
  1.0000
  1.0000
  0.0000
  0.0000
100.0000
  0.0000
  1.0000
  0.0000
500.0000
900.0000
350.0000
  4.0000
  1.0000
 18.0000
  2.0000
  1.0000
255.0000
  0.9061
  1.0000
 30.0000
  4.0000
500.0000
  0.0000
  0.0000
  4.0000
900.0000
350.0000
  0.0000
100.0000
  0.0000
  1.0000
  0.0000
500.0000
  1.0000
  1.0000
  1.0000
  1.0000
  4.0000
  0.0000
  1.0000
  1.0000
  1.0000
  1.0000
  1.0000
  2.0000
  1.0000
  1.0000
  1.0000
  3.0000
  1.0000
  1.0000
  1.0000
  4.0000
  5.0000
440.679
0.000
900.0000	  0.1074
899.5000	  0.2228
899.0000	  0.0986
898.5000	 -0.0712
898.0000	 -0.0299
897.5000	 -0.0960
897.0000	 -0.1153
896.5000	  0.0125
896.0000	 -0.0399
895.5000	  0.1385
895.0000	 -0.0206
894.5000	  0.0240
894.0000	  0.1188
893.5000	  0.0204
893.0000	  0.0342
892.5000	 -0.1006
892.0000	 -0.1939
891.5000	 -0.0340
891.0000	  0.0466
890.5000	 -0.0383
890.0000	  0.0556
889.5000	  0.0245
889.0000	 -0.0182
888.5000	 -0.0025
888.0000	  0.0002
887.5000	 -0.0570
887.0000	  0.0142
886.5000	 -0.1162
886.0000	 -0.0179
885.5000	  0.0553
885.0000	 -0.0522
884.5000	 -0.0197
884.0000	 -0.0136
883.5000	  0.0310
883.0000	  0.0280
882.5000	 -0.0847
882.0000	 -0.0073
881.5000	  0.0243
881.0000	  0.0216
880.5000	  0.0109
880.0000	 -0.0213
879.5000	  0.0462
879.0000	  0.0165
878.5000	  0.0561
878.0000	  0.0029
877.5000	  0.0486
877.0000	 -0.0042
876.5000	  0.0051
876.0000	  0.0089
875.5000	  0.0268
875.0000	  0.0100
874.5000	 -0.0120
874.0000	  0.0057
873.5000	 -0.0050
873.0000	  0.0112
872.5000	 -0.0027
872.0000	 -0.0203
871.5000	 -0.0072
871.0000	  0.0183
870.5000	 -0.0041
870.0000	  0.0078
869.5000	 -0.0069
869.0000	 -0.0198
868.5000	  0.0011
868.0000	 -0.0027
867.5000	  0.0108
867.0000	  0.0071
866.5000	  0.0181
866.0000	  0.0222
865.5000	  0.0019
865.0000	  0.0025
864.5000	  0.0021
864.0000	  0.0054
863.5000	  0.0001
863.0000	  0.0123
862.5000	  0.0034
862.0000	  0.0018
861.5000	  0.0064
861.0000	  0.0040
860.5000	  0.0039
860.0000	  0.0058
859.5000	  0.0074
859.0000	  0.0026
858.5000	  0.0051
858.0000	  0.0057
857.5000	  0.0072
857.0000	  0.0038
856.5000	  0.0105
856.0000	  0.0028
855.5000	  0.0047
855.0000	  0.0063
854.5000	  0.0096
854.0000	  0.0102
853.5000	  0.0096
853.0000	  0.0077
852.5000	  0.0111
852.0000	  0.0069
851.5000	  0.0085
851.0000	  0.0071
850.5000	  0.0057
850.0000	  0.0072
849.5000	  0.0036
849.0000	  0.0067
848.5000	  0.0075
848.0000	  0.0081
847.5000	  0.0077
847.0000	  0.0074
846.5000	  0.0094
846.0000	  0.0078
845.5000	  0.0073
845.0000	  0.0082
844.5000	  0.0080
844.0000	  0.0077
843.5000	  0.0079
843.0000	  0.0068
842.5000	  0.0088
842.0000	  0.0078
841.5000	  0.0076
841.0000	  0.0081
840.5000	  0.0076
840.0000	  0.0083
839.5000	  0.0074
839.0000	  0.0094
838.5000	  0.0086
838.0000	  0.0081
837.5000	  0.0081
837.0000	  0.0090
836.5000	  0.0077
836.0000	  0.0081
835.5000	  0.0082
835.0000	  0.0081
834.5000	  0.0090
834.0000	  0.0086
833.5000	  0.0081
833.0000	  0.0086
832.5000	  0.0091
832.0000	  0.0095
831.5000	  0.0086
831.0000	  0.0072
830.5000	  0.0078
830.0000	  0.0090
829.5000	  0.0090
829.0000	  0.0089
828.5000	  0.0085
828.0000	  0.0084
827.5000	  0.0084
827.0000	  0.0092
826.5000	  0.0083
826.0000	  0.0084
825.5000	  0.0085
825.0000	  0.0086
824.5000	  0.0083
824.0000	  0.0086
823.5000	  0.0088
823.0000	  0.0080
822.5000	  0.0084
822.0000	  0.0085
821.5000	  0.0090
821.0000	  0.0085
820.5000	  0.0088
820.0000	  0.0084
819.5000	  0.0085
819.0000	  0.0084
818.5000	  0.0086
818.0000	  0.0086
817.5000	  0.0083
817.0000	  0.0088
816.5000	  0.0090
816.0000	  0.0092
815.5000	  0.0086
815.0000	  0.0081
814.5000	  0.0084
814.0000	  0.0082
813.5000	  0.0081
813.0000	  0.0084
812.5000	  0.0089
812.0000	  0.0083
811.5000	  0.0088
811.0000	  0.0084
810.5000	  0.0085
810.0000	  0.0085
809.5000	  0.0083
809.0000	  0.0093
808.5000	  0.0086
808.0000	  0.0089
807.5000	  0.0081
807.0000	  0.0086
806.5000	  0.0086
806.0000	  0.0085
805.5000	  0.0091
805.0000	  0.0088
804.5000	  0.0089
804.0000	  0.0088
803.5000	  0.0089
803.0000	  0.0087
802.5000	  0.0094
802.0000	  0.0082
801.5000	  0.0087
801.0000	  0.0085
800.5000	  0.0087
800.0000	  0.0087
799.5000	  0.0090
799.0000	  0.0089
798.5000	  0.0081
798.0000	  0.0090
797.5000	  0.0087
797.0000	  0.0086
796.5000	  0.0086
796.0000	  0.0087
795.5000	  0.0091
795.0000	  0.0089
794.5000	  0.0088
794.0000	  0.0086
793.5000	  0.0085
793.0000	  0.0087
792.5000	  0.0087
792.0000	  0.0086
791.5000	  0.0087
791.0000	  0.0087
790.5000	  0.0088
790.0000	  0.0087
789.5000	  0.0087
789.0000	  0.0089
788.5000	  0.0090
788.0000	  0.0085
787.5000	  0.0090
787.0000	  0.0084
786.5000	  0.0087
786.0000	  0.0082
785.5000	  0.0088
785.0000	  0.0085
784.5000	  0.0088
784.0000	  0.0087
783.5000	  0.0090
783.0000	  0.0085
782.5000	  0.0087
782.0000	  0.0086
781.5000	  0.0087
781.0000	  0.0087
780.5000	  0.0087
780.0000	  0.0087
779.5000	  0.0090
779.0000	  0.0089
778.5000	  0.0087
778.0000	  0.0087
777.5000	  0.0085
777.0000	  0.0087
776.5000	  0.0089
776.0000	  0.0087
775.5000	  0.0084
775.0000	  0.0086
774.5000	  0.0088
774.0000	  0.0086
773.5000	  0.0091
773.0000	  0.0088
772.5000	  0.0091
772.0000	  0.0085
771.5000	  0.0087
771.0000	  0.0088
770.5000	  0.0088
770.0000	  0.0089
769.5000	  0.0087
769.0000	  0.0088
768.5000	  0.0086
768.0000	  0.0091
767.5000	  0.0090
767.0000	  0.0088
766.5000	  0.0089
766.0000	  0.0085
765.5000	  0.0088
765.0000	  0.0085
764.5000	  0.0086
764.0000	  0.0088
763.5000	  0.0089
763.0000	  0.0084
762.5000	  0.0088
762.0000	  0.0088
761.5000	  0.0087
761.0000	  0.0089
760.5000	  0.0089
760.0000	  0.0093
759.5000	  0.0091
759.0000	  0.0088
758.5000	  0.0091
758.0000	  0.0087
757.5000	  0.0091
757.0000	  0.0088
756.5000	  0.0091
756.0000	  0.0085
755.5000	  0.0088
755.0000	  0.0088
754.5000	  0.0088
754.0000	  0.0090
753.5000	  0.0088
753.0000	  0.0091
752.5000	  0.0087
752.0000	  0.0088
751.5000	  0.0090
751.0000	  0.0092
750.5000	  0.0090
750.0000	  0.0087
749.5000	  0.0088
749.0000	  0.0085
748.5000	  0.0089
748.0000	  0.0088
747.5000	  0.0088
747.0000	  0.0086
746.5000	  0.0087
746.0000	  0.0088
745.5000	  0.0089
745.0000	  0.0090
744.5000	  0.0090
744.0000	  0.0091
743.5000	  0.0090
743.0000	  0.0090
742.5000	  0.0091
742.0000	  0.0089
741.5000	  0.0085
741.0000	  0.0092
740.5000	  0.0089
740.0000	  0.0088
739.5000	  0.0089
739.0000	  0.0090
738.5000	  0.0089
738.0000	  0.0090
737.5000	  0.0092
737.0000	  0.0089
736.5000	  0.0088
736.0000	  0.0088
735.5000	  0.0093
735.0000	  0.0089
734.5000	  0.0089
734.0000	  0.0091
733.5000	  0.0089
733.0000	  0.0091
732.5000	  0.0089
732.0000	  0.0090
731.5000	  0.0087
731.0000	  0.0095
730.5000	  0.0093
730.0000	  0.0089
729.5000	  0.0089
729.0000	  0.0092
728.5000	  0.0091
728.0000	  0.0088
727.5000	  0.0095
727.0000	  0.0089
726.5000	  0.0092
726.0000	  0.0091
725.5000	  0.0094
725.0000	  0.0091
724.5000	  0.0090
724.0000	  0.0092
723.5000	  0.0093
723.0000	  0.0097
722.5000	  0.0091
722.0000	  0.0091
721.5000	  0.0093
721.0000	  0.0093
720.5000	  0.0097
720.0000	  0.0099
719.5000	  0.0095
719.0000	  0.0097
718.5000	  0.0096
718.0000	  0.0094
717.5000	  0.0092
717.0000	  0.0090
716.5000	  0.0089
716.0000	  0.0092
715.5000	  0.0091
715.0000	  0.0088
714.5000	  0.0090
714.0000	  0.0090
713.5000	  0.0086
713.0000	  0.0090
712.5000	  0.0089
712.0000	  0.0087
711.5000	  0.0090
711.0000	  0.0088
710.5000	  0.0092
710.0000	  0.0092
709.5000	  0.0090
709.0000	  0.0092
708.5000	  0.0091
708.0000	  0.0090
707.5000	  0.0094
707.0000	  0.0093
706.5000	  0.0091
706.0000	  0.0095
705.5000	  0.0093
705.0000	  0.0093
704.5000	  0.0094
704.0000	  0.0096
703.5000	  0.0096
703.0000	  0.0094
702.5000	  0.0093
702.0000	  0.0098
701.5000	  0.0095
701.0000	  0.0094
700.5000	  0.0098
700.0000	  0.0093
699.5000	  0.0097
699.0000	  0.0095
698.5000	  0.0096
698.0000	  0.0095
697.5000	  0.0097
697.0000	  0.0095
696.5000	  0.0096
696.0000	  0.0096
695.5000	  0.0098
695.0000	  0.0095
694.5000	  0.0097
694.0000	  0.0097
693.5000	  0.0100
693.0000	  0.0097
692.5000	  0.0096
692.0000	  0.0099
691.5000	  0.0098
691.0000	  0.0098
690.5000	  0.0098
690.0000	  0.0100
689.5000	  0.0099
689.0000	  0.0098
688.5000	  0.0098
688.0000	  0.0099
687.5000	  0.0101
687.0000	  0.0100
686.5000	  0.0099
686.0000	  0.0100
685.5000	  0.0101
685.0000	  0.0102
684.5000	  0.0101
684.0000	  0.0097
683.5000	  0.0101
683.0000	  0.0102
682.5000	  0.0100
682.0000	  0.0101
681.5000	  0.0104
681.0000	  0.0104
680.5000	  0.0101
680.0000	  0.0103
679.5000	  0.0104
679.0000	  0.0102
678.5000	  0.0102
678.0000	  0.0104
677.5000	  0.0100
677.0000	  0.0105
676.5000	  0.0105
676.0000	  0.0104
675.5000	  0.0103
675.0000	  0.0105
674.5000	  0.0104
674.0000	  0.0105
673.5000	  0.0104
673.0000	  0.0105
672.5000	  0.0106
672.0000	  0.0107
671.5000	  0.0108
671.0000	  0.0105
670.5000	  0.0107
670.0000	  0.0106
669.5000	  0.0107
669.0000	  0.0109
668.5000	  0.0108
668.0000	  0.0108
667.5000	  0.0110
667.0000	  0.0108
666.5000	  0.0109
666.0000	  0.0110
665.5000	  0.0109
665.0000	  0.0111
664.5000	  0.0109
664.0000	  0.0111
663.5000	  0.0110
663.0000	  0.0110
662.5000	  0.0112
662.0000	  0.0112
661.5000	  0.0111
661.0000	  0.0110
660.5000	  0.0113
660.0000	  0.0113
659.5000	  0.0114
659.0000	  0.0113
658.5000	  0.0112
658.0000	  0.0114
657.5000	  0.0114
657.0000	  0.0112
656.5000	  0.0115
656.0000	  0.0116
655.5000	  0.0116
655.0000	  0.0115
654.5000	  0.0116
654.0000	  0.0117
653.5000	  0.0116
653.0000	  0.0117
652.5000	  0.0116
652.0000	  0.0118
651.5000	  0.0118
651.0000	  0.0117
650.5000	  0.0118
650.0000	  0.0119
649.5000	  0.0119
649.0000	  0.0119
648.5000	  0.0119
648.0000	  0.0121
647.5000	  0.0121
647.0000	  0.0122
646.5000	  0.0121
646.0000	  0.0122
645.5000	  0.0121
645.0000	  0.0123
644.5000	  0.0122
644.0000	  0.0124
643.5000	  0.0124
643.0000	  0.0124
642.5000	  0.0125
642.0000	  0.0124
641.5000	  0.0125
641.0000	  0.0126
640.5000	  0.0125
640.0000	  0.0125
639.5000	  0.0126
639.0000	  0.0127
638.5000	  0.0128
638.0000	  0.0128
637.5000	  0.0128
637.0000	  0.0129
636.5000	  0.0129
636.0000	  0.0129
635.5000	  0.0130
635.0000	  0.0131
634.5000	  0.0132
634.0000	  0.0133
633.5000	  0.0134
633.0000	  0.0133
632.5000	  0.0136
632.0000	  0.0134
631.5000	  0.0135
631.0000	  0.0137
630.5000	  0.0138
630.0000	  0.0140
629.5000	  0.0139
629.0000	  0.0140
628.5000	  0.0141
628.0000	  0.0141
627.5000	  0.0141
627.0000	  0.0142
626.5000	  0.0143
626.0000	  0.0141
625.5000	  0.0143
625.0000	  0.0143
624.5000	  0.0144
624.0000	  0.0143
623.5000	  0.0143
623.0000	  0.0144
622.5000	  0.0145
622.0000	  0.0146
621.5000	  0.0146
621.0000	  0.0145
620.5000	  0.0147
620.0000	  0.0147
619.5000	  0.0146
619.0000	  0.0146
618.5000	  0.0145
618.0000	  0.0148
617.5000	  0.0149
617.0000	  0.0148
616.5000	  0.0150
616.0000	  0.0149
615.5000	  0.0149
615.0000	  0.0151
614.5000	  0.0152
614.0000	  0.0152
613.5000	  0.0151
613.0000	  0.0152
612.5000	  0.0155
612.0000	  0.0156
611.5000	  0.0155
611.0000	  0.0155
610.5000	  0.0157
610.0000	  0.0157
609.5000	  0.0158
609.0000	  0.0160
608.5000	  0.0157
608.0000	  0.0159
607.5000	  0.0159
607.0000	  0.0158
606.5000	  0.0161
606.0000	  0.0161
605.5000	  0.0165
605.0000	  0.0162
604.5000	  0.0162
604.0000	  0.0164
603.5000	  0.0164
603.0000	  0.0168
602.5000	  0.0167
602.0000	  0.0167
601.5000	  0.0167
601.0000	  0.0168
600.5000	  0.0166
600.0000	  0.0168
599.5000	  0.0171
599.0000	  0.0171
598.5000	  0.0172
598.0000	  0.0173
597.5000	  0.0173
597.0000	  0.0175
596.5000	  0.0175
596.0000	  0.0176
595.5000	  0.0178
595.0000	  0.0177
594.5000	  0.0178
594.0000	  0.0178
593.5000	  0.0179
593.0000	  0.0181
592.5000	  0.0182
592.0000	  0.0182
591.5000	  0.0183
591.0000	  0.0183
590.5000	  0.0186
590.0000	  0.0185
589.5000	  0.0186
589.0000	  0.0187
588.5000	  0.0188
588.0000	  0.0189
587.5000	  0.0190
587.0000	  0.0191
586.5000	  0.0192
586.0000	  0.0193
585.5000	  0.0192
585.0000	  0.0195
584.5000	  0.0193
584.0000	  0.0195
583.5000	  0.0198
583.0000	  0.0199
582.5000	  0.0199
582.0000	  0.0200
581.5000	  0.0202
581.0000	  0.0202
580.5000	  0.0205
580.0000	  0.0204
579.5000	  0.0205
579.0000	  0.0207
578.5000	  0.0207
578.0000	  0.0209
577.5000	  0.0210
577.0000	  0.0212
576.5000	  0.0211
576.0000	  0.0215
575.5000	  0.0215
575.0000	  0.0216
574.5000	  0.0218
574.0000	  0.0217
573.5000	  0.0219
573.0000	  0.0218
572.5000	  0.0220
572.0000	  0.0221
571.5000	  0.0225
571.0000	  0.0224
570.5000	  0.0227
570.0000	  0.0228
569.5000	  0.0229
569.0000	  0.0230
568.5000	  0.0232
568.0000	  0.0233
567.5000	  0.0235
567.0000	  0.0235
566.5000	  0.0238
566.0000	  0.0239
565.5000	  0.0241
565.0000	  0.0241
564.5000	  0.0243
564.0000	  0.0246
563.5000	  0.0247
563.0000	  0.0246
562.5000	  0.0251
562.0000	  0.0251
561.5000	  0.0253
561.0000	  0.0255
560.5000	  0.0255
560.0000	  0.0256
559.5000	  0.0260
559.0000	  0.0260
558.5000	  0.0262
558.0000	  0.0263
557.5000	  0.0265
557.0000	  0.0266
556.5000	  0.0268
556.0000	  0.0269
555.5000	  0.0272
555.0000	  0.0273
554.5000	  0.0276
554.0000	  0.0275
553.5000	  0.0280
553.0000	  0.0282
552.5000	  0.0283
552.0000	  0.0284
551.5000	  0.0286
551.0000	  0.0289
550.5000	  0.0290
550.0000	  0.0291
549.5000	  0.0295
549.0000	  0.0298
548.5000	  0.0299
548.0000	  0.0300
547.5000	  0.0303
547.0000	  0.0305
546.5000	  0.0307
546.0000	  0.0308
545.5000	  0.0310
545.0000	  0.0312
544.5000	  0.0315
544.0000	  0.0317
543.5000	  0.0319
543.0000	  0.0321
542.5000	  0.0324
542.0000	  0.0327
541.5000	  0.0327
541.0000	  0.0330
540.5000	  0.0333
540.0000	  0.0334
539.5000	  0.0335
539.0000	  0.0340
538.5000	  0.0342
538.0000	  0.0344
537.5000	  0.0346
537.0000	  0.0350
536.5000	  0.0352
536.0000	  0.0354
535.5000	  0.0356
535.0000	  0.0358
534.5000	  0.0360
534.0000	  0.0363
533.5000	  0.0367
533.0000	  0.0371
532.5000	  0.0374
532.0000	  0.0375
531.5000	  0.0378
531.0000	  0.0381
530.5000	  0.0383
530.0000	  0.0386
529.5000	  0.0390
529.0000	  0.0391
528.5000	  0.0395
528.0000	  0.0397
527.5000	  0.0402
527.0000	  0.0405
526.5000	  0.0408
526.0000	  0.0409
525.5000	  0.0413
525.0000	  0.0417
524.5000	  0.0419
524.0000	  0.0423
523.5000	  0.0426
523.0000	  0.0428
522.5000	  0.0431
522.0000	  0.0436
521.5000	  0.0439
521.0000	  0.0442
520.5000	  0.0445
520.0000	  0.0447
519.5000	  0.0452
519.0000	  0.0457
518.5000	  0.0459
518.0000	  0.0460
517.5000	  0.0464
517.0000	  0.0468
516.5000	  0.0472
516.0000	  0.0474
515.5000	  0.0476
515.0000	  0.0481
514.5000	  0.0485
514.0000	  0.0486
513.5000	  0.0490
513.0000	  0.0493
512.5000	  0.0497
512.0000	  0.0500
511.5000	  0.0503
511.0000	  0.0510
510.5000	  0.0509
510.0000	  0.0512
509.5000	  0.0514
509.0000	  0.0519
508.5000	  0.0523
508.0000	  0.0524
507.5000	  0.0526
507.0000	  0.0530
506.5000	  0.0533
506.0000	  0.0536
505.5000	  0.0539
505.0000	  0.0540
504.5000	  0.0542
504.0000	  0.0545
503.5000	  0.0547
503.0000	  0.0550
502.5000	  0.0551
502.0000	  0.0555
501.5000	  0.0555
501.0000	  0.0556
500.5000	  0.0558
500.0000	  0.0559
499.5000	  0.0560
499.0000	  0.0561
498.5000	  0.0565
498.0000	  0.0564
497.5000	  0.0562
497.0000	  0.0566
496.5000	  0.0567
496.0000	  0.0568
495.5000	  0.0564
495.0000	  0.0565
494.5000	  0.0564
494.0000	  0.0565
493.5000	  0.0564
493.0000	  0.0561
492.5000	  0.0562
492.0000	  0.0560
491.5000	  0.0556
491.0000	  0.0558
490.5000	  0.0557
490.0000	  0.0552
489.5000	  0.0550
489.0000	  0.0549
488.5000	  0.0548
488.0000	  0.0545
487.5000	  0.0542
487.0000	  0.0541
486.5000	  0.0537
486.0000	  0.0533
485.5000	  0.0529
485.0000	  0.0527
484.5000	  0.0525
484.0000	  0.0522
483.5000	  0.0520
483.0000	  0.0518
482.5000	  0.0514
482.0000	  0.0511
481.5000	  0.0507
481.0000	  0.0504
480.5000	  0.0496
480.0000	  0.0495
479.5000	  0.0497
479.0000	  0.0491
478.5000	  0.0487
478.0000	  0.0484
477.5000	  0.0479
477.0000	  0.0475
476.5000	  0.0473
476.0000	  0.0468
475.5000	  0.0466
475.0000	  0.0463
474.5000	  0.0459
474.0000	  0.0455
473.5000	  0.0453
473.0000	  0.0451
472.5000	  0.0444
472.0000	  0.0440
471.5000	  0.0439
471.0000	  0.0438
470.5000	  0.0434
470.0000	  0.0429
469.5000	  0.0427
469.0000	  0.0425
468.5000	  0.0422
468.0000	  0.0419
467.5000	  0.0416
467.0000	  0.0415
466.5000	  0.0413
466.0000	  0.0407
465.5000	  0.0404
465.0000	  0.0404
464.5000	  0.0402
464.0000	  0.0394
463.5000	  0.0397
463.0000	  0.0390
462.5000	  0.0392
462.0000	  0.0389
461.5000	  0.0389
461.0000	  0.0390
460.5000	  0.0384
460.0000	  0.0381
459.5000	  0.0373
459.0000	  0.0378
458.5000	  0.0370
458.0000	  0.0370
457.5000	  0.0369
457.0000	  0.0367
456.5000	  0.0368
456.0000	  0.0360
455.5000	  0.0360
455.0000	  0.0358
454.5000	  0.0350
454.0000	  0.0346
453.5000	  0.0352
453.0000	  0.0347
452.5000	  0.0347
452.0000	  0.0335
451.5000	  0.0335
451.0000	  0.0332
450.5000	  0.0330
450.0000	  0.0328
449.5000	  0.0324
449.0000	  0.0323
448.5000	  0.0321
448.0000	  0.0319
447.5000	  0.0312
447.0000	  0.0313
446.5000	  0.0304
446.0000	  0.0302
445.5000	  0.0303
445.0000	  0.0296
444.5000	  0.0297
444.0000	  0.0298
443.5000	  0.0291
443.0000	  0.0289
442.5000	  0.0288
442.0000	  0.0290
441.5000	  0.0287
441.0000	  0.0281
440.5000	  0.0282
440.0000	  0.0278
439.5000	  0.0277
439.0000	  0.0275
438.5000	  0.0276
438.0000	  0.0274
437.5000	  0.0275
437.0000	  0.0269
436.5000	  0.0270
436.0000	  0.0266
435.5000	  0.0263
435.0000	  0.0263
434.5000	  0.0257
434.0000	  0.0261
433.5000	  0.0258
433.0000	  0.0255
432.5000	  0.0256
432.0000	  0.0255
431.5000	  0.0252
431.0000	  0.0255
430.5000	  0.0252
430.0000	  0.0250
429.5000	  0.0246
429.0000	  0.0246
428.5000	  0.0247
428.0000	  0.0243
427.5000	  0.0245
427.0000	  0.0243
426.5000	  0.0245
426.0000	  0.0241
425.5000	  0.0238
425.0000	  0.0240
424.5000	  0.0239
424.0000	  0.0234
423.5000	  0.0231
423.0000	  0.0232
422.5000	  0.0228
422.0000	  0.0228
421.5000	  0.0234
421.0000	  0.0227
420.5000	  0.0228
420.0000	  0.0224
419.5000	  0.0225
419.0000	  0.0223
418.5000	  0.0222
418.0000	  0.0220
417.5000	  0.0216
417.0000	  0.0217
416.5000	  0.0217
416.0000	  0.0216
415.5000	  0.0215
415.0000	  0.0213
414.5000	  0.0216
414.0000	  0.0210
413.5000	  0.0205
413.0000	  0.0211
412.5000	  0.0213
412.0000	  0.0208
411.5000	  0.0203
411.0000	  0.0207
410.5000	  0.0205
410.0000	  0.0207
409.5000	  0.0203
409.0000	  0.0203
408.5000	  0.0205
408.0000	  0.0197
407.5000	  0.0198
407.0000	  0.0198
406.5000	  0.0199
406.0000	  0.0193
405.5000	  0.0194
405.0000	  0.0194
404.5000	  0.0197
404.0000	  0.0195
403.5000	  0.0191
403.0000	  0.0193
402.5000	  0.0191
402.0000	  0.0194
401.5000	  0.0182
401.0000	  0.0185
400.5000	  0.0193
400.0000	  0.0190
399.5000	  0.0185
399.0000	  0.0184
398.5000	  0.0189
398.0000	  0.0188
397.5000	  0.0181
397.0000	  0.0185
396.5000	  0.0176
396.0000	  0.0187
395.5000	  0.0185
395.0000	  0.0174
394.5000	  0.0183
394.0000	  0.0181
393.5000	  0.0172
393.0000	  0.0181
392.5000	  0.0173
392.0000	  0.0181
391.5000	  0.0174
391.0000	  0.0176
390.5000	  0.0178
390.0000	  0.0176
389.5000	  0.0185
389.0000	  0.0181
388.5000	  0.0174
388.0000	  0.0169
387.5000	  0.0168
387.0000	  0.0171
386.5000	  0.0165
386.0000	  0.0179
385.5000	  0.0175
385.0000	  0.0175
384.5000	  0.0165
384.0000	  0.0160
383.5000	  0.0168
383.0000	  0.0162
382.5000	  0.0164
382.0000	  0.0168
381.5000	  0.0165
381.0000	  0.0163
380.5000	  0.0165
380.0000	  0.0154
379.5000	  0.0170
379.0000	  0.0159
378.5000	  0.0177
378.0000	  0.0164
377.5000	  0.0173
377.0000	  0.0166
376.5000	  0.0184
376.0000	  0.0166
375.5000	  0.0151
375.0000	  0.0155
374.5000	  0.0156
374.0000	  0.0143
373.5000	  0.0159
373.0000	  0.0166
372.5000	  0.0159
372.0000	  0.0158
371.5000	  0.0158
371.0000	  0.0161
370.5000	  0.0148
370.0000	  0.0153
369.5000	  0.0159
369.0000	  0.0145
368.5000	  0.0150
368.0000	  0.0152
367.5000	  0.0151
367.0000	  0.0137
366.5000	  0.0147
366.0000	  0.0141
365.5000	  0.0171
365.0000	  0.0144
364.5000	  0.0173
364.0000	  0.0153
363.5000	  0.0150
363.0000	  0.0148
362.5000	  0.0169
362.0000	  0.0159
361.5000	  0.0125
361.0000	  0.0160
360.5000	  0.0172
360.0000	  0.0140
359.5000	  0.0156
359.0000	  0.0149
358.5000	  0.0157
358.0000	  0.0145
357.5000	  0.0140
357.0000	  0.0154
356.5000	  0.0157
356.0000	  0.0128
355.5000	  0.0149
355.0000	  0.0131
354.5000	  0.0157
354.0000	  0.0174
353.5000	  0.0161
353.0000	  0.0142
352.5000	  0.0162
352.0000	  0.0127
351.5000	  0.0143
351.0000	  0.0128
350.5000	  0.0180
350.0000	  0.0125
