31/05/2023 11.56.38
31/05/2023 12.04.02

500.0000	 99.8700

500.0000	 99.8700

900.0000	 89.8900



  1.0000
900.0000
  3.0000
340.0000
  1.0000
1101.0000
  5.0000
  6.0000
  1.0000
  1.0000
  0.0000
  0.0000
100.0000
  0.0000
  1.0000
  0.0000
500.0000
900.0000
350.0000
  4.0000
  1.0000
 18.0000
  2.0000
  1.0000
255.0000
  0.9118
  1.0000
 30.0000
  4.0000
500.0000
  0.0000
  0.0000
  4.0000
900.0000
350.0000
  0.0000
100.0000
  0.0000
  1.0000
  0.0000
500.0000
  1.0000
  1.0000
  1.0000
  1.0000
  4.0000
  0.0000
  1.0000
  1.0000
  1.0000
  1.0000
  1.0000
  2.0000
  1.0000
  1.0000
  1.0000
  3.0000
  1.0000
  1.0000
  1.0000
  4.0000
  5.0000
443.965
0.000
900.0000	  0.8779
899.5000	  0.8411
899.0000	  0.8820
898.5000	  0.9080
898.0000	  0.9447
897.5000	  0.9200
897.0000	  0.8796
896.5000	  0.9375
896.0000	  0.9615
895.5000	  0.8711
895.0000	  0.9326
894.5000	  0.8767
894.0000	  0.9095
893.5000	  0.9233
893.0000	  0.9106
892.5000	  0.8720
892.0000	  0.9128
891.5000	  0.9112
891.0000	  0.8732
890.5000	  0.9012
890.0000	  0.9526
889.5000	  0.8857
889.0000	  0.9576
888.5000	  0.8787
888.0000	  0.9259
887.5000	  0.8874
887.0000	  0.8954
886.5000	  0.9002
886.0000	  0.8938
885.5000	  0.9022
885.0000	  0.9109
884.5000	  0.8985
884.0000	  0.8950
883.5000	  0.9144
883.0000	  0.9148
882.5000	  0.8952
882.0000	  0.9036
881.5000	  0.8881
881.0000	  0.9009
880.5000	  0.8944
880.0000	  0.9048
879.5000	  0.8991
879.0000	  0.8776
878.5000	  0.9058
878.0000	  0.9073
877.5000	  0.9092
877.0000	  0.8965
876.5000	  0.8914
876.0000	  0.9048
875.5000	  0.9043
875.0000	  0.9039
874.5000	  0.9006
874.0000	  0.9116
873.5000	  0.9102
873.0000	  0.9128
872.5000	  0.9035
872.0000	  0.8942
871.5000	  0.9104
871.0000	  0.8997
870.5000	  0.9126
870.0000	  0.9151
869.5000	  0.9120
869.0000	  0.8994
868.5000	  0.9195
868.0000	  0.9045
867.5000	  0.9152
867.0000	  0.9103
866.5000	  0.9151
866.0000	  0.9184
865.5000	  0.9097
865.0000	  0.9039
864.5000	  0.9109
864.0000	  0.9116
863.5000	  0.9177
863.0000	  0.9080
862.5000	  0.9125
862.0000	  0.9076
861.5000	  0.9131
861.0000	  0.9093
860.5000	  0.9097
860.0000	  0.9191
859.5000	  0.9128
859.0000	  0.9097
858.5000	  0.9170
858.0000	  0.9166
857.5000	  0.9167
857.0000	  0.9139
856.5000	  0.9142
856.0000	  0.9179
855.5000	  0.9154
855.0000	  0.9191
854.5000	  0.9226
854.0000	  0.9147
853.5000	  0.9129
853.0000	  0.9209
852.5000	  0.9214
852.0000	  0.9208
851.5000	  0.9196
851.0000	  0.9227
850.5000	  0.9181
850.0000	  0.9213
849.5000	  0.9226
849.0000	  0.9207
848.5000	  0.9211
848.0000	  0.9232
847.5000	  0.9237
847.0000	  0.9203
846.5000	  0.9206
846.0000	  0.9248
845.5000	  0.9225
845.0000	  0.9206
844.5000	  0.9231
844.0000	  0.9205
843.5000	  0.9244
843.0000	  0.9228
842.5000	  0.9205
842.0000	  0.9208
841.5000	  0.9205
841.0000	  0.9233
840.5000	  0.9239
840.0000	  0.9211
839.5000	  0.9252
839.0000	  0.9242
838.5000	  0.9217
838.0000	  0.9233
837.5000	  0.9241
837.0000	  0.9217
836.5000	  0.9202
836.0000	  0.9229
835.5000	  0.9212
835.0000	  0.9219
834.5000	  0.9219
834.0000	  0.9229
833.5000	  0.9207
833.0000	  0.9192
832.5000	  0.9195
832.0000	  0.9210
831.5000	  0.9207
831.0000	  0.9220
830.5000	  0.9172
830.0000	  0.9186
829.5000	  0.9211
829.0000	  0.9179
828.5000	  0.9191
828.0000	  0.9173
827.5000	  0.9192
827.0000	  0.9180
826.5000	  0.9187
826.0000	  0.9201
825.5000	  0.9179
825.0000	  0.9196
824.5000	  0.9187
824.0000	  0.9197
823.5000	  0.9189
823.0000	  0.9196
822.5000	  0.9178
822.0000	  0.9176
821.5000	  0.9187
821.0000	  0.9181
820.5000	  0.9196
820.0000	  0.9179
819.5000	  0.9173
819.0000	  0.9178
818.5000	  0.9167
818.0000	  0.9172
817.5000	  0.9159
817.0000	  0.9192
816.5000	  0.9173
816.0000	  0.9173
815.5000	  0.9176
815.0000	  0.9159
814.5000	  0.9185
814.0000	  0.9180
813.5000	  0.9172
813.0000	  0.9170
812.5000	  0.9190
812.0000	  0.9184
811.5000	  0.9168
811.0000	  0.9186
810.5000	  0.9176
810.0000	  0.9169
809.5000	  0.9186
809.0000	  0.9169
808.5000	  0.9186
808.0000	  0.9176
807.5000	  0.9176
807.0000	  0.9177
806.5000	  0.9171
806.0000	  0.9182
805.5000	  0.9188
805.0000	  0.9194
804.5000	  0.9167
804.0000	  0.9189
803.5000	  0.9186
803.0000	  0.9193
802.5000	  0.9178
802.0000	  0.9197
801.5000	  0.9193
801.0000	  0.9194
800.5000	  0.9204
800.0000	  0.9190
799.5000	  0.9172
799.0000	  0.9201
798.5000	  0.9203
798.0000	  0.9186
797.5000	  0.9186
797.0000	  0.9187
796.5000	  0.9195
796.0000	  0.9202
795.5000	  0.9187
795.0000	  0.9201
794.5000	  0.9206
794.0000	  0.9195
793.5000	  0.9205
793.0000	  0.9201
792.5000	  0.9184
792.0000	  0.9211
791.5000	  0.9223
791.0000	  0.9203
790.5000	  0.9197
790.0000	  0.9217
789.5000	  0.9222
789.0000	  0.9219
788.5000	  0.9217
788.0000	  0.9205
787.5000	  0.9209
787.0000	  0.9227
786.5000	  0.9207
786.0000	  0.9225
785.5000	  0.9209
785.0000	  0.9223
784.5000	  0.9211
784.0000	  0.9220
783.5000	  0.9229
783.0000	  0.9219
782.5000	  0.9231
782.0000	  0.9210
781.5000	  0.9236
781.0000	  0.9226
780.5000	  0.9249
780.0000	  0.9231
779.5000	  0.9238
779.0000	  0.9234
778.5000	  0.9232
778.0000	  0.9222
777.5000	  0.9221
777.0000	  0.9248
776.5000	  0.9232
776.0000	  0.9243
775.5000	  0.9228
775.0000	  0.9239
774.5000	  0.9240
774.0000	  0.9246
773.5000	  0.9242
773.0000	  0.9248
772.5000	  0.9249
772.0000	  0.9246
771.5000	  0.9253
771.0000	  0.9242
770.5000	  0.9248
770.0000	  0.9254
769.5000	  0.9261
769.0000	  0.9239
768.5000	  0.9257
768.0000	  0.9255
767.5000	  0.9258
767.0000	  0.9252
766.5000	  0.9254
766.0000	  0.9256
765.5000	  0.9248
765.0000	  0.9263
764.5000	  0.9245
764.0000	  0.9268
763.5000	  0.9263
763.0000	  0.9265
762.5000	  0.9247
762.0000	  0.9254
761.5000	  0.9273
761.0000	  0.9252
760.5000	  0.9265
760.0000	  0.9266
759.5000	  0.9270
759.0000	  0.9252
758.5000	  0.9266
758.0000	  0.9255
757.5000	  0.9260
757.0000	  0.9269
756.5000	  0.9278
756.0000	  0.9271
755.5000	  0.9264
755.0000	  0.9267
754.5000	  0.9274
754.0000	  0.9273
753.5000	  0.9272
753.0000	  0.9279
752.5000	  0.9276
752.0000	  0.9293
751.5000	  0.9272
751.0000	  0.9282
750.5000	  0.9288
750.0000	  0.9290
749.5000	  0.9279
749.0000	  0.9286
748.5000	  0.9295
748.0000	  0.9291
747.5000	  0.9292
747.0000	  0.9281
746.5000	  0.9302
746.0000	  0.9285
745.5000	  0.9302
745.0000	  0.9283
744.5000	  0.9292
744.0000	  0.9286
743.5000	  0.9299
743.0000	  0.9306
742.5000	  0.9297
742.0000	  0.9306
741.5000	  0.9308
741.0000	  0.9316
740.5000	  0.9318
740.0000	  0.9317
739.5000	  0.9309
739.0000	  0.9316
738.5000	  0.9333
738.0000	  0.9314
737.5000	  0.9314
737.0000	  0.9337
736.5000	  0.9351
736.0000	  0.9328
735.5000	  0.9342
735.0000	  0.9342
734.5000	  0.9354
734.0000	  0.9356
733.5000	  0.9342
733.0000	  0.9367
732.5000	  0.9367
732.0000	  0.9387
731.5000	  0.9379
731.0000	  0.9379
730.5000	  0.9401
730.0000	  0.9410
729.5000	  0.9405
729.0000	  0.9422
728.5000	  0.9426
728.0000	  0.9445
727.5000	  0.9453
727.0000	  0.9462
726.5000	  0.9474
726.0000	  0.9502
725.5000	  0.9513
725.0000	  0.9504
724.5000	  0.9545
724.0000	  0.9566
723.5000	  0.9580
723.0000	  0.9583
722.5000	  0.9626
722.0000	  0.9649
721.5000	  0.9658
721.0000	  0.9708
720.5000	  0.9721
720.0000	  0.9746
719.5000	  0.9766
719.0000	  0.9806
718.5000	  0.9821
718.0000	  0.9825
717.5000	  0.9848
717.0000	  0.9851
716.5000	  0.9819
716.0000	  0.9830
715.5000	  0.9807
715.0000	  0.9755
714.5000	  0.9750
714.0000	  0.9698
713.5000	  0.9671
713.0000	  0.9635
712.5000	  0.9597
712.0000	  0.9576
711.5000	  0.9548
711.0000	  0.9526
710.5000	  0.9497
710.0000	  0.9463
709.5000	  0.9464
709.0000	  0.9413
708.5000	  0.9409
708.0000	  0.9400
707.5000	  0.9388
707.0000	  0.9379
706.5000	  0.9371
706.0000	  0.9385
705.5000	  0.9364
705.0000	  0.9387
704.5000	  0.9389
704.0000	  0.9380
703.5000	  0.9376
703.0000	  0.9383
702.5000	  0.9392
702.0000	  0.9379
701.5000	  0.9379
701.0000	  0.9388
700.5000	  0.9383
700.0000	  0.9374
699.5000	  0.9400
699.0000	  0.9372
698.5000	  0.9388
698.0000	  0.9376
697.5000	  0.9385
697.0000	  0.9378
696.5000	  0.9391
696.0000	  0.9392
695.5000	  0.9381
695.0000	  0.9392
694.5000	  0.9384
694.0000	  0.9385
693.5000	  0.9369
693.0000	  0.9385
692.5000	  0.9368
692.0000	  0.9391
691.5000	  0.9381
691.0000	  0.9389
690.5000	  0.9371
690.0000	  0.9376
689.5000	  0.9377
689.0000	  0.9381
688.5000	  0.9377
688.0000	  0.9358
687.5000	  0.9365
687.0000	  0.9370
686.5000	  0.9374
686.0000	  0.9355
685.5000	  0.9383
685.0000	  0.9363
684.5000	  0.9384
684.0000	  0.9359
683.5000	  0.9378
683.0000	  0.9378
682.5000	  0.9370
682.0000	  0.9375
681.5000	  0.9374
681.0000	  0.9370
680.5000	  0.9362
680.0000	  0.9378
679.5000	  0.9374
679.0000	  0.9374
678.5000	  0.9372
678.0000	  0.9370
677.5000	  0.9355
677.0000	  0.9366
676.5000	  0.9383
676.0000	  0.9371
675.5000	  0.9374
675.0000	  0.9346
674.5000	  0.9373
674.0000	  0.9371
673.5000	  0.9383
673.0000	  0.9350
672.5000	  0.9369
672.0000	  0.9376
671.5000	  0.9372
671.0000	  0.9366
670.5000	  0.9361
670.0000	  0.9363
669.5000	  0.9356
669.0000	  0.9374
668.5000	  0.9359
668.0000	  0.9360
667.5000	  0.9366
667.0000	  0.9374
666.5000	  0.9351
666.0000	  0.9362
665.5000	  0.9358
665.0000	  0.9369
664.5000	  0.9356
664.0000	  0.9360
663.5000	  0.9365
663.0000	  0.9362
662.5000	  0.9367
662.0000	  0.9357
661.5000	  0.9355
661.0000	  0.9366
660.5000	  0.9358
660.0000	  0.9347
659.5000	  0.9361
659.0000	  0.9362
658.5000	  0.9354
658.0000	  0.9351
657.5000	  0.9354
657.0000	  0.9357
656.5000	  0.9363
656.0000	  0.9368
655.5000	  0.9344
655.0000	  0.9356
654.5000	  0.9355
654.0000	  0.9355
653.5000	  0.9336
653.0000	  0.9351
652.5000	  0.9355
652.0000	  0.9345
651.5000	  0.9339
651.0000	  0.9340
650.5000	  0.9352
650.0000	  0.9341
649.5000	  0.9353
649.0000	  0.9335
648.5000	  0.9340
648.0000	  0.9340
647.5000	  0.9337
647.0000	  0.9323
646.5000	  0.9335
646.0000	  0.9327
645.5000	  0.9336
645.0000	  0.9322
644.5000	  0.9314
644.0000	  0.9324
643.5000	  0.9319
643.0000	  0.9331
642.5000	  0.9309
642.0000	  0.9312
641.5000	  0.9307
641.0000	  0.9310
640.5000	  0.9297
640.0000	  0.9295
639.5000	  0.9298
639.0000	  0.9290
638.5000	  0.9283
638.0000	  0.9286
637.5000	  0.9293
637.0000	  0.9275
636.5000	  0.9275
636.0000	  0.9264
635.5000	  0.9267
635.0000	  0.9258
634.5000	  0.9260
634.0000	  0.9245
633.5000	  0.9246
633.0000	  0.9252
632.5000	  0.9243
632.0000	  0.9251
631.5000	  0.9250
631.0000	  0.9255
630.5000	  0.9256
630.0000	  0.9269
629.5000	  0.9252
629.0000	  0.9278
628.5000	  0.9284
628.0000	  0.9316
627.5000	  0.9318
627.0000	  0.9341
626.5000	  0.9361
626.0000	  0.9376
625.5000	  0.9391
625.0000	  0.9407
624.5000	  0.9430
624.0000	  0.9450
623.5000	  0.9464
623.0000	  0.9465
622.5000	  0.9490
622.0000	  0.9503
621.5000	  0.9535
621.0000	  0.9521
620.5000	  0.9551
620.0000	  0.9551
619.5000	  0.9557
619.0000	  0.9561
618.5000	  0.9562
618.0000	  0.9571
617.5000	  0.9565
617.0000	  0.9582
616.5000	  0.9553
616.0000	  0.9554
615.5000	  0.9544
615.0000	  0.9560
614.5000	  0.9544
614.0000	  0.9551
613.5000	  0.9552
613.0000	  0.9546
612.5000	  0.9550
612.0000	  0.9554
611.5000	  0.9552
611.0000	  0.9546
610.5000	  0.9551
610.0000	  0.9546
609.5000	  0.9549
609.0000	  0.9546
608.5000	  0.9561
608.0000	  0.9547
607.5000	  0.9550
607.0000	  0.9552
606.5000	  0.9563
606.0000	  0.9553
605.5000	  0.9558
605.0000	  0.9561
604.5000	  0.9563
604.0000	  0.9560
603.5000	  0.9570
603.0000	  0.9567
602.5000	  0.9570
602.0000	  0.9566
601.5000	  0.9573
601.0000	  0.9576
600.5000	  0.9567
600.0000	  0.9591
599.5000	  0.9565
599.0000	  0.9581
598.5000	  0.9577
598.0000	  0.9587
597.5000	  0.9586
597.0000	  0.9586
596.5000	  0.9578
596.0000	  0.9585
595.5000	  0.9585
595.0000	  0.9589
594.5000	  0.9591
594.0000	  0.9593
593.5000	  0.9594
593.0000	  0.9599
592.5000	  0.9600
592.0000	  0.9596
591.5000	  0.9615
591.0000	  0.9594
590.5000	  0.9600
590.0000	  0.9601
589.5000	  0.9621
589.0000	  0.9587
588.5000	  0.9613
588.0000	  0.9606
587.5000	  0.9624
587.0000	  0.9602
586.5000	  0.9609
586.0000	  0.9617
585.5000	  0.9627
585.0000	  0.9628
584.5000	  0.9622
584.0000	  0.9619
583.5000	  0.9630
583.0000	  0.9636
582.5000	  0.9617
582.0000	  0.9639
581.5000	  0.9627
581.0000	  0.9644
580.5000	  0.9628
580.0000	  0.9643
579.5000	  0.9627
579.0000	  0.9645
578.5000	  0.9628
578.0000	  0.9658
577.5000	  0.9651
577.0000	  0.9647
576.5000	  0.9648
576.0000	  0.9650
575.5000	  0.9650
575.0000	  0.9654
574.5000	  0.9664
574.0000	  0.9650
573.5000	  0.9655
573.0000	  0.9657
572.5000	  0.9678
572.0000	  0.9658
571.5000	  0.9666
571.0000	  0.9670
570.5000	  0.9678
570.0000	  0.9670
569.5000	  0.9682
569.0000	  0.9676
568.5000	  0.9678
568.0000	  0.9677
567.5000	  0.9673
567.0000	  0.9680
566.5000	  0.9681
566.0000	  0.9694
565.5000	  0.9664
565.0000	  0.9682
564.5000	  0.9695
564.0000	  0.9704
563.5000	  0.9678
563.0000	  0.9685
562.5000	  0.9680
562.0000	  0.9711
561.5000	  0.9684
561.0000	  0.9694
560.5000	  0.9710
560.0000	  0.9700
559.5000	  0.9686
559.0000	  0.9697
558.5000	  0.9699
558.0000	  0.9714
557.5000	  0.9685
557.0000	  0.9700
556.5000	  0.9705
556.0000	  0.9706
555.5000	  0.9715
555.0000	  0.9705
554.5000	  0.9711
554.0000	  0.9717
553.5000	  0.9721
553.0000	  0.9709
552.5000	  0.9719
552.0000	  0.9722
551.5000	  0.9737
551.0000	  0.9712
550.5000	  0.9738
550.0000	  0.9724
549.5000	  0.9731
549.0000	  0.9717
548.5000	  0.9742
548.0000	  0.9738
547.5000	  0.9744
547.0000	  0.9744
546.5000	  0.9730
546.0000	  0.9747
545.5000	  0.9732
545.0000	  0.9756
544.5000	  0.9731
544.0000	  0.9754
543.5000	  0.9741
543.0000	  0.9759
542.5000	  0.9745
542.0000	  0.9761
541.5000	  0.9755
541.0000	  0.9761
540.5000	  0.9765
540.0000	  0.9762
539.5000	  0.9765
539.0000	  0.9766
538.5000	  0.9772
538.0000	  0.9752
537.5000	  0.9770
537.0000	  0.9772
536.5000	  0.9777
536.0000	  0.9764
535.5000	  0.9773
535.0000	  0.9779
534.5000	  0.9775
534.0000	  0.9782
533.5000	  0.9784
533.0000	  0.9782
532.5000	  0.9779
532.0000	  0.9786
531.5000	  0.9778
531.0000	  0.9785
530.5000	  0.9788
530.0000	  0.9797
529.5000	  0.9778
529.0000	  0.9791
528.5000	  0.9797
528.0000	  0.9789
527.5000	  0.9799
527.0000	  0.9793
526.5000	  0.9790
526.0000	  0.9791
525.5000	  0.9812
525.0000	  0.9792
524.5000	  0.9803
524.0000	  0.9804
523.5000	  0.9806
523.0000	  0.9791
522.5000	  0.9808
522.0000	  0.9800
521.5000	  0.9806
521.0000	  0.9804
520.5000	  0.9802
520.0000	  0.9810
519.5000	  0.9793
519.0000	  0.9810
518.5000	  0.9789
518.0000	  0.9799
517.5000	  0.9802
517.0000	  0.9809
516.5000	  0.9790
516.0000	  0.9798
515.5000	  0.9803
515.0000	  0.9804
514.5000	  0.9804
514.0000	  0.9789
513.5000	  0.9798
513.0000	  0.9791
512.5000	  0.9812
512.0000	  0.9796
511.5000	  0.9809
511.0000	  0.9805
510.5000	  0.9815
510.0000	  0.9795
509.5000	  0.9809
509.0000	  0.9815
508.5000	  0.9816
508.0000	  0.9821
507.5000	  0.9832
507.0000	  0.9838
506.5000	  0.9848
506.0000	  0.9864
505.5000	  0.9862
505.0000	  0.9882
504.5000	  0.9888
504.0000	  0.9913
503.5000	  0.9909
503.0000	  0.9937
502.5000	  0.9940
502.0000	  0.9964
501.5000	  0.9961
501.0000	  0.9979
500.5000	  0.9995
500.0000	  1.0018
499.5000	  1.0020
499.0000	  1.0034
498.5000	  1.0049
498.0000	  1.0046
497.5000	  1.0068
497.0000	  1.0046
496.5000	  1.0084
496.0000	  1.0084
495.5000	  1.0100
495.0000	  1.0088
494.5000	  1.0115
494.0000	  1.0119
493.5000	  1.0128
493.0000	  1.0131
492.5000	  1.0135
492.0000	  1.0163
491.5000	  1.0166
491.0000	  1.0162
490.5000	  1.0150
490.0000	  1.0161
489.5000	  1.0171
489.0000	  1.0174
488.5000	  1.0171
488.0000	  1.0177
487.5000	  1.0165
487.0000	  1.0194
486.5000	  1.0174
486.0000	  1.0195
485.5000	  1.0196
485.0000	  1.0208
484.5000	  1.0190
484.0000	  1.0202
483.5000	  1.0210
483.0000	  1.0229
482.5000	  1.0223
482.0000	  1.0228
481.5000	  1.0243
481.0000	  1.0232
480.5000	  1.0255
480.0000	  1.0246
479.5000	  1.0273
479.0000	  1.0270
478.5000	  1.0293
478.0000	  1.0276
477.5000	  1.0297
477.0000	  1.0299
476.5000	  1.0320
476.0000	  1.0309
475.5000	  1.0334
475.0000	  1.0329
474.5000	  1.0352
474.0000	  1.0350
473.5000	  1.0372
473.0000	  1.0376
472.5000	  1.0374
472.0000	  1.0383
471.5000	  1.0407
471.0000	  1.0404
470.5000	  1.0421
470.0000	  1.0441
469.5000	  1.0458
469.0000	  1.0460
468.5000	  1.0468
468.0000	  1.0500
467.5000	  1.0492
467.0000	  1.0532
466.5000	  1.0539
466.0000	  1.0567
465.5000	  1.0558
465.0000	  1.0593
464.5000	  1.0586
464.0000	  1.0635
463.5000	  1.0610
463.0000	  1.0636
462.5000	  1.0656
462.0000	  1.0673
461.5000	  1.0688
461.0000	  1.0708
460.5000	  1.0725
460.0000	  1.0732
459.5000	  1.0738
459.0000	  1.0752
458.5000	  1.0762
458.0000	  1.0761
457.5000	  1.0789
457.0000	  1.0770
456.5000	  1.0780
456.0000	  1.0769
455.5000	  1.0810
455.0000	  1.0770
454.5000	  1.0790
454.0000	  1.0798
453.5000	  1.0781
453.0000	  1.0768
452.5000	  1.0761
452.0000	  1.0761
451.5000	  1.0729
451.0000	  1.0732
450.5000	  1.0703
450.0000	  1.0699
449.5000	  1.0682
449.0000	  1.0674
448.5000	  1.0644
448.0000	  1.0645
447.5000	  1.0632
447.0000	  1.0623
446.5000	  1.0603
446.0000	  1.0587
445.5000	  1.0584
445.0000	  1.0566
444.5000	  1.0546
444.0000	  1.0553
443.5000	  1.0538
443.0000	  1.0544
442.5000	  1.0524
442.0000	  1.0538
441.5000	  1.0525
441.0000	  1.0521
440.5000	  1.0505
440.0000	  1.0506
439.5000	  1.0504
439.0000	  1.0509
438.5000	  1.0517
438.0000	  1.0499
437.5000	  1.0502
437.0000	  1.0506
436.5000	  1.0517
436.0000	  1.0491
435.5000	  1.0490
435.0000	  1.0487
434.5000	  1.0512
434.0000	  1.0480
433.5000	  1.0504
433.0000	  1.0496
432.5000	  1.0518
432.0000	  1.0502
431.5000	  1.0497
431.0000	  1.0518
430.5000	  1.0506
430.0000	  1.0527
429.5000	  1.0523
429.0000	  1.0526
428.5000	  1.0525
428.0000	  1.0523
427.5000	  1.0517
427.0000	  1.0537
426.5000	  1.0540
426.0000	  1.0556
425.5000	  1.0528
425.0000	  1.0561
424.5000	  1.0542
424.0000	  1.0572
423.5000	  1.0587
423.0000	  1.0584
422.5000	  1.0593
422.0000	  1.0580
421.5000	  1.0594
421.0000	  1.0592
420.5000	  1.0606
420.0000	  1.0614
419.5000	  1.0633
419.0000	  1.0620
418.5000	  1.0623
418.0000	  1.0629
417.5000	  1.0661
417.0000	  1.0622
416.5000	  1.0646
416.0000	  1.0648
415.5000	  1.0669
415.0000	  1.0646
414.5000	  1.0679
414.0000	  1.0649
413.5000	  1.0683
413.0000	  1.0672
412.5000	  1.0684
412.0000	  1.0689
411.5000	  1.0694
411.0000	  1.0705
410.5000	  1.0730
410.0000	  1.0725
409.5000	  1.0707
409.0000	  1.0711
408.5000	  1.0731
408.0000	  1.0724
407.5000	  1.0724
407.0000	  1.0755
406.5000	  1.0745
406.0000	  1.0743
405.5000	  1.0748
405.0000	  1.0779
404.5000	  1.0754
404.0000	  1.0770
403.5000	  1.0775
403.0000	  1.0791
402.5000	  1.0771
402.0000	  1.0776
401.5000	  1.0782
401.0000	  1.0778
400.5000	  1.0786
400.0000	  1.0797
399.5000	  1.0804
399.0000	  1.0814
398.5000	  1.0814
398.0000	  1.0817
397.5000	  1.0823
397.0000	  1.0822
396.5000	  1.0823
396.0000	  1.0835
395.5000	  1.0841
395.0000	  1.0839
394.5000	  1.0841
394.0000	  1.0843
393.5000	  1.0857
393.0000	  1.0868
392.5000	  1.0884
392.0000	  1.0888
391.5000	  1.0898
391.0000	  1.0905
390.5000	  1.0926
390.0000	  1.0912
389.5000	  1.0904
389.0000	  1.0933
388.5000	  1.0953
388.0000	  1.0976
387.5000	  1.0989
387.0000	  1.0998
386.5000	  1.1006
386.0000	  1.1007
385.5000	  1.1030
385.0000	  1.1064
384.5000	  1.1065
384.0000	  1.1057
383.5000	  1.1081
383.0000	  1.1095
382.5000	  1.1121
382.0000	  1.1085
381.5000	  1.1094
381.0000	  1.1135
380.5000	  1.1137
380.0000	  1.1170
379.5000	  1.1136
379.0000	  1.1155
378.5000	  1.1162
378.0000	  1.1203
377.5000	  1.1186
377.0000	  1.1174
376.5000	  1.1237
376.0000	  1.1204
375.5000	  1.1173
375.0000	  1.1220
374.5000	  1.1226
374.0000	  1.1221
373.5000	  1.1264
373.0000	  1.1266
372.5000	  1.1254
372.0000	  1.1262
371.5000	  1.1273
371.0000	  1.1277
370.5000	  1.1291
370.0000	  1.1289
369.5000	  1.1333
369.0000	  1.1315
368.5000	  1.1317
368.0000	  1.1296
367.5000	  1.1346
367.0000	  1.1336
366.5000	  1.1331
366.0000	  1.1337
365.5000	  1.1354
365.0000	  1.1371
364.5000	  1.1358
364.0000	  1.1341
363.5000	  1.1392
363.0000	  1.1419
362.5000	  1.1380
362.0000	  1.1412
361.5000	  1.1472
361.0000	  1.1415
360.5000	  1.1447
360.0000	  1.1465
359.5000	  1.1436
359.0000	  1.1445
358.5000	  1.1502
358.0000	  1.1503
357.5000	  1.1485
357.0000	  1.1481
356.5000	  1.1537
356.0000	  1.1487
355.5000	  1.1542
355.0000	  1.1513
354.5000	  1.1542
354.0000	  1.1556
353.5000	  1.1594
353.0000	  1.1611
352.5000	  1.1596
352.0000	  1.1594
351.5000	  1.1634
351.0000	  1.1618
350.5000	  1.1614
350.0000	  1.1661
