31/05/2023 13.31.19
31/05/2023 13.38.39

900.0000	 93.5800

900.0000	 93.5800

900.0000	 96.5100



  1.0000
900.0000
  3.0000
340.0000
  1.0000
1101.0000
  5.0000
  6.0000
  1.0000
  1.0000
  0.0000
  0.0000
100.0000
  0.0000
  1.0000
  0.0000
500.0000
900.0000
350.0000
  4.0000
  1.0000
 18.0000
  2.0000
  1.0000
255.0000
  0.9118
  1.0000
 30.0000
  4.0000
500.0000
  0.0000
  0.0000
  4.0000
900.0000
350.0000
  0.0000
100.0000
  0.0000
  1.0000
  0.0000
500.0000
  1.0000
  1.0000
  1.0000
  1.0000
  4.0000
  0.0000
  1.0000
  1.0000
  1.0000
  1.0000
  1.0000
  2.0000
  1.0000
  1.0000
  1.0000
  3.0000
  1.0000
  1.0000
  1.0000
  4.0000
  5.0000
439.733
0.000
900.0000	  0.9818
899.5000	  0.8907
899.0000	  0.9001
898.5000	  0.9303
898.0000	  1.0233
897.5000	  0.9423
897.0000	  0.8800
896.5000	  0.9833
896.0000	  1.0052
895.5000	  0.9774
895.0000	  0.9262
894.5000	  0.9017
894.0000	  0.9275
893.5000	  0.9572
893.0000	  0.8817
892.5000	  0.9324
892.0000	  0.8888
891.5000	  0.9190
891.0000	  0.9243
890.5000	  0.9242
890.0000	  0.9200
889.5000	  0.9516
889.0000	  0.8769
888.5000	  0.9515
888.0000	  0.9586
887.5000	  0.8999
887.0000	  0.9231
886.5000	  0.9159
886.0000	  0.9283
885.5000	  0.9054
885.0000	  0.9310
884.5000	  0.9209
884.0000	  0.9305
883.5000	  0.9266
883.0000	  0.9128
882.5000	  0.9235
882.0000	  0.9262
881.5000	  0.9462
881.0000	  0.9170
880.5000	  0.9161
880.0000	  0.9334
879.5000	  0.9221
879.0000	  0.9253
878.5000	  0.9291
878.0000	  0.9189
877.5000	  0.9199
877.0000	  0.9343
876.5000	  0.9271
876.0000	  0.9169
875.5000	  0.9207
875.0000	  0.9294
874.5000	  0.9262
874.0000	  0.9312
873.5000	  0.9298
873.0000	  0.9303
872.5000	  0.9210
872.0000	  0.9272
871.5000	  0.9235
871.0000	  0.9314
870.5000	  0.9244
870.0000	  0.9291
869.5000	  0.9288
869.0000	  0.9242
868.5000	  0.9235
868.0000	  0.9246
867.5000	  0.9237
867.0000	  0.9260
866.5000	  0.9346
866.0000	  0.9267
865.5000	  0.9348
865.0000	  0.9310
864.5000	  0.9283
864.0000	  0.9329
863.5000	  0.9295
863.0000	  0.9345
862.5000	  0.9283
862.0000	  0.9330
861.5000	  0.9344
861.0000	  0.9358
860.5000	  0.9336
860.0000	  0.9374
859.5000	  0.9305
859.0000	  0.9354
858.5000	  0.9337
858.0000	  0.9363
857.5000	  0.9401
857.0000	  0.9340
856.5000	  0.9373
856.0000	  0.9348
855.5000	  0.9402
855.0000	  0.9340
854.5000	  0.9364
854.0000	  0.9360
853.5000	  0.9376
853.0000	  0.9388
852.5000	  0.9370
852.0000	  0.9366
851.5000	  0.9374
851.0000	  0.9374
850.5000	  0.9357
850.0000	  0.9405
849.5000	  0.9384
849.0000	  0.9369
848.5000	  0.9410
848.0000	  0.9398
847.5000	  0.9411
847.0000	  0.9365
846.5000	  0.9404
846.0000	  0.9409
845.5000	  0.9366
845.0000	  0.9379
844.5000	  0.9387
844.0000	  0.9368
843.5000	  0.9379
843.0000	  0.9386
842.5000	  0.9367
842.0000	  0.9366
841.5000	  0.9382
841.0000	  0.9388
840.5000	  0.9324
840.0000	  0.9383
839.5000	  0.9354
839.0000	  0.9379
838.5000	  0.9393
838.0000	  0.9384
837.5000	  0.9350
837.0000	  0.9348
836.5000	  0.9346
836.0000	  0.9332
835.5000	  0.9353
835.0000	  0.9347
834.5000	  0.9347
834.0000	  0.9333
833.5000	  0.9326
833.0000	  0.9325
832.5000	  0.9342
832.0000	  0.9335
831.5000	  0.9336
831.0000	  0.9330
830.5000	  0.9306
830.0000	  0.9331
829.5000	  0.9320
829.0000	  0.9335
828.5000	  0.9317
828.0000	  0.9311
827.5000	  0.9316
827.0000	  0.9326
826.5000	  0.9320
826.0000	  0.9329
825.5000	  0.9321
825.0000	  0.9320
824.5000	  0.9315
824.0000	  0.9306
823.5000	  0.9299
823.0000	  0.9317
822.5000	  0.9304
822.0000	  0.9299
821.5000	  0.9320
821.0000	  0.9309
820.5000	  0.9318
820.0000	  0.9308
819.5000	  0.9324
819.0000	  0.9301
818.5000	  0.9311
818.0000	  0.9325
817.5000	  0.9320
817.0000	  0.9299
816.5000	  0.9319
816.0000	  0.9305
815.5000	  0.9307
815.0000	  0.9301
814.5000	  0.9316
814.0000	  0.9301
813.5000	  0.9319
813.0000	  0.9301
812.5000	  0.9300
812.0000	  0.9290
811.5000	  0.9313
811.0000	  0.9307
810.5000	  0.9299
810.0000	  0.9318
809.5000	  0.9318
809.0000	  0.9314
808.5000	  0.9316
808.0000	  0.9323
807.5000	  0.9315
807.0000	  0.9305
806.5000	  0.9316
806.0000	  0.9303
805.5000	  0.9301
805.0000	  0.9321
804.5000	  0.9312
804.0000	  0.9323
803.5000	  0.9305
803.0000	  0.9315
802.5000	  0.9316
802.0000	  0.9324
801.5000	  0.9317
801.0000	  0.9309
800.5000	  0.9313
800.0000	  0.9314
799.5000	  0.9316
799.0000	  0.9329
798.5000	  0.9326
798.0000	  0.9317
797.5000	  0.9317
797.0000	  0.9328
796.5000	  0.9324
796.0000	  0.9327
795.5000	  0.9334
795.0000	  0.9315
794.5000	  0.9328
794.0000	  0.9334
793.5000	  0.9349
793.0000	  0.9329
792.5000	  0.9346
792.0000	  0.9347
791.5000	  0.9330
791.0000	  0.9345
790.5000	  0.9324
790.0000	  0.9328
789.5000	  0.9334
789.0000	  0.9353
788.5000	  0.9342
788.0000	  0.9335
787.5000	  0.9324
787.0000	  0.9333
786.5000	  0.9326
786.0000	  0.9337
785.5000	  0.9341
785.0000	  0.9340
784.5000	  0.9349
784.0000	  0.9354
783.5000	  0.9352
783.0000	  0.9348
782.5000	  0.9348
782.0000	  0.9338
781.5000	  0.9344
781.0000	  0.9340
780.5000	  0.9363
780.0000	  0.9351
779.5000	  0.9350
779.0000	  0.9361
778.5000	  0.9373
778.0000	  0.9354
777.5000	  0.9350
777.0000	  0.9367
776.5000	  0.9356
776.0000	  0.9347
775.5000	  0.9358
775.0000	  0.9356
774.5000	  0.9369
774.0000	  0.9354
773.5000	  0.9346
773.0000	  0.9352
772.5000	  0.9368
772.0000	  0.9370
771.5000	  0.9354
771.0000	  0.9358
770.5000	  0.9367
770.0000	  0.9358
769.5000	  0.9367
769.0000	  0.9361
768.5000	  0.9371
768.0000	  0.9370
767.5000	  0.9380
767.0000	  0.9364
766.5000	  0.9357
766.0000	  0.9370
765.5000	  0.9378
765.0000	  0.9364
764.5000	  0.9359
764.0000	  0.9375
763.5000	  0.9369
763.0000	  0.9384
762.5000	  0.9369
762.0000	  0.9380
761.5000	  0.9378
761.0000	  0.9379
760.5000	  0.9387
760.0000	  0.9378
759.5000	  0.9369
759.0000	  0.9376
758.5000	  0.9389
758.0000	  0.9392
757.5000	  0.9388
757.0000	  0.9401
756.5000	  0.9382
756.0000	  0.9379
755.5000	  0.9382
755.0000	  0.9388
754.5000	  0.9392
754.0000	  0.9389
753.5000	  0.9380
753.0000	  0.9385
752.5000	  0.9390
752.0000	  0.9385
751.5000	  0.9384
751.0000	  0.9411
750.5000	  0.9395
750.0000	  0.9392
749.5000	  0.9381
749.0000	  0.9403
748.5000	  0.9395
748.0000	  0.9398
747.5000	  0.9398
747.0000	  0.9405
746.5000	  0.9409
746.0000	  0.9417
745.5000	  0.9402
745.0000	  0.9402
744.5000	  0.9424
744.0000	  0.9410
743.5000	  0.9401
743.0000	  0.9416
742.5000	  0.9420
742.0000	  0.9407
741.5000	  0.9429
741.0000	  0.9419
740.5000	  0.9433
740.0000	  0.9432
739.5000	  0.9429
739.0000	  0.9425
738.5000	  0.9438
738.0000	  0.9449
737.5000	  0.9439
737.0000	  0.9439
736.5000	  0.9447
736.0000	  0.9453
735.5000	  0.9456
735.0000	  0.9460
734.5000	  0.9459
734.0000	  0.9459
733.5000	  0.9465
733.0000	  0.9479
732.5000	  0.9473
732.0000	  0.9472
731.5000	  0.9492
731.0000	  0.9503
730.5000	  0.9502
730.0000	  0.9505
729.5000	  0.9522
729.0000	  0.9518
728.5000	  0.9540
728.0000	  0.9533
727.5000	  0.9548
727.0000	  0.9572
726.5000	  0.9574
726.0000	  0.9583
725.5000	  0.9605
725.0000	  0.9618
724.5000	  0.9626
724.0000	  0.9643
723.5000	  0.9670
723.0000	  0.9697
722.5000	  0.9734
722.0000	  0.9750
721.5000	  0.9766
721.0000	  0.9795
720.5000	  0.9818
720.0000	  0.9853
719.5000	  0.9885
719.0000	  0.9898
718.5000	  0.9922
718.0000	  0.9956
717.5000	  0.9933
717.0000	  0.9944
716.5000	  0.9954
716.0000	  0.9928
715.5000	  0.9905
715.0000	  0.9878
714.5000	  0.9831
714.0000	  0.9818
713.5000	  0.9778
713.0000	  0.9754
712.5000	  0.9711
712.0000	  0.9704
711.5000	  0.9661
711.0000	  0.9636
710.5000	  0.9619
710.0000	  0.9579
709.5000	  0.9561
709.0000	  0.9539
708.5000	  0.9513
708.0000	  0.9509
707.5000	  0.9510
707.0000	  0.9506
706.5000	  0.9485
706.0000	  0.9482
705.5000	  0.9500
705.0000	  0.9479
704.5000	  0.9491
704.0000	  0.9491
703.5000	  0.9492
703.0000	  0.9496
702.5000	  0.9500
702.0000	  0.9476
701.5000	  0.9493
701.0000	  0.9500
700.5000	  0.9495
700.0000	  0.9482
699.5000	  0.9495
699.0000	  0.9498
698.5000	  0.9484
698.0000	  0.9487
697.5000	  0.9487
697.0000	  0.9492
696.5000	  0.9499
696.0000	  0.9505
695.5000	  0.9481
695.0000	  0.9471
694.5000	  0.9489
694.0000	  0.9488
693.5000	  0.9497
693.0000	  0.9485
692.5000	  0.9494
692.0000	  0.9488
691.5000	  0.9495
691.0000	  0.9487
690.5000	  0.9478
690.0000	  0.9493
689.5000	  0.9488
689.0000	  0.9483
688.5000	  0.9472
688.0000	  0.9495
687.5000	  0.9482
687.0000	  0.9484
686.5000	  0.9477
686.0000	  0.9486
685.5000	  0.9492
685.0000	  0.9475
684.5000	  0.9482
684.0000	  0.9470
683.5000	  0.9485
683.0000	  0.9479
682.5000	  0.9478
682.0000	  0.9476
681.5000	  0.9474
681.0000	  0.9482
680.5000	  0.9470
680.0000	  0.9478
679.5000	  0.9479
679.0000	  0.9488
678.5000	  0.9485
678.0000	  0.9477
677.5000	  0.9481
677.0000	  0.9475
676.5000	  0.9482
676.0000	  0.9474
675.5000	  0.9487
675.0000	  0.9487
674.5000	  0.9479
674.0000	  0.9479
673.5000	  0.9475
673.0000	  0.9482
672.5000	  0.9489
672.0000	  0.9482
671.5000	  0.9477
671.0000	  0.9483
670.5000	  0.9487
670.0000	  0.9481
669.5000	  0.9478
669.0000	  0.9476
668.5000	  0.9480
668.0000	  0.9475
667.5000	  0.9479
667.0000	  0.9472
666.5000	  0.9477
666.0000	  0.9477
665.5000	  0.9488
665.0000	  0.9475
664.5000	  0.9468
664.0000	  0.9481
663.5000	  0.9478
663.0000	  0.9468
662.5000	  0.9472
662.0000	  0.9483
661.5000	  0.9471
661.0000	  0.9476
660.5000	  0.9467
660.0000	  0.9484
659.5000	  0.9476
659.0000	  0.9471
658.5000	  0.9471
658.0000	  0.9475
657.5000	  0.9469
657.0000	  0.9468
656.5000	  0.9469
656.0000	  0.9461
655.5000	  0.9466
655.0000	  0.9467
654.5000	  0.9457
654.0000	  0.9457
653.5000	  0.9471
653.0000	  0.9462
652.5000	  0.9462
652.0000	  0.9454
651.5000	  0.9463
651.0000	  0.9466
650.5000	  0.9450
650.0000	  0.9450
649.5000	  0.9445
649.0000	  0.9457
648.5000	  0.9461
648.0000	  0.9440
647.5000	  0.9443
647.0000	  0.9456
646.5000	  0.9449
646.0000	  0.9445
645.5000	  0.9431
645.0000	  0.9447
644.5000	  0.9442
644.0000	  0.9447
643.5000	  0.9434
643.0000	  0.9423
642.5000	  0.9428
642.0000	  0.9432
641.5000	  0.9418
641.0000	  0.9423
640.5000	  0.9419
640.0000	  0.9418
639.5000	  0.9410
639.0000	  0.9410
638.5000	  0.9401
638.0000	  0.9404
637.5000	  0.9412
637.0000	  0.9401
636.5000	  0.9395
636.0000	  0.9396
635.5000	  0.9386
635.0000	  0.9387
634.5000	  0.9385
634.0000	  0.9382
633.5000	  0.9379
633.0000	  0.9383
632.5000	  0.9381
632.0000	  0.9376
631.5000	  0.9392
631.0000	  0.9386
630.5000	  0.9387
630.0000	  0.9389
629.5000	  0.9411
629.0000	  0.9405
628.5000	  0.9431
628.0000	  0.9433
627.5000	  0.9444
627.0000	  0.9474
626.5000	  0.9480
626.0000	  0.9494
625.5000	  0.9513
625.0000	  0.9535
624.5000	  0.9559
624.0000	  0.9568
623.5000	  0.9573
623.0000	  0.9604
622.5000	  0.9609
622.0000	  0.9625
621.5000	  0.9640
621.0000	  0.9644
620.5000	  0.9658
620.0000	  0.9677
619.5000	  0.9667
619.0000	  0.9680
618.5000	  0.9693
618.0000	  0.9697
617.5000	  0.9688
617.0000	  0.9695
616.5000	  0.9691
616.0000	  0.9669
615.5000	  0.9674
615.0000	  0.9673
614.5000	  0.9678
614.0000	  0.9671
613.5000	  0.9673
613.0000	  0.9664
612.5000	  0.9667
612.0000	  0.9675
611.5000	  0.9677
611.0000	  0.9666
610.5000	  0.9669
610.0000	  0.9670
609.5000	  0.9675
609.0000	  0.9663
608.5000	  0.9668
608.0000	  0.9686
607.5000	  0.9668
607.0000	  0.9671
606.5000	  0.9681
606.0000	  0.9678
605.5000	  0.9687
605.0000	  0.9690
604.5000	  0.9678
604.0000	  0.9686
603.5000	  0.9692
603.0000	  0.9684
602.5000	  0.9697
602.0000	  0.9678
601.5000	  0.9698
601.0000	  0.9698
600.5000	  0.9693
600.0000	  0.9688
599.5000	  0.9692
599.0000	  0.9703
598.5000	  0.9702
598.0000	  0.9703
597.5000	  0.9693
597.0000	  0.9705
596.5000	  0.9712
596.0000	  0.9714
595.5000	  0.9704
595.0000	  0.9721
594.5000	  0.9708
594.0000	  0.9707
593.5000	  0.9715
593.0000	  0.9724
592.5000	  0.9717
592.0000	  0.9711
591.5000	  0.9716
591.0000	  0.9722
590.5000	  0.9733
590.0000	  0.9742
589.5000	  0.9725
589.0000	  0.9715
588.5000	  0.9738
588.0000	  0.9733
587.5000	  0.9721
587.0000	  0.9739
586.5000	  0.9738
586.0000	  0.9743
585.5000	  0.9745
585.0000	  0.9732
584.5000	  0.9742
584.0000	  0.9754
583.5000	  0.9750
583.0000	  0.9749
582.5000	  0.9745
582.0000	  0.9764
581.5000	  0.9753
581.0000	  0.9752
580.5000	  0.9762
580.0000	  0.9754
579.5000	  0.9759
579.0000	  0.9767
578.5000	  0.9762
578.0000	  0.9765
577.5000	  0.9768
577.0000	  0.9779
576.5000	  0.9772
576.0000	  0.9759
575.5000	  0.9769
575.0000	  0.9782
574.5000	  0.9780
574.0000	  0.9769
573.5000	  0.9772
573.0000	  0.9777
572.5000	  0.9784
572.0000	  0.9787
571.5000	  0.9783
571.0000	  0.9788
570.5000	  0.9784
570.0000	  0.9787
569.5000	  0.9779
569.0000	  0.9798
568.5000	  0.9800
568.0000	  0.9798
567.5000	  0.9797
567.0000	  0.9798
566.5000	  0.9802
566.0000	  0.9805
565.5000	  0.9798
565.0000	  0.9804
564.5000	  0.9807
564.0000	  0.9820
563.5000	  0.9809
563.0000	  0.9810
562.5000	  0.9818
562.0000	  0.9824
561.5000	  0.9816
561.0000	  0.9814
560.5000	  0.9820
560.0000	  0.9823
559.5000	  0.9830
559.0000	  0.9832
558.5000	  0.9832
558.0000	  0.9841
557.5000	  0.9837
557.0000	  0.9839
556.5000	  0.9840
556.0000	  0.9844
555.5000	  0.9844
555.0000	  0.9851
554.5000	  0.9850
554.0000	  0.9872
553.5000	  0.9854
553.0000	  0.9858
552.5000	  0.9863
552.0000	  0.9857
551.5000	  0.9859
551.0000	  0.9867
550.5000	  0.9865
550.0000	  0.9855
549.5000	  0.9874
549.0000	  0.9867
548.5000	  0.9866
548.0000	  0.9863
547.5000	  0.9873
547.0000	  0.9887
546.5000	  0.9876
546.0000	  0.9877
545.5000	  0.9867
545.0000	  0.9889
544.5000	  0.9884
544.0000	  0.9885
543.5000	  0.9882
543.0000	  0.9895
542.5000	  0.9886
542.0000	  0.9894
541.5000	  0.9894
541.0000	  0.9897
540.5000	  0.9885
540.0000	  0.9896
539.5000	  0.9888
539.0000	  0.9891
538.5000	  0.9892
538.0000	  0.9910
537.5000	  0.9898
537.0000	  0.9900
536.5000	  0.9916
536.0000	  0.9902
535.5000	  0.9903
535.0000	  0.9909
534.5000	  0.9912
534.0000	  0.9911
533.5000	  0.9920
533.0000	  0.9913
532.5000	  0.9901
532.0000	  0.9919
531.5000	  0.9918
531.0000	  0.9919
530.5000	  0.9918
530.0000	  0.9917
529.5000	  0.9914
529.0000	  0.9925
528.5000	  0.9922
528.0000	  0.9917
527.5000	  0.9918
527.0000	  0.9933
526.5000	  0.9923
526.0000	  0.9920
525.5000	  0.9946
525.0000	  0.9941
524.5000	  0.9931
524.0000	  0.9933
523.5000	  0.9942
523.0000	  0.9933
522.5000	  0.9940
522.0000	  0.9940
521.5000	  0.9933
521.0000	  0.9940
520.5000	  0.9941
520.0000	  0.9932
519.5000	  0.9931
519.0000	  0.9938
518.5000	  0.9942
518.0000	  0.9938
517.5000	  0.9941
517.0000	  0.9947
516.5000	  0.9941
516.0000	  0.9941
515.5000	  0.9941
515.0000	  0.9939
514.5000	  0.9938
514.0000	  0.9947
513.5000	  0.9922
513.0000	  0.9939
512.5000	  0.9943
512.0000	  0.9952
511.5000	  0.9944
511.0000	  0.9942
510.5000	  0.9957
510.0000	  0.9950
509.5000	  0.9953
509.0000	  0.9963
508.5000	  0.9969
508.0000	  0.9973
507.5000	  0.9984
507.0000	  0.9989
506.5000	  0.9989
506.0000	  1.0009
505.5000	  1.0016
505.0000	  1.0021
504.5000	  1.0024
504.0000	  1.0054
503.5000	  1.0050
503.0000	  1.0074
502.5000	  1.0073
502.0000	  1.0101
501.5000	  1.0105
501.0000	  1.0133
500.5000	  1.0135
500.0000	  1.0139
499.5000	  1.0166
499.0000	  1.0170
498.5000	  1.0177
498.0000	  1.0187
497.5000	  1.0205
497.0000	  1.0211
496.5000	  1.0230
496.0000	  1.0225
495.5000	  1.0234
495.0000	  1.0244
494.5000	  1.0252
494.0000	  1.0263
493.5000	  1.0245
493.0000	  1.0276
492.5000	  1.0283
492.0000	  1.0274
491.5000	  1.0285
491.0000	  1.0290
490.5000	  1.0298
490.0000	  1.0302
489.5000	  1.0302
489.0000	  1.0315
488.5000	  1.0305
488.0000	  1.0309
487.5000	  1.0312
487.0000	  1.0300
486.5000	  1.0329
486.0000	  1.0316
485.5000	  1.0309
485.0000	  1.0318
484.5000	  1.0336
484.0000	  1.0328
483.5000	  1.0342
483.0000	  1.0344
482.5000	  1.0339
482.0000	  1.0347
481.5000	  1.0362
481.0000	  1.0361
480.5000	  1.0359
480.0000	  1.0367
479.5000	  1.0391
479.0000	  1.0384
478.5000	  1.0387
478.0000	  1.0412
477.5000	  1.0397
477.0000	  1.0421
476.5000	  1.0428
476.0000	  1.0426
475.5000	  1.0448
475.0000	  1.0449
474.5000	  1.0441
474.0000	  1.0452
473.5000	  1.0474
473.0000	  1.0494
472.5000	  1.0493
472.0000	  1.0492
471.5000	  1.0520
471.0000	  1.0520
470.5000	  1.0523
470.0000	  1.0542
469.5000	  1.0570
469.0000	  1.0575
468.5000	  1.0602
468.0000	  1.0586
467.5000	  1.0613
467.0000	  1.0638
466.5000	  1.0649
466.0000	  1.0655
465.5000	  1.0669
465.0000	  1.0681
464.5000	  1.0693
464.0000	  1.0715
463.5000	  1.0719
463.0000	  1.0756
462.5000	  1.0779
462.0000	  1.0785
461.5000	  1.0789
461.0000	  1.0803
460.5000	  1.0817
460.0000	  1.0845
459.5000	  1.0854
459.0000	  1.0861
458.5000	  1.0881
458.0000	  1.0897
457.5000	  1.0890
457.0000	  1.0896
456.5000	  1.0901
456.0000	  1.0917
455.5000	  1.0915
455.0000	  1.0930
454.5000	  1.0927
454.0000	  1.0926
453.5000	  1.0905
453.0000	  1.0912
452.5000	  1.0905
452.0000	  1.0892
451.5000	  1.0876
451.0000	  1.0863
450.5000	  1.0864
450.0000	  1.0842
449.5000	  1.0835
449.0000	  1.0804
448.5000	  1.0796
448.0000	  1.0798
447.5000	  1.0765
447.0000	  1.0752
446.5000	  1.0755
446.0000	  1.0756
445.5000	  1.0716
445.0000	  1.0697
444.5000	  1.0715
444.0000	  1.0704
443.5000	  1.0679
443.0000	  1.0689
442.5000	  1.0677
442.0000	  1.0668
441.5000	  1.0662
441.0000	  1.0668
440.5000	  1.0664
440.0000	  1.0647
439.5000	  1.0653
439.0000	  1.0646
438.5000	  1.0645
438.0000	  1.0631
437.5000	  1.0651
437.0000	  1.0638
436.5000	  1.0627
436.0000	  1.0629
435.5000	  1.0635
435.0000	  1.0622
434.5000	  1.0648
434.0000	  1.0634
433.5000	  1.0620
433.0000	  1.0643
432.5000	  1.0647
432.0000	  1.0634
431.5000	  1.0634
431.0000	  1.0650
430.5000	  1.0636
430.0000	  1.0645
429.5000	  1.0646
429.0000	  1.0655
428.5000	  1.0664
428.0000	  1.0644
427.5000	  1.0671
427.0000	  1.0655
426.5000	  1.0683
426.0000	  1.0678
425.5000	  1.0680
425.0000	  1.0657
424.5000	  1.0698
424.0000	  1.0688
423.5000	  1.0699
423.0000	  1.0689
422.5000	  1.0703
422.0000	  1.0722
421.5000	  1.0731
421.0000	  1.0728
420.5000	  1.0738
420.0000	  1.0756
419.5000	  1.0747
419.0000	  1.0758
418.5000	  1.0757
418.0000	  1.0752
417.5000	  1.0762
417.0000	  1.0779
416.5000	  1.0765
416.0000	  1.0782
415.5000	  1.0787
415.0000	  1.0797
414.5000	  1.0778
414.0000	  1.0795
413.5000	  1.0790
413.0000	  1.0814
412.5000	  1.0819
412.0000	  1.0810
411.5000	  1.0834
411.0000	  1.0837
410.5000	  1.0830
410.0000	  1.0832
409.5000	  1.0829
409.0000	  1.0854
408.5000	  1.0869
408.0000	  1.0841
407.5000	  1.0850
407.0000	  1.0863
406.5000	  1.0875
406.0000	  1.0860
405.5000	  1.0871
405.0000	  1.0884
404.5000	  1.0878
404.0000	  1.0871
403.5000	  1.0884
403.0000	  1.0889
402.5000	  1.0929
402.0000	  1.0910
401.5000	  1.0919
401.0000	  1.0920
400.5000	  1.0936
400.0000	  1.0940
399.5000	  1.0950
399.0000	  1.0924
398.5000	  1.0936
398.0000	  1.0942
397.5000	  1.0949
397.0000	  1.0935
396.5000	  1.0971
396.0000	  1.0974
395.5000	  1.0986
395.0000	  1.0983
394.5000	  1.0974
394.0000	  1.0983
393.5000	  1.0994
393.0000	  1.1007
392.5000	  1.1005
392.0000	  1.0991
391.5000	  1.1047
391.0000	  1.1047
390.5000	  1.1021
390.0000	  1.1035
389.5000	  1.1081
389.0000	  1.1088
388.5000	  1.1090
388.0000	  1.1083
387.5000	  1.1132
387.0000	  1.1117
386.5000	  1.1134
386.0000	  1.1158
385.5000	  1.1165
385.0000	  1.1176
384.5000	  1.1187
384.0000	  1.1178
383.5000	  1.1199
383.0000	  1.1198
382.5000	  1.1196
382.0000	  1.1247
381.5000	  1.1224
381.0000	  1.1233
380.5000	  1.1274
380.0000	  1.1252
379.5000	  1.1276
379.0000	  1.1277
378.5000	  1.1319
378.0000	  1.1286
377.5000	  1.1320
377.0000	  1.1296
376.5000	  1.1322
376.0000	  1.1353
375.5000	  1.1360
375.0000	  1.1328
374.5000	  1.1339
374.0000	  1.1376
373.5000	  1.1371
373.0000	  1.1369
372.5000	  1.1386
372.0000	  1.1389
371.5000	  1.1400
371.0000	  1.1390
370.5000	  1.1412
370.0000	  1.1429
369.5000	  1.1391
369.0000	  1.1440
368.5000	  1.1433
368.0000	  1.1456
367.5000	  1.1421
367.0000	  1.1444
366.5000	  1.1483
366.0000	  1.1476
365.5000	  1.1485
365.0000	  1.1519
364.5000	  1.1470
364.0000	  1.1535
363.5000	  1.1526
363.0000	  1.1487
362.5000	  1.1534
362.0000	  1.1489
361.5000	  1.1570
361.0000	  1.1583
360.5000	  1.1565
360.0000	  1.1577
359.5000	  1.1539
359.0000	  1.1587
358.5000	  1.1604
358.0000	  1.1597
357.5000	  1.1610
357.0000	  1.1614
356.5000	  1.1654
356.0000	  1.1640
355.5000	  1.1609
355.0000	  1.1681
354.5000	  1.1648
354.0000	  1.1664
353.5000	  1.1680
353.0000	  1.1660
352.5000	  1.1712
352.0000	  1.1686
351.5000	  1.1688
351.0000	  1.1718
350.5000	  1.1776
350.0000	  1.1720
