31/05/2023 13.19.32
31/05/2023 13.26.53

900.0000	201.6500

900.0000	201.6500

900.0000	-87.2900



  1.0000
900.0000
  3.0000
340.0000
  1.0000
1101.0000
  5.0000
  6.0000
  1.0000
  1.0000
  0.0000
  0.0000
100.0000
  0.0000
  1.0000
  0.0000
500.0000
900.0000
350.0000
  4.0000
  1.0000
 18.0000
  2.0000
  1.0000
255.0000
  0.9118
  1.0000
 30.0000
  4.0000
500.0000
  0.0000
  0.0000
  4.0000
900.0000
350.0000
  0.0000
100.0000
  0.0000
  1.0000
  0.0000
500.0000
  1.0000
  1.0000
  1.0000
  1.0000
  4.0000
  0.0000
  1.0000
  1.0000
  1.0000
  1.0000
  1.0000
  2.0000
  1.0000
  1.0000
  1.0000
  3.0000
  1.0000
  1.0000
  1.0000
  4.0000
  5.0000
440.427
0.000
900.0000	 -1.4048
899.5000	  1.1275
899.0000	 -5.8826
898.5000	 -1.5443
898.0000	  1.6172
897.5000	  0.8225
897.0000	 -3.3948
896.5000	 -0.5247
896.0000	  1.3317
895.5000	 -0.4489
895.0000	  0.2686
894.5000	 -1.5922
894.0000	 -2.5030
893.5000	  0.9933
893.0000	  1.8050
892.5000	 -3.6977
892.0000	-27.7839
891.5000	  1.0967
891.0000	-18.6445
890.5000	 -7.5676
890.0000	 -1.2724
889.5000	  1.6689
889.0000	  0.1028
888.5000	 -0.1398
888.0000	 -0.5132
887.5000	  8.0426
887.0000	  0.4417
886.5000	  1.2852
886.0000	 -6.8156
885.5000	 -4.2774
885.0000	  1.1770
884.5000	  1.8864
884.0000	-16.7253
883.5000	 -1.6775
883.0000	  1.5441
882.5000	  0.8858
882.0000	 -0.8860
881.5000	 -1.0969
881.0000	 -1.7777
880.5000	 -0.1099
880.0000	  0.7364
879.5000	 -2.2233
879.0000	-63.4123
878.5000	  1.2858
878.0000	  2.0322
877.5000	  9.8705
877.0000	 -1.2158
876.5000	  1.3090
876.0000	  0.4113
875.5000	 -1.7584
875.0000	 -3.2904
874.5000	 -2.9833
874.0000	  0.4570
873.5000	  0.9651
873.0000	 -5.8677
872.5000	 39.2841
872.0000	  3.5893
871.5000	  2.0203
871.0000	-27.2617
870.5000	 -6.9461
870.0000	  1.8888
869.5000	  5.4836
869.0000	 -1.0839
868.5000	  6.4960
868.0000	  2.1276
867.5000	  4.7244
867.0000	 -1.0969
866.5000	  5.6011
866.0000	  7.0190
865.5000	 -3.2904
865.0000	 -0.2917
864.5000	  4.5011
864.0000	  6.2148
863.5000	  0.2970
863.0000	  1.4864
862.5000	  3.0465
862.0000	  2.7053
861.5000	  3.0304
861.0000	  2.8027
860.5000	  0.7312
860.0000	  2.7667
859.5000	  6.5293
859.0000	  0.2800
858.5000	  0.9847
858.0000	  3.9216
857.5000	  2.3110
857.0000	  1.3060
856.5000	  1.3076
856.0000	  1.0967
855.5000	  2.0216
855.0000	  1.9958
854.5000	  1.2562
854.0000	  0.8906
853.5000	  1.9706
853.0000	  2.1858
852.5000	  0.8903
852.0000	  1.3912
851.5000	  1.9362
851.0000	  1.3836
850.5000	  1.4200
850.0000	  1.2191
849.5000	  1.0642
849.0000	  1.7111
848.5000	  1.6764
848.0000	  1.0852
847.5000	  0.8072
847.0000	  1.5740
846.5000	  1.5076
846.0000	  0.9773
845.5000	  1.1912
845.0000	  1.2885
844.5000	  1.4066
844.0000	  1.2491
843.5000	  1.2661
843.0000	  1.0596
842.5000	  1.3720
842.0000	  1.3458
841.5000	  1.0620
841.0000	  0.9962
840.5000	  1.4327
840.0000	  1.2870
839.5000	  1.0221
839.0000	  1.1435
838.5000	  1.1725
838.0000	  1.2010
837.5000	  1.3167
837.0000	  1.1031
836.5000	  1.1556
836.0000	  1.2928
835.5000	  1.2696
835.0000	  1.0454
834.5000	  1.0803
834.0000	  1.2899
833.5000	  1.2109
833.0000	  1.0877
832.5000	  1.1989
832.0000	  1.1913
831.5000	  1.2059
831.0000	  1.2654
830.5000	  1.1055
830.0000	  1.0598
829.5000	  1.2574
829.0000	  1.2773
828.5000	  1.0321
828.0000	  1.1345
827.5000	  1.2645
827.0000	  1.1915
826.5000	  1.1861
826.0000	  1.1792
825.5000	  1.0912
825.0000	  1.2515
824.5000	  1.2168
824.0000	  1.0924
823.5000	  1.0815
823.0000	  1.2909
822.5000	  1.1623
822.0000	  1.0891
821.5000	  1.1345
821.0000	  1.1542
820.5000	  1.2033
820.0000	  1.2054
819.5000	  1.1149
819.0000	  1.0352
818.5000	  1.2635
818.0000	  1.2261
817.5000	  1.0957
817.0000	  1.1106
816.5000	  1.1960
816.0000	  1.1874
815.5000	  1.1977
815.0000	  1.1250
814.5000	  1.0901
814.0000	  1.2340
813.5000	  1.2549
813.0000	  1.0471
812.5000	  1.0967
812.0000	  1.2946
811.5000	  1.1768
811.0000	  1.1052
810.5000	  1.1405
810.0000	  1.1465
809.5000	  1.2302
809.0000	  1.2222
808.5000	  1.0959
808.0000	  1.0594
807.5000	  1.2183
807.0000	  1.2166
806.5000	  1.0642
806.0000	  1.1406
805.5000	  1.1861
805.0000	  1.1961
804.5000	  1.1767
804.0000	  1.1250
803.5000	  1.1259
803.0000	  1.2013
802.5000	  1.2097
802.0000	  1.1026
801.5000	  1.0896
801.0000	  1.2823
800.5000	  1.1763
800.0000	  1.0794
799.5000	  1.1613
799.0000	  1.1681
798.5000	  1.1738
798.0000	  1.2093
797.5000	  1.1193
797.0000	  1.0589
796.5000	  1.2026
796.0000	  1.2837
795.5000	  1.0898
795.0000	  1.0908
794.5000	  1.2465
794.0000	  1.1698
793.5000	  1.1070
793.0000	  1.1348
792.5000	  1.1510
792.0000	  1.1585
791.5000	  1.1887
791.0000	  1.1330
790.5000	  1.0776
790.0000	  1.2143
789.5000	  1.2486
789.0000	  1.0879
788.5000	  1.1037
788.0000	  1.2427
787.5000	  1.1706
787.0000	  1.1376
786.5000	  1.1569
786.0000	  1.1141
785.5000	  1.1741
785.0000	  1.1825
784.5000	  1.1197
784.0000	  1.0636
783.5000	  1.2243
783.0000	  1.1889
782.5000	  1.0907
782.0000	  1.1302
781.5000	  1.2310
781.0000	  1.1830
780.5000	  1.1797
780.0000	  1.1509
779.5000	  1.1060
779.0000	  1.1807
778.5000	  1.2435
778.0000	  1.1205
777.5000	  1.0614
777.0000	  1.2352
776.5000	  1.1954
776.0000	  1.0728
775.5000	  1.1334
775.0000	  1.1961
774.5000	  1.1690
774.0000	  1.1674
773.5000	  1.1429
773.0000	  1.1219
772.5000	  1.2129
772.0000	  1.1911
771.5000	  1.1055
771.0000	  1.1089
770.5000	  1.2277
770.0000	  1.1608
769.5000	  1.1008
769.0000	  1.1680
768.5000	  1.1519
768.0000	  1.1885
767.5000	  1.1710
767.0000	  1.1227
766.5000	  1.0938
766.0000	  1.1983
765.5000	  1.2058
765.0000	  1.0991
764.5000	  1.1243
764.0000	  1.2209
763.5000	  1.1911
763.0000	  1.1749
762.5000	  1.1422
762.0000	  1.1151
761.5000	  1.1890
761.0000	  1.2276
760.5000	  1.1213
760.0000	  1.0792
759.5000	  1.2225
759.0000	  1.1648
758.5000	  1.1089
758.0000	  1.1326
757.5000	  1.1694
757.0000	  1.1550
756.5000	  1.2004
756.0000	  1.1276
755.5000	  1.1005
755.0000	  1.2000
754.5000	  1.2115
754.0000	  1.1220
753.5000	  1.1109
753.0000	  1.2197
752.5000	  1.1621
752.0000	  1.1183
751.5000	  1.1445
751.0000	  1.1428
750.5000	  1.1801
750.0000	  1.1920
749.5000	  1.1366
749.0000	  1.1091
748.5000	  1.2177
748.0000	  1.2180
747.5000	  1.1281
747.0000	  1.1217
746.5000	  1.2046
746.0000	  1.1580
745.5000	  1.1222
745.0000	  1.1274
744.5000	  1.1551
744.0000	  1.1848
743.5000	  1.1949
743.0000	  1.1419
742.5000	  1.1089
742.0000	  1.2046
741.5000	  1.1965
741.0000	  1.1193
740.5000	  1.1099
740.0000	  1.2123
739.5000	  1.1762
739.0000	  1.1103
738.5000	  1.1484
738.0000	  1.1683
737.5000	  1.1724
737.0000	  1.2002
736.5000	  1.1517
736.0000	  1.1402
735.5000	  1.1874
735.0000	  1.1990
734.5000	  1.1364
734.0000	  1.0899
733.5000	  1.2383
733.0000	  1.1826
732.5000	  1.1174
732.0000	  1.1569
731.5000	  1.2191
731.0000	  1.1741
730.5000	  1.1735
730.0000	  1.1556
729.5000	  1.1345
729.0000	  1.2062
728.5000	  1.2417
728.0000	  1.1329
727.5000	  1.1317
727.0000	  1.2272
726.5000	  1.2379
726.0000	  1.1305
725.5000	  1.1505
725.0000	  1.2475
724.5000	  1.2142
724.0000	  1.1772
723.5000	  1.1909
723.0000	  1.1983
722.5000	  1.2115
722.0000	  1.2474
721.5000	  1.1720
721.0000	  1.0883
720.5000	  1.3061
720.0000	  1.3151
719.5000	  1.1467
719.0000	  1.1751
718.5000	  1.3424
718.0000	  1.2640
717.5000	  1.1739
717.0000	  1.2469
716.5000	  1.2909
716.0000	  1.2761
715.5000	  1.2502
715.0000	  1.2273
714.5000	  1.1842
714.0000	  1.2499
713.5000	  1.2918
713.0000	  1.2068
712.5000	  1.1513
712.0000	  1.2636
711.5000	  1.2824
711.0000	  1.1386
710.5000	  1.1574
710.0000	  1.2586
709.5000	  1.2046
709.0000	  1.1244
708.5000	  1.1618
708.0000	  1.1717
707.5000	  1.1787
707.0000	  1.1756
706.5000	  1.1532
706.0000	  1.1317
705.5000	  1.1954
705.0000	  1.2125
704.5000	  1.1439
704.0000	  1.1326
703.5000	  1.2205
703.0000	  1.2320
702.5000	  1.1367
702.0000	  1.1403
701.5000	  1.2083
701.0000	  1.1841
700.5000	  1.1328
700.0000	  1.1508
699.5000	  1.1771
699.0000	  1.1821
698.5000	  1.1754
698.0000	  1.1578
697.5000	  1.1415
697.0000	  1.2057
696.5000	  1.2054
696.0000	  1.1373
695.5000	  1.1125
695.0000	  1.2078
694.5000	  1.1927
694.0000	  1.1366
693.5000	  1.1603
693.0000	  1.2101
692.5000	  1.1737
692.0000	  1.1840
691.5000	  1.1617
691.0000	  1.1351
690.5000	  1.1880
690.0000	  1.1968
689.5000	  1.1393
689.0000	  1.1415
688.5000	  1.1993
688.0000	  1.2141
687.5000	  1.1261
687.0000	  1.1397
686.5000	  1.2043
686.0000	  1.1693
685.5000	  1.1487
685.0000	  1.1635
684.5000	  1.1713
684.0000	  1.1791
683.5000	  1.1872
683.0000	  1.1640
682.5000	  1.1430
682.0000	  1.1843
681.5000	  1.1988
681.0000	  1.1401
680.5000	  1.1233
680.0000	  1.2088
679.5000	  1.1870
679.0000	  1.1330
678.5000	  1.1577
678.0000	  1.1950
677.5000	  1.1724
677.0000	  1.1705
676.5000	  1.1578
676.0000	  1.1470
675.5000	  1.1890
675.0000	  1.1989
674.5000	  1.1520
674.0000	  1.1487
673.5000	  1.1918
673.0000	  1.2201
672.5000	  1.1521
672.0000	  1.1536
671.5000	  1.1898
671.0000	  1.1823
670.5000	  1.1585
670.0000	  1.1591
669.5000	  1.1693
669.0000	  1.1713
668.5000	  1.1838
668.0000	  1.1488
667.5000	  1.1396
667.0000	  1.1943
666.5000	  1.2078
666.0000	  1.1367
665.5000	  1.1473
665.0000	  1.1966
664.5000	  1.1760
664.0000	  1.1591
663.5000	  1.1591
663.0000	  1.1709
662.5000	  1.1711
662.0000	  1.1887
661.5000	  1.1499
661.0000	  1.1386
660.5000	  1.1872
660.0000	  1.2077
659.5000	  1.1517
659.0000	  1.1475
658.5000	  1.1932
658.0000	  1.1795
657.5000	  1.1510
657.0000	  1.1599
656.5000	  1.1693
656.0000	  1.1748
655.5000	  1.1788
655.0000	  1.1488
654.5000	  1.1334
654.0000	  1.1850
653.5000	  1.2047
653.0000	  1.1446
652.5000	  1.1467
652.0000	  1.1901
651.5000	  1.1671
651.0000	  1.1563
650.5000	  1.1676
650.0000	  1.1629
649.5000	  1.1724
649.0000	  1.1832
648.5000	  1.1580
648.0000	  1.1469
647.5000	  1.1835
647.0000	  1.1928
646.5000	  1.1398
646.0000	  1.1548
645.5000	  1.1895
645.0000	  1.1631
644.5000	  1.1636
644.0000	  1.1633
643.5000	  1.1629
643.0000	  1.1724
642.5000	  1.1663
642.0000	  1.1583
641.5000	  1.1418
641.0000	  1.1773
640.5000	  1.1865
640.0000	  1.1448
639.5000	  1.1493
639.0000	  1.1817
638.5000	  1.1639
638.0000	  1.1514
637.5000	  1.1599
637.0000	  1.1580
636.5000	  1.1663
636.0000	  1.1678
635.5000	  1.1498
635.0000	  1.1395
634.5000	  1.1747
634.0000	  1.1776
633.5000	  1.1500
633.0000	  1.1500
632.5000	  1.1758
632.0000	  1.1643
631.5000	  1.1526
631.0000	  1.1625
630.5000	  1.1661
630.0000	  1.1688
629.5000	  1.1799
629.0000	  1.1571
628.5000	  1.1548
628.0000	  1.1794
627.5000	  1.1877
627.0000	  1.1547
626.5000	  1.1567
626.0000	  1.2007
625.5000	  1.1827
625.0000	  1.1641
624.5000	  1.1798
624.0000	  1.1863
623.5000	  1.1938
623.0000	  1.2029
622.5000	  1.1713
622.0000	  1.1615
621.5000	  1.2193
621.0000	  1.2331
620.5000	  1.1596
620.0000	  1.1792
619.5000	  1.2361
619.0000	  1.2094
618.5000	  1.2012
618.0000	  1.2017
617.5000	  1.1797
617.0000	  1.2118
616.5000	  1.2190
616.0000	  1.1833
615.5000	  1.1678
615.0000	  1.2338
614.5000	  1.2131
614.0000	  1.1796
613.5000	  1.1855
613.0000	  1.2069
612.5000	  1.1993
612.0000	  1.1877
611.5000	  1.1917
611.0000	  1.1852
610.5000	  1.2135
610.0000	  1.2292
609.5000	  1.1744
609.0000	  1.1727
608.5000	  1.2269
608.0000	  1.2109
607.5000	  1.1741
607.0000	  1.1933
606.5000	  1.2003
606.0000	  1.2016
605.5000	  1.2066
605.0000	  1.1895
604.5000	  1.1746
604.0000	  1.2040
603.5000	  1.2242
603.0000	  1.1782
602.5000	  1.1680
602.0000	  1.2194
601.5000	  1.2123
601.0000	  1.1718
600.5000	  1.1957
600.0000	  1.2058
599.5000	  1.2041
599.0000	  1.1996
598.5000	  1.1908
598.0000	  1.1914
597.5000	  1.2032
597.0000	  1.2164
596.5000	  1.1817
596.0000	  1.1666
595.5000	  1.2255
595.0000	  1.2132
594.5000	  1.1731
594.0000	  1.1952
593.5000	  1.2112
593.0000	  1.2020
592.5000	  1.1968
592.0000	  1.1912
591.5000	  1.1831
591.0000	  1.2163
590.5000	  1.2384
590.0000	  1.1799
589.5000	  1.1651
589.0000	  1.2342
588.5000	  1.2122
588.0000	  1.1748
587.5000	  1.1844
587.0000	  1.2319
586.5000	  1.2109
586.0000	  1.2054
585.5000	  1.2065
585.0000	  1.1843
584.5000	  1.2156
584.0000	  1.2373
583.5000	  1.1891
583.0000	  1.1720
582.5000	  1.2286
582.0000	  1.2191
581.5000	  1.1761
581.0000	  1.1992
580.5000	  1.2120
580.0000	  1.2115
579.5000	  1.2149
579.0000	  1.2103
578.5000	  1.1955
578.0000	  1.2175
577.5000	  1.2292
577.0000	  1.1913
576.5000	  1.1872
576.0000	  1.2406
575.5000	  1.2127
575.0000	  1.1848
574.5000	  1.2048
574.0000	  1.1970
573.5000	  1.2173
573.0000	  1.2365
572.5000	  1.1960
572.0000	  1.1648
571.5000	  1.1487
571.0000	  1.3212
570.5000	  0.3874
570.0000	  1.2165
569.5000	  1.2369
569.0000	  1.2013
568.5000	  1.5693
568.0000	  1.0525
567.5000	  0.9930
567.0000	  1.0056
566.5000	  1.0045
566.0000	  0.8390
565.5000	  1.0126
565.0000	  0.9846
564.5000	  0.9809
564.0000	  0.9756
563.5000	  0.9780
563.0000	  0.9798
562.5000	  0.9775
562.0000	  0.9798
561.5000	  0.9787
561.0000	  0.9797
560.5000	  0.9801
560.0000	  0.9802
559.5000	  0.9805
559.0000	  0.9801
558.5000	  0.9806
558.0000	  0.9809
557.5000	  0.9794
557.0000	  0.9809
556.5000	  0.9815
556.0000	  0.9821
555.5000	  0.9821
555.0000	  0.9818
554.5000	  0.9833
554.0000	  0.9827
553.5000	  0.9836
553.0000	  0.9821
552.5000	  0.9818
552.0000	  0.9827
551.5000	  0.9838
551.0000	  0.9831
550.5000	  0.9838
550.0000	  0.9850
549.5000	  0.9844
549.0000	  0.9839
548.5000	  0.9834
548.0000	  0.9842
547.5000	  0.9850
547.0000	  0.9850
546.5000	  0.9846
546.0000	  0.9843
545.5000	  0.9853
545.0000	  0.9858
544.5000	  0.9845
544.0000	  0.9857
543.5000	  0.9868
543.0000	  0.9864
542.5000	  0.9869
542.0000	  0.9861
541.5000	  0.9858
541.0000	  0.9865
540.5000	  0.9878
540.0000	  0.9870
539.5000	  0.9871
539.0000	  0.9882
538.5000	  0.9881
538.0000	  0.9878
537.5000	  0.9876
537.0000	  0.9888
536.5000	  0.9883
536.0000	  0.9875
535.5000	  0.9890
535.0000	  0.9882
534.5000	  0.9891
534.0000	  0.9891
533.5000	  0.9882
533.0000	  0.9881
532.5000	  0.9894
532.0000	  0.9891
531.5000	  0.9894
531.0000	  0.9894
530.5000	  0.9893
530.0000	  0.9899
529.5000	  0.9901
529.0000	  0.9895
528.5000	  0.9905
528.0000	  0.9903
527.5000	  0.9908
527.0000	  0.9889
526.5000	  0.9894
526.0000	  0.9917
525.5000	  0.9911
525.0000	  0.9906
524.5000	  0.9903
524.0000	  0.9913
523.5000	  0.9909
523.0000	  0.9912
522.5000	  0.9900
522.0000	  0.9906
521.5000	  0.9926
521.0000	  0.9918
520.5000	  0.9904
520.0000	  0.9900
519.5000	  0.9916
519.0000	  0.9910
518.5000	  0.9916
518.0000	  0.9908
517.5000	  0.9912
517.0000	  0.9913
516.5000	  0.9913
516.0000	  0.9909
515.5000	  0.9904
515.0000	  0.9919
514.5000	  0.9924
514.0000	  0.9909
513.5000	  0.9918
513.0000	  0.9929
512.5000	  0.9922
512.0000	  0.9921
511.5000	  0.9921
511.0000	  0.9917
510.5000	  0.9925
510.0000	  0.9947
509.5000	  0.9931
509.0000	  0.9931
508.5000	  0.9943
508.0000	  0.9944
507.5000	  0.9960
507.0000	  0.9955
506.5000	  0.9975
506.0000	  0.9980
505.5000	  0.9994
505.0000	  0.9990
504.5000	  1.0005
504.0000	  1.0006
503.5000	  1.0039
503.0000	  1.0041
502.5000	  1.0051
502.0000	  1.0073
501.5000	  1.0083
501.0000	  1.0082
500.5000	  1.0098
500.0000	  1.0131
499.5000	  1.0131
499.0000	  1.0140
498.5000	  1.0153
498.0000	  1.0169
497.5000	  1.0174
497.0000	  1.0189
496.5000	  1.0187
496.0000	  1.0212
495.5000	  1.0216
495.0000	  1.0230
494.5000	  1.0218
494.0000	  1.0229
493.5000	  1.0233
493.0000	  1.0244
492.5000	  1.0249
492.0000	  1.0249
491.5000	  1.0258
491.0000	  1.0255
490.5000	  1.0273
490.0000	  1.0276
489.5000	  1.0267
489.0000	  1.0280
488.5000	  1.0284
488.0000	  1.0266
487.5000	  1.0275
487.0000	  1.0291
486.5000	  1.0286
486.0000	  1.0292
485.5000	  1.0298
485.0000	  1.0295
484.5000	  1.0309
484.0000	  1.0323
483.5000	  1.0310
483.0000	  1.0326
482.5000	  1.0337
482.0000	  1.0339
481.5000	  1.0331
481.0000	  1.0344
480.5000	  1.0348
480.0000	  1.0353
479.5000	  1.0351
479.0000	  1.0367
478.5000	  1.0374
478.0000	  1.0371
477.5000	  1.0391
477.0000	  1.0389
476.5000	  1.0404
476.0000	  1.0403
475.5000	  1.0417
475.0000	  1.0414
474.5000	  1.0434
474.0000	  1.0450
473.5000	  1.0454
473.0000	  1.0460
472.5000	  1.0467
472.0000	  1.0490
471.5000	  1.0499
471.0000	  1.0503
470.5000	  1.0498
470.0000	  1.0528
469.5000	  1.0531
469.0000	  1.0553
468.5000	  1.0564
468.0000	  1.0574
467.5000	  1.0591
467.0000	  1.0600
466.5000	  1.0628
466.0000	  1.0616
465.5000	  1.0640
465.0000	  1.0670
464.5000	  1.0681
464.0000	  1.0687
463.5000	  1.0690
463.0000	  1.0713
462.5000	  1.0727
462.0000	  1.0752
461.5000	  1.0782
461.0000	  1.0777
460.5000	  1.0790
460.0000	  1.0814
459.5000	  1.0827
459.0000	  1.0852
458.5000	  1.0840
458.0000	  1.0860
457.5000	  1.0882
457.0000	  1.0891
456.5000	  1.0900
456.0000	  1.0890
455.5000	  1.0897
455.0000	  1.0918
454.5000	  1.0899
454.0000	  1.0899
453.5000	  1.0872
453.0000	  1.0878
452.5000	  1.0881
452.0000	  1.0869
451.5000	  1.0857
451.0000	  1.0846
450.5000	  1.0823
450.0000	  1.0822
449.5000	  1.0795
449.0000	  1.0786
448.5000	  1.0792
448.0000	  1.0763
447.5000	  1.0759
447.0000	  1.0724
446.5000	  1.0722
446.0000	  1.0714
445.5000	  1.0688
445.0000	  1.0686
444.5000	  1.0675
444.0000	  1.0670
443.5000	  1.0673
443.0000	  1.0653
442.5000	  1.0642
442.0000	  1.0648
441.5000	  1.0638
441.0000	  1.0645
440.5000	  1.0643
440.0000	  1.0623
439.5000	  1.0627
439.0000	  1.0627
438.5000	  1.0625
438.0000	  1.0616
437.5000	  1.0622
437.0000	  1.0602
436.5000	  1.0614
436.0000	  1.0604
435.5000	  1.0608
435.0000	  1.0617
434.5000	  1.0603
434.0000	  1.0604
433.5000	  1.0611
433.0000	  1.0596
432.5000	  1.0623
432.0000	  1.0610
431.5000	  1.0610
431.0000	  1.0611
430.5000	  1.0619
430.0000	  1.0629
429.5000	  1.0621
429.0000	  1.0637
428.5000	  1.0633
428.0000	  1.0641
427.5000	  1.0628
427.0000	  1.0641
426.5000	  1.0645
426.0000	  1.0658
425.5000	  1.0639
425.0000	  1.0662
424.5000	  1.0666
424.0000	  1.0676
423.5000	  1.0676
423.0000	  1.0672
422.5000	  1.0697
422.0000	  1.0700
421.5000	  1.0709
421.0000	  1.0684
420.5000	  1.0719
420.0000	  1.0715
419.5000	  1.0736
419.0000	  1.0726
418.5000	  1.0734
418.0000	  1.0739
417.5000	  1.0743
417.0000	  1.0748
416.5000	  1.0753
416.0000	  1.0752
415.5000	  1.0765
415.0000	  1.0768
414.5000	  1.0766
414.0000	  1.0747
413.5000	  1.0774
413.0000	  1.0791
412.5000	  1.0785
412.0000	  1.0787
411.5000	  1.0807
411.0000	  1.0810
410.5000	  1.0793
410.0000	  1.0822
409.5000	  1.0830
409.0000	  1.0822
408.5000	  1.0833
408.0000	  1.0836
407.5000	  1.0819
407.0000	  1.0846
406.5000	  1.0862
406.0000	  1.0838
405.5000	  1.0847
405.0000	  1.0855
404.5000	  1.0871
404.0000	  1.0890
403.5000	  1.0884
403.0000	  1.0881
402.5000	  1.0881
402.0000	  1.0923
401.5000	  1.0892
401.0000	  1.0901
400.5000	  1.0922
400.0000	  1.0919
399.5000	  1.0912
399.0000	  1.0910
398.5000	  1.0950
398.0000	  1.0930
397.5000	  1.0923
397.0000	  1.0919
396.5000	  1.0949
396.0000	  1.0936
395.5000	  1.0961
395.0000	  1.0947
394.5000	  1.0956
394.0000	  1.0978
393.5000	  1.0980
393.0000	  1.0961
392.5000	  1.0998
392.0000	  1.1014
391.5000	  1.0999
391.0000	  1.1002
390.5000	  1.0992
390.0000	  1.1038
389.5000	  1.1033
389.0000	  1.1048
388.5000	  1.1079
388.0000	  1.1073
387.5000	  1.1094
387.0000	  1.1125
386.5000	  1.1086
386.0000	  1.1116
385.5000	  1.1138
385.0000	  1.1170
384.5000	  1.1149
384.0000	  1.1158
383.5000	  1.1179
383.0000	  1.1194
382.5000	  1.1198
382.0000	  1.1215
381.5000	  1.1232
381.0000	  1.1233
380.5000	  1.1251
380.0000	  1.1249
379.5000	  1.1240
379.0000	  1.1273
378.5000	  1.1280
378.0000	  1.1266
377.5000	  1.1270
377.0000	  1.1283
376.5000	  1.1304
376.0000	  1.1298
375.5000	  1.1311
375.0000	  1.1326
374.5000	  1.1340
374.0000	  1.1335
373.5000	  1.1334
373.0000	  1.1349
372.5000	  1.1327
372.0000	  1.1378
371.5000	  1.1382
371.0000	  1.1368
370.5000	  1.1389
370.0000	  1.1375
369.5000	  1.1386
369.0000	  1.1395
368.5000	  1.1397
368.0000	  1.1414
367.5000	  1.1417
367.0000	  1.1410
366.5000	  1.1444
366.0000	  1.1436
365.5000	  1.1469
365.0000	  1.1424
364.5000	  1.1471
364.0000	  1.1492
363.5000	  1.1497
363.0000	  1.1505
362.5000	  1.1494
362.0000	  1.1514
361.5000	  1.1531
361.0000	  1.1511
360.5000	  1.1553
360.0000	  1.1556
359.5000	  1.1573
359.0000	  1.1540
358.5000	  1.1545
358.0000	  1.1561
357.5000	  1.1570
357.0000	  1.1620
356.5000	  1.1591
356.0000	  1.1640
355.5000	  1.1623
355.0000	  1.1662
354.5000	  1.1634
354.0000	  1.1651
353.5000	  1.1664
353.0000	  1.1674
352.5000	  1.1679
352.0000	  1.1667
351.5000	  1.1734
351.0000	  1.1708
350.5000	  1.1693
350.0000	  1.1690
