31/05/2023 12.06.26
31/05/2023 12.13.46

900.0000	 91.4100

900.0000	 91.4100

900.0000	 77.5600



  1.0000
900.0000
  3.0000
340.0000
  1.0000
1101.0000
  5.0000
  6.0000
  1.0000
  1.0000
  0.0000
  0.0000
100.0000
  0.0000
  1.0000
  0.0000
500.0000
900.0000
350.0000
  4.0000
  1.0000
 18.0000
  2.0000
  1.0000
255.0000
  0.9118
  1.0000
 30.0000
  4.0000
500.0000
  0.0000
  0.0000
  4.0000
900.0000
350.0000
  0.0000
100.0000
  0.0000
  1.0000
  0.0000
500.0000
  1.0000
  1.0000
  1.0000
  1.0000
  4.0000
  0.0000
  1.0000
  1.0000
  1.0000
  1.0000
  1.0000
  2.0000
  1.0000
  1.0000
  1.0000
  3.0000
  1.0000
  1.0000
  1.0000
  4.0000
  5.0000
440.564
0.000
900.0000	  0.7665
899.5000	  0.8538
899.0000	  0.8432
898.5000	  0.8561
898.0000	  0.8763
897.5000	  0.8585
897.0000	  0.7974
896.5000	  0.7895
896.0000	  0.8230
895.5000	  0.7728
895.0000	  0.8830
894.5000	  0.7219
894.0000	  0.7319
893.5000	  0.7712
893.0000	  0.7527
892.5000	  0.8384
892.0000	  0.8100
891.5000	  0.7890
891.0000	  0.8413
890.5000	  0.7456
890.0000	  0.8110
889.5000	  0.8077
889.0000	  0.7855
888.5000	  0.7931
888.0000	  0.8151
887.5000	  0.7866
887.0000	  0.7974
886.5000	  0.7567
886.0000	  0.7433
885.5000	  0.8303
885.0000	  0.7522
884.5000	  0.7855
884.0000	  0.8190
883.5000	  0.7892
883.0000	  0.7862
882.5000	  0.8262
882.0000	  0.7971
881.5000	  0.8023
881.0000	  0.8085
880.5000	  0.7828
880.0000	  0.7855
879.5000	  0.8089
879.0000	  0.8251
878.5000	  0.8027
878.0000	  0.8043
877.5000	  0.7912
877.0000	  0.7774
876.5000	  0.7950
876.0000	  0.7970
875.5000	  0.8116
875.0000	  0.7984
874.5000	  0.8039
874.0000	  0.8037
873.5000	  0.8072
873.0000	  0.7920
872.5000	  0.8123
872.0000	  0.8053
871.5000	  0.8117
871.0000	  0.7932
870.5000	  0.8124
870.0000	  0.8171
869.5000	  0.8007
869.0000	  0.7938
868.5000	  0.8108
868.0000	  0.8010
867.5000	  0.8084
867.0000	  0.8120
866.5000	  0.8099
866.0000	  0.8102
865.5000	  0.8094
865.0000	  0.8083
864.5000	  0.8059
864.0000	  0.8071
863.5000	  0.8114
863.0000	  0.8117
862.5000	  0.8060
862.0000	  0.8037
861.5000	  0.8093
861.0000	  0.8075
860.5000	  0.8039
860.0000	  0.8072
859.5000	  0.8150
859.0000	  0.8132
858.5000	  0.8114
858.0000	  0.8070
857.5000	  0.8111
857.0000	  0.8075
856.5000	  0.8166
856.0000	  0.8141
855.5000	  0.8101
855.0000	  0.8101
854.5000	  0.8153
854.0000	  0.8115
853.5000	  0.8167
853.0000	  0.8149
852.5000	  0.8158
852.0000	  0.8172
851.5000	  0.8130
851.0000	  0.8124
850.5000	  0.8141
850.0000	  0.8159
849.5000	  0.8155
849.0000	  0.8168
848.5000	  0.8150
848.0000	  0.8189
847.5000	  0.8180
847.0000	  0.8144
846.5000	  0.8177
846.0000	  0.8155
845.5000	  0.8173
845.0000	  0.8149
844.5000	  0.8172
844.0000	  0.8170
843.5000	  0.8154
843.0000	  0.8155
842.5000	  0.8192
842.0000	  0.8143
841.5000	  0.8173
841.0000	  0.8166
840.5000	  0.8185
840.0000	  0.8171
839.5000	  0.8175
839.0000	  0.8160
838.5000	  0.8163
838.0000	  0.8149
837.5000	  0.8141
837.0000	  0.8163
836.5000	  0.8151
836.0000	  0.8130
835.5000	  0.8138
835.0000	  0.8152
834.5000	  0.8146
834.0000	  0.8148
833.5000	  0.8133
833.0000	  0.8112
832.5000	  0.8139
832.0000	  0.8145
831.5000	  0.8105
831.0000	  0.8116
830.5000	  0.8113
830.0000	  0.8116
829.5000	  0.8105
829.0000	  0.8109
828.5000	  0.8107
828.0000	  0.8095
827.5000	  0.8093
827.0000	  0.8117
826.5000	  0.8104
826.0000	  0.8103
825.5000	  0.8084
825.0000	  0.8082
824.5000	  0.8091
824.0000	  0.8109
823.5000	  0.8070
823.0000	  0.8090
822.5000	  0.8068
822.0000	  0.8081
821.5000	  0.8069
821.0000	  0.8078
820.5000	  0.8081
820.0000	  0.8086
819.5000	  0.8069
819.0000	  0.8085
818.5000	  0.8083
818.0000	  0.8097
817.5000	  0.8072
817.0000	  0.8071
816.5000	  0.8076
816.0000	  0.8085
815.5000	  0.8056
815.0000	  0.8074
814.5000	  0.8060
814.0000	  0.8076
813.5000	  0.8083
813.0000	  0.8069
812.5000	  0.8062
812.0000	  0.8084
811.5000	  0.8063
811.0000	  0.8078
810.5000	  0.8073
810.0000	  0.8072
809.5000	  0.8066
809.0000	  0.8071
808.5000	  0.8071
808.0000	  0.8071
807.5000	  0.8068
807.0000	  0.8072
806.5000	  0.8059
806.0000	  0.8074
805.5000	  0.8068
805.0000	  0.8064
804.5000	  0.8058
804.0000	  0.8066
803.5000	  0.8070
803.0000	  0.8063
802.5000	  0.8065
802.0000	  0.8076
801.5000	  0.8070
801.0000	  0.8057
800.5000	  0.8079
800.0000	  0.8054
799.5000	  0.8072
799.0000	  0.8080
798.5000	  0.8066
798.0000	  0.8083
797.5000	  0.8075
797.0000	  0.8070
796.5000	  0.8062
796.0000	  0.8064
795.5000	  0.8080
795.0000	  0.8065
794.5000	  0.8065
794.0000	  0.8062
793.5000	  0.8092
793.0000	  0.8076
792.5000	  0.8076
792.0000	  0.8069
791.5000	  0.8089
791.0000	  0.8073
790.5000	  0.8091
790.0000	  0.8079
789.5000	  0.8105
789.0000	  0.8083
788.5000	  0.8089
788.0000	  0.8088
787.5000	  0.8084
787.0000	  0.8071
786.5000	  0.8095
786.0000	  0.8100
785.5000	  0.8088
785.0000	  0.8070
784.5000	  0.8088
784.0000	  0.8094
783.5000	  0.8095
783.0000	  0.8091
782.5000	  0.8089
782.0000	  0.8085
781.5000	  0.8103
781.0000	  0.8088
780.5000	  0.8101
780.0000	  0.8094
779.5000	  0.8086
779.0000	  0.8098
778.5000	  0.8089
778.0000	  0.8089
777.5000	  0.8109
777.0000	  0.8100
776.5000	  0.8083
776.0000	  0.8100
775.5000	  0.8103
775.0000	  0.8089
774.5000	  0.8091
774.0000	  0.8082
773.5000	  0.8093
773.0000	  0.8099
772.5000	  0.8080
772.0000	  0.8102
771.5000	  0.8106
771.0000	  0.8100
770.5000	  0.8093
770.0000	  0.8100
769.5000	  0.8094
769.0000	  0.8103
768.5000	  0.8093
768.0000	  0.8104
767.5000	  0.8098
767.0000	  0.8102
766.5000	  0.8101
766.0000	  0.8088
765.5000	  0.8107
765.0000	  0.8121
764.5000	  0.8106
764.0000	  0.8118
763.5000	  0.8102
763.0000	  0.8105
762.5000	  0.8103
762.0000	  0.8106
761.5000	  0.8115
761.0000	  0.8103
760.5000	  0.8099
760.0000	  0.8103
759.5000	  0.8106
759.0000	  0.8095
758.5000	  0.8106
758.0000	  0.8091
757.5000	  0.8103
757.0000	  0.8106
756.5000	  0.8106
756.0000	  0.8105
755.5000	  0.8102
755.0000	  0.8114
754.5000	  0.8125
754.0000	  0.8102
753.5000	  0.8105
753.0000	  0.8109
752.5000	  0.8125
752.0000	  0.8099
751.5000	  0.8111
751.0000	  0.8115
750.5000	  0.8135
750.0000	  0.8108
749.5000	  0.8116
749.0000	  0.8107
748.5000	  0.8128
748.0000	  0.8123
747.5000	  0.8126
747.0000	  0.8133
746.5000	  0.8136
746.0000	  0.8122
745.5000	  0.8133
745.0000	  0.8120
744.5000	  0.8143
744.0000	  0.8117
743.5000	  0.8134
743.0000	  0.8124
742.5000	  0.8144
742.0000	  0.8128
741.5000	  0.8135
741.0000	  0.8140
740.5000	  0.8140
740.0000	  0.8139
739.5000	  0.8145
739.0000	  0.8153
738.5000	  0.8159
738.0000	  0.8146
737.5000	  0.8155
737.0000	  0.8159
736.5000	  0.8164
736.0000	  0.8154
735.5000	  0.8155
735.0000	  0.8178
734.5000	  0.8172
734.0000	  0.8180
733.5000	  0.8165
733.0000	  0.8175
732.5000	  0.8192
732.0000	  0.8191
731.5000	  0.8188
731.0000	  0.8222
730.5000	  0.8215
730.0000	  0.8228
729.5000	  0.8219
729.0000	  0.8243
728.5000	  0.8233
728.0000	  0.8260
727.5000	  0.8258
727.0000	  0.8276
726.5000	  0.8296
726.0000	  0.8296
725.5000	  0.8312
725.0000	  0.8328
724.5000	  0.8344
724.0000	  0.8377
723.5000	  0.8372
723.0000	  0.8405
722.5000	  0.8418
722.0000	  0.8460
721.5000	  0.8450
721.0000	  0.8496
720.5000	  0.8514
720.0000	  0.8537
719.5000	  0.8545
719.0000	  0.8574
718.5000	  0.8582
718.0000	  0.8616
717.5000	  0.8600
717.0000	  0.8596
716.5000	  0.8590
716.0000	  0.8572
715.5000	  0.8556
715.0000	  0.8511
714.5000	  0.8488
714.0000	  0.8486
713.5000	  0.8425
713.0000	  0.8399
712.5000	  0.8378
712.0000	  0.8348
711.5000	  0.8322
711.0000	  0.8292
710.5000	  0.8283
710.0000	  0.8245
709.5000	  0.8234
709.0000	  0.8213
708.5000	  0.8205
708.0000	  0.8177
707.5000	  0.8188
707.0000	  0.8159
706.5000	  0.8174
706.0000	  0.8164
705.5000	  0.8178
705.0000	  0.8162
704.5000	  0.8163
704.0000	  0.8159
703.5000	  0.8175
703.0000	  0.8155
702.5000	  0.8162
702.0000	  0.8159
701.5000	  0.8173
701.0000	  0.8156
700.5000	  0.8160
700.0000	  0.8160
699.5000	  0.8168
699.0000	  0.8156
698.5000	  0.8161
698.0000	  0.8155
697.5000	  0.8158
697.0000	  0.8146
696.5000	  0.8149
696.0000	  0.8151
695.5000	  0.8154
695.0000	  0.8140
694.5000	  0.8145
694.0000	  0.8147
693.5000	  0.8146
693.0000	  0.8138
692.5000	  0.8143
692.0000	  0.8142
691.5000	  0.8125
691.0000	  0.8142
690.5000	  0.8143
690.0000	  0.8144
689.5000	  0.8129
689.0000	  0.8140
688.5000	  0.8128
688.0000	  0.8134
687.5000	  0.8132
687.0000	  0.8131
686.5000	  0.8122
686.0000	  0.8125
685.5000	  0.8126
685.0000	  0.8130
684.5000	  0.8117
684.0000	  0.8118
683.5000	  0.8120
683.0000	  0.8137
682.5000	  0.8113
682.0000	  0.8129
681.5000	  0.8124
681.0000	  0.8128
680.5000	  0.8117
680.0000	  0.8116
679.5000	  0.8121
679.0000	  0.8137
678.5000	  0.8113
678.0000	  0.8122
677.5000	  0.8118
677.0000	  0.8122
676.5000	  0.8094
676.0000	  0.8106
675.5000	  0.8115
675.0000	  0.8111
674.5000	  0.8104
674.0000	  0.8113
673.5000	  0.8108
673.0000	  0.8107
672.5000	  0.8100
672.0000	  0.8096
671.5000	  0.8105
671.0000	  0.8106
670.5000	  0.8120
670.0000	  0.8098
669.5000	  0.8098
669.0000	  0.8100
668.5000	  0.8093
668.0000	  0.8091
667.5000	  0.8096
667.0000	  0.8081
666.5000	  0.8094
666.0000	  0.8081
665.5000	  0.8091
665.0000	  0.8092
664.5000	  0.8093
664.0000	  0.8068
663.5000	  0.8087
663.0000	  0.8081
662.5000	  0.8081
662.0000	  0.8067
661.5000	  0.8085
661.0000	  0.8086
660.5000	  0.8077
660.0000	  0.8069
659.5000	  0.8068
659.0000	  0.8073
658.5000	  0.8070
658.0000	  0.8070
657.5000	  0.8055
657.0000	  0.8067
656.5000	  0.8059
656.0000	  0.8071
655.5000	  0.8047
655.0000	  0.8060
654.5000	  0.8057
654.0000	  0.8055
653.5000	  0.8043
653.0000	  0.8032
652.5000	  0.8049
652.0000	  0.8046
651.5000	  0.8030
651.0000	  0.8043
650.5000	  0.8039
650.0000	  0.8052
649.5000	  0.8030
649.0000	  0.8027
648.5000	  0.8029
648.0000	  0.8030
647.5000	  0.8012
647.0000	  0.8018
646.5000	  0.8014
646.0000	  0.8020
645.5000	  0.8001
645.0000	  0.8007
644.5000	  0.8000
644.0000	  0.8002
643.5000	  0.7991
643.0000	  0.7991
642.5000	  0.7982
642.0000	  0.7977
641.5000	  0.7976
641.0000	  0.7965
640.5000	  0.7959
640.0000	  0.7959
639.5000	  0.7949
639.0000	  0.7951
638.5000	  0.7946
638.0000	  0.7933
637.5000	  0.7932
637.0000	  0.7909
636.5000	  0.7906
636.0000	  0.7900
635.5000	  0.7899
635.0000	  0.7880
634.5000	  0.7891
634.0000	  0.7869
633.5000	  0.7877
633.0000	  0.7854
632.5000	  0.7856
632.0000	  0.7861
631.5000	  0.7862
631.0000	  0.7840
630.5000	  0.7848
630.0000	  0.7850
629.5000	  0.7874
629.0000	  0.7858
628.5000	  0.7875
628.0000	  0.7885
627.5000	  0.7902
627.0000	  0.7906
626.5000	  0.7937
626.0000	  0.7948
625.5000	  0.7976
625.0000	  0.7976
624.5000	  0.7997
624.0000	  0.8013
623.5000	  0.8032
623.0000	  0.8031
622.5000	  0.8063
622.0000	  0.8066
621.5000	  0.8079
621.0000	  0.8090
620.5000	  0.8100
620.0000	  0.8106
619.5000	  0.8112
619.0000	  0.8099
618.5000	  0.8126
618.0000	  0.8117
617.5000	  0.8108
617.0000	  0.8106
616.5000	  0.8104
616.0000	  0.8103
615.5000	  0.8092
615.0000	  0.8076
614.5000	  0.8087
614.0000	  0.8081
613.5000	  0.8079
613.0000	  0.8068
612.5000	  0.8077
612.0000	  0.8067
611.5000	  0.8061
611.0000	  0.8060
610.5000	  0.8059
610.0000	  0.8058
609.5000	  0.8049
609.0000	  0.8058
608.5000	  0.8050
608.0000	  0.8053
607.5000	  0.8037
607.0000	  0.8047
606.5000	  0.8045
606.0000	  0.8039
605.5000	  0.8037
605.0000	  0.8036
604.5000	  0.8034
604.0000	  0.8024
603.5000	  0.8032
603.0000	  0.8039
602.5000	  0.8017
602.0000	  0.8021
601.5000	  0.8015
601.0000	  0.8016
600.5000	  0.8010
600.0000	  0.8012
599.5000	  0.8007
599.0000	  0.8019
598.5000	  0.8000
598.0000	  0.7995
597.5000	  0.7986
597.0000	  0.8004
596.5000	  0.7986
596.0000	  0.7984
595.5000	  0.7992
595.0000	  0.7993
594.5000	  0.7976
594.0000	  0.7987
593.5000	  0.7973
593.0000	  0.7979
592.5000	  0.7967
592.0000	  0.7966
591.5000	  0.7965
591.0000	  0.7956
590.5000	  0.7954
590.0000	  0.7945
589.5000	  0.7948
589.0000	  0.7949
588.5000	  0.7927
588.0000	  0.7941
587.5000	  0.7929
587.0000	  0.7937
586.5000	  0.7919
586.0000	  0.7923
585.5000	  0.7927
585.0000	  0.7909
584.5000	  0.7919
584.0000	  0.7903
583.5000	  0.7898
583.0000	  0.7898
582.5000	  0.7902
582.0000	  0.7884
581.5000	  0.7884
581.0000	  0.7878
580.5000	  0.7881
580.0000	  0.7865
579.5000	  0.7867
579.0000	  0.7856
578.5000	  0.7862
578.0000	  0.7845
577.5000	  0.7835
577.0000	  0.7834
576.5000	  0.7853
576.0000	  0.7817
575.5000	  0.7816
575.0000	  0.7812
574.5000	  0.7827
574.0000	  0.7812
573.5000	  0.7805
573.0000	  0.7799
572.5000	  0.7806
572.0000	  0.7776
571.5000	  0.7786
571.0000	  0.7774
570.5000	  0.7776
570.0000	  0.7754
569.5000	  0.7770
569.0000	  0.7754
568.5000	  0.7746
568.0000	  0.7740
567.5000	  0.7749
567.0000	  0.7738
566.5000	  0.7724
566.0000	  0.7732
565.5000	  0.7705
565.0000	  0.7713
564.5000	  0.7711
564.0000	  0.7704
563.5000	  0.7685
563.0000	  0.7685
562.5000	  0.7671
562.0000	  0.7675
561.5000	  0.7658
561.0000	  0.7659
560.5000	  0.7657
560.0000	  0.7630
559.5000	  0.7626
559.0000	  0.7621
558.5000	  0.7617
558.0000	  0.7608
557.5000	  0.7609
557.0000	  0.7595
556.5000	  0.7593
556.0000	  0.7590
555.5000	  0.7580
555.0000	  0.7575
554.5000	  0.7569
554.0000	  0.7570
553.5000	  0.7560
553.0000	  0.7552
552.5000	  0.7544
552.0000	  0.7542
551.5000	  0.7527
551.0000	  0.7537
550.5000	  0.7506
550.0000	  0.7523
549.5000	  0.7508
549.0000	  0.7515
548.5000	  0.7502
548.0000	  0.7501
547.5000	  0.7489
547.0000	  0.7502
546.5000	  0.7488
546.0000	  0.7485
545.5000	  0.7479
545.0000	  0.7472
544.5000	  0.7466
544.0000	  0.7475
543.5000	  0.7462
543.0000	  0.7466
542.5000	  0.7449
542.0000	  0.7465
541.5000	  0.7447
541.0000	  0.7441
540.5000	  0.7439
540.0000	  0.7457
539.5000	  0.7432
539.0000	  0.7439
538.5000	  0.7426
538.0000	  0.7446
537.5000	  0.7426
537.0000	  0.7437
536.5000	  0.7428
536.0000	  0.7438
535.5000	  0.7415
535.0000	  0.7426
534.5000	  0.7421
534.0000	  0.7430
533.5000	  0.7419
533.0000	  0.7426
532.5000	  0.7420
532.0000	  0.7424
531.5000	  0.7416
531.0000	  0.7421
530.5000	  0.7428
530.0000	  0.7427
529.5000	  0.7408
529.0000	  0.7422
528.5000	  0.7423
528.0000	  0.7431
527.5000	  0.7427
527.0000	  0.7418
526.5000	  0.7429
526.0000	  0.7426
525.5000	  0.7432
525.0000	  0.7434
524.5000	  0.7435
524.0000	  0.7438
523.5000	  0.7446
523.0000	  0.7436
522.5000	  0.7452
522.0000	  0.7450
521.5000	  0.7460
521.0000	  0.7451
520.5000	  0.7466
520.0000	  0.7455
519.5000	  0.7475
519.0000	  0.7456
518.5000	  0.7470
518.0000	  0.7467
517.5000	  0.7481
517.0000	  0.7469
516.5000	  0.7479
516.0000	  0.7479
515.5000	  0.7491
515.0000	  0.7481
514.5000	  0.7484
514.0000	  0.7496
513.5000	  0.7503
513.0000	  0.7499
512.5000	  0.7504
512.0000	  0.7509
511.5000	  0.7518
511.0000	  0.7518
510.5000	  0.7524
510.0000	  0.7530
509.5000	  0.7531
509.0000	  0.7546
508.5000	  0.7547
508.0000	  0.7567
507.5000	  0.7572
507.0000	  0.7589
506.5000	  0.7586
506.0000	  0.7603
505.5000	  0.7616
505.0000	  0.7644
504.5000	  0.7642
504.0000	  0.7669
503.5000	  0.7678
503.0000	  0.7704
502.5000	  0.7708
502.0000	  0.7734
501.5000	  0.7746
501.0000	  0.7778
500.5000	  0.7774
500.0000	  0.7805
499.5000	  0.7811
499.0000	  0.7834
498.5000	  0.7839
498.0000	  0.7862
497.5000	  0.7882
497.0000	  0.7900
496.5000	  0.7893
496.0000	  0.7919
495.5000	  0.7929
495.0000	  0.7943
494.5000	  0.7956
494.0000	  0.7972
493.5000	  0.7970
493.0000	  0.8003
492.5000	  0.7995
492.0000	  0.8005
491.5000	  0.8017
491.0000	  0.8024
490.5000	  0.8036
490.0000	  0.8055
489.5000	  0.8061
489.0000	  0.8060
488.5000	  0.8058
488.0000	  0.8070
487.5000	  0.8071
487.0000	  0.8084
486.5000	  0.8084
486.0000	  0.8099
485.5000	  0.8106
485.0000	  0.8109
484.5000	  0.8116
484.0000	  0.8127
483.5000	  0.8133
483.0000	  0.8137
482.5000	  0.8141
482.0000	  0.8147
481.5000	  0.8167
481.0000	  0.8172
480.5000	  0.8187
480.0000	  0.8189
479.5000	  0.8194
479.0000	  0.8203
478.5000	  0.8216
478.0000	  0.8214
477.5000	  0.8224
477.0000	  0.8238
476.5000	  0.8260
476.0000	  0.8244
475.5000	  0.8269
475.0000	  0.8271
474.5000	  0.8300
474.0000	  0.8287
473.5000	  0.8312
473.0000	  0.8314
472.5000	  0.8333
472.0000	  0.8330
471.5000	  0.8355
471.0000	  0.8362
470.5000	  0.8384
470.0000	  0.8380
469.5000	  0.8394
469.0000	  0.8407
468.5000	  0.8424
468.0000	  0.8422
467.5000	  0.8444
467.0000	  0.8459
466.5000	  0.8485
466.0000	  0.8474
465.5000	  0.8500
465.0000	  0.8505
464.5000	  0.8531
464.0000	  0.8529
463.5000	  0.8536
463.0000	  0.8570
462.5000	  0.8575
462.0000	  0.8588
461.5000	  0.8610
461.0000	  0.8620
460.5000	  0.8626
460.0000	  0.8652
459.5000	  0.8658
459.0000	  0.8666
458.5000	  0.8672
458.0000	  0.8686
457.5000	  0.8699
457.0000	  0.8700
456.5000	  0.8700
456.0000	  0.8712
455.5000	  0.8698
455.0000	  0.8698
454.5000	  0.8693
454.0000	  0.8721
453.5000	  0.8696
453.0000	  0.8685
452.5000	  0.8662
452.0000	  0.8673
451.5000	  0.8644
451.0000	  0.8647
450.5000	  0.8620
450.0000	  0.8615
449.5000	  0.8602
449.0000	  0.8595
448.5000	  0.8592
448.0000	  0.8571
447.5000	  0.8555
447.0000	  0.8555
446.5000	  0.8550
446.0000	  0.8529
445.5000	  0.8526
445.0000	  0.8514
444.5000	  0.8510
444.0000	  0.8522
443.5000	  0.8500
443.0000	  0.8488
442.5000	  0.8487
442.0000	  0.8486
441.5000	  0.8485
441.0000	  0.8477
440.5000	  0.8450
440.0000	  0.8454
439.5000	  0.8463
439.0000	  0.8452
438.5000	  0.8472
438.0000	  0.8461
437.5000	  0.8471
437.0000	  0.8446
436.5000	  0.8468
436.0000	  0.8453
435.5000	  0.8473
435.0000	  0.8454
434.5000	  0.8451
434.0000	  0.8460
433.5000	  0.8468
433.0000	  0.8451
432.5000	  0.8456
432.0000	  0.8467
431.5000	  0.8470
431.0000	  0.8483
430.5000	  0.8473
430.0000	  0.8471
429.5000	  0.8475
429.0000	  0.8486
428.5000	  0.8464
428.0000	  0.8492
427.5000	  0.8479
427.0000	  0.8499
426.5000	  0.8499
426.0000	  0.8484
425.5000	  0.8497
425.0000	  0.8525
424.5000	  0.8495
424.0000	  0.8493
423.5000	  0.8515
423.0000	  0.8524
422.5000	  0.8503
422.0000	  0.8531
421.5000	  0.8524
421.0000	  0.8525
420.5000	  0.8530
420.0000	  0.8553
419.5000	  0.8545
419.0000	  0.8556
418.5000	  0.8545
418.0000	  0.8568
417.5000	  0.8566
417.0000	  0.8566
416.5000	  0.8571
416.0000	  0.8584
415.5000	  0.8582
415.0000	  0.8572
414.5000	  0.8584
414.0000	  0.8572
413.5000	  0.8590
413.0000	  0.8599
412.5000	  0.8612
412.0000	  0.8604
411.5000	  0.8612
411.0000	  0.8622
410.5000	  0.8633
410.0000	  0.8593
409.5000	  0.8612
409.0000	  0.8625
408.5000	  0.8640
408.0000	  0.8628
407.5000	  0.8624
407.0000	  0.8624
406.5000	  0.8632
406.0000	  0.8637
405.5000	  0.8637
405.0000	  0.8644
404.5000	  0.8647
404.0000	  0.8634
403.5000	  0.8655
403.0000	  0.8659
402.5000	  0.8662
402.0000	  0.8662
401.5000	  0.8670
401.0000	  0.8645
400.5000	  0.8666
400.0000	  0.8686
399.5000	  0.8660
399.0000	  0.8668
398.5000	  0.8691
398.0000	  0.8666
397.5000	  0.8682
397.0000	  0.8684
396.5000	  0.8704
396.0000	  0.8697
395.5000	  0.8671
395.0000	  0.8697
394.5000	  0.8687
394.0000	  0.8714
393.5000	  0.8691
393.0000	  0.8699
392.5000	  0.8709
392.0000	  0.8718
391.5000	  0.8727
391.0000	  0.8728
390.5000	  0.8733
390.0000	  0.8734
389.5000	  0.8750
389.0000	  0.8788
388.5000	  0.8768
388.0000	  0.8775
387.5000	  0.8803
387.0000	  0.8812
386.5000	  0.8818
386.0000	  0.8823
385.5000	  0.8816
385.0000	  0.8821
384.5000	  0.8855
384.0000	  0.8881
383.5000	  0.8858
383.0000	  0.8871
382.5000	  0.8876
382.0000	  0.8880
381.5000	  0.8905
381.0000	  0.8878
380.5000	  0.8899
380.0000	  0.8908
379.5000	  0.8945
379.0000	  0.8948
378.5000	  0.8940
378.0000	  0.8948
377.5000	  0.8957
377.0000	  0.8958
376.5000	  0.8973
376.0000	  0.8942
375.5000	  0.8967
375.0000	  0.8957
374.5000	  0.8968
374.0000	  0.9008
373.5000	  0.8969
373.0000	  0.8995
372.5000	  0.8988
372.0000	  0.8981
371.5000	  0.8999
371.0000	  0.9025
370.5000	  0.9018
370.0000	  0.9035
369.5000	  0.9022
369.0000	  0.9031
368.5000	  0.9020
368.0000	  0.9052
367.5000	  0.9044
367.0000	  0.9034
366.5000	  0.9018
366.0000	  0.9056
365.5000	  0.9063
365.0000	  0.9071
364.5000	  0.9054
364.0000	  0.9068
363.5000	  0.9064
363.0000	  0.9082
362.5000	  0.9090
362.0000	  0.9074
361.5000	  0.9086
361.0000	  0.9082
360.5000	  0.9117
360.0000	  0.9077
359.5000	  0.9128
359.0000	  0.9125
358.5000	  0.9134
358.0000	  0.9114
357.5000	  0.9151
357.0000	  0.9150
356.5000	  0.9152
356.0000	  0.9100
355.5000	  0.9132
355.0000	  0.9144
354.5000	  0.9154
354.0000	  0.9157
353.5000	  0.9150
353.0000	  0.9190
352.5000	  0.9184
352.0000	  0.9157
351.5000	  0.9186
351.0000	  0.9192
350.5000	  0.9197
350.0000	  0.9196
