31/05/2023 13.57.01
31/05/2023 14.04.21

900.0000	 51.7500

900.0000	 51.7500

900.0000	 48.9400



  1.0000
900.0000
  3.0000
340.0000
  1.0000
1101.0000
  5.0000
  6.0000
  1.0000
  1.0000
  0.0000
  0.0000
100.0000
  0.0000
  1.0000
  0.0000
500.0000
900.0000
350.0000
  4.0000
  1.0000
 18.0000
  2.0000
  1.0000
255.0000
  0.9118
  1.0000
 30.0000
  4.0000
500.0000
  0.0000
  0.0000
  4.0000
900.0000
350.0000
  0.0000
100.0000
  0.0000
  1.0000
  0.0000
500.0000
  1.0000
  1.0000
  1.0000
  1.0000
  4.0000
  0.0000
  1.0000
  1.0000
  1.0000
  1.0000
  1.0000
  2.0000
  1.0000
  1.0000
  1.0000
  3.0000
  1.0000
  1.0000
  1.0000
  4.0000
  5.0000
440.414
0.000
900.0000	  0.4758
899.5000	  0.4978
899.0000	  0.5059
898.5000	  0.4938
898.0000	  0.4588
897.5000	  0.4945
897.0000	  0.4953
896.5000	  0.5005
896.0000	  0.5149
895.5000	  0.5257
895.0000	  0.5343
894.5000	  0.5252
894.0000	  0.5057
893.5000	  0.4891
893.0000	  0.4810
892.5000	  0.4825
892.0000	  0.4888
891.5000	  0.5081
891.0000	  0.4983
890.5000	  0.5081
890.0000	  0.4929
889.5000	  0.5033
889.0000	  0.5158
888.5000	  0.4970
888.0000	  0.4896
887.5000	  0.4884
887.0000	  0.4904
886.5000	  0.5071
886.0000	  0.4995
885.5000	  0.4882
885.0000	  0.5047
884.5000	  0.4926
884.0000	  0.4975
883.5000	  0.5004
883.0000	  0.4929
882.5000	  0.4958
882.0000	  0.4934
881.5000	  0.5004
881.0000	  0.4871
880.5000	  0.4833
880.0000	  0.5035
879.5000	  0.4928
879.0000	  0.4910
878.5000	  0.4947
878.0000	  0.4876
877.5000	  0.5026
877.0000	  0.4886
876.5000	  0.4978
876.0000	  0.4934
875.5000	  0.4925
875.0000	  0.4918
874.5000	  0.4959
874.0000	  0.4935
873.5000	  0.4919
873.0000	  0.4985
872.5000	  0.4933
872.0000	  0.4892
871.5000	  0.4932
871.0000	  0.4913
870.5000	  0.4893
870.0000	  0.4974
869.5000	  0.4918
869.0000	  0.4897
868.5000	  0.4929
868.0000	  0.4904
867.5000	  0.4912
867.0000	  0.4901
866.5000	  0.4895
866.0000	  0.4919
865.5000	  0.4930
865.0000	  0.4931
864.5000	  0.4893
864.0000	  0.4878
863.5000	  0.4926
863.0000	  0.4904
862.5000	  0.4915
862.0000	  0.4905
861.5000	  0.4883
861.0000	  0.4898
860.5000	  0.4907
860.0000	  0.4912
859.5000	  0.4903
859.0000	  0.4895
858.5000	  0.4910
858.0000	  0.4890
857.5000	  0.4907
857.0000	  0.4870
856.5000	  0.4891
856.0000	  0.4905
855.5000	  0.4887
855.0000	  0.4887
854.5000	  0.4875
854.0000	  0.4879
853.5000	  0.4876
853.0000	  0.4860
852.5000	  0.4892
852.0000	  0.4880
851.5000	  0.4888
851.0000	  0.4898
850.5000	  0.4882
850.0000	  0.4878
849.5000	  0.4868
849.0000	  0.4866
848.5000	  0.4862
848.0000	  0.4859
847.5000	  0.4853
847.0000	  0.4868
846.5000	  0.4864
846.0000	  0.4856
845.5000	  0.4838
845.0000	  0.4823
844.5000	  0.4842
844.0000	  0.4837
843.5000	  0.4834
843.0000	  0.4840
842.5000	  0.4805
842.0000	  0.4834
841.5000	  0.4816
841.0000	  0.4817
840.5000	  0.4818
840.0000	  0.4814
839.5000	  0.4812
839.0000	  0.4785
838.5000	  0.4784
838.0000	  0.4793
837.5000	  0.4789
837.0000	  0.4782
836.5000	  0.4781
836.0000	  0.4772
835.5000	  0.4768
835.0000	  0.4767
834.5000	  0.4762
834.0000	  0.4758
833.5000	  0.4750
833.0000	  0.4759
832.5000	  0.4735
832.0000	  0.4752
831.5000	  0.4746
831.0000	  0.4731
830.5000	  0.4738
830.0000	  0.4725
829.5000	  0.4729
829.0000	  0.4716
828.5000	  0.4722
828.0000	  0.4724
827.5000	  0.4710
827.0000	  0.4707
826.5000	  0.4706
826.0000	  0.4689
825.5000	  0.4700
825.0000	  0.4698
824.5000	  0.4687
824.0000	  0.4703
823.5000	  0.4682
823.0000	  0.4676
822.5000	  0.4681
822.0000	  0.4671
821.5000	  0.4674
821.0000	  0.4663
820.5000	  0.4673
820.0000	  0.4670
819.5000	  0.4661
819.0000	  0.4660
818.5000	  0.4648
818.0000	  0.4657
817.5000	  0.4657
817.0000	  0.4644
816.5000	  0.4640
816.0000	  0.4640
815.5000	  0.4633
815.0000	  0.4637
814.5000	  0.4625
814.0000	  0.4627
813.5000	  0.4630
813.0000	  0.4625
812.5000	  0.4610
812.0000	  0.4606
811.5000	  0.4611
811.0000	  0.4612
810.5000	  0.4605
810.0000	  0.4601
809.5000	  0.4595
809.0000	  0.4598
808.5000	  0.4594
808.0000	  0.4582
807.5000	  0.4575
807.0000	  0.4582
806.5000	  0.4582
806.0000	  0.4578
805.5000	  0.4569
805.0000	  0.4583
804.5000	  0.4572
804.0000	  0.4560
803.5000	  0.4562
803.0000	  0.4559
802.5000	  0.4548
802.0000	  0.4554
801.5000	  0.4558
801.0000	  0.4536
800.5000	  0.4539
800.0000	  0.4540
799.5000	  0.4532
799.0000	  0.4524
798.5000	  0.4535
798.0000	  0.4531
797.5000	  0.4515
797.0000	  0.4516
796.5000	  0.4523
796.0000	  0.4519
795.5000	  0.4511
795.0000	  0.4505
794.5000	  0.4505
794.0000	  0.4500
793.5000	  0.4495
793.0000	  0.4498
792.5000	  0.4497
792.0000	  0.4492
791.5000	  0.4496
791.0000	  0.4486
790.5000	  0.4485
790.0000	  0.4485
789.5000	  0.4480
789.0000	  0.4477
788.5000	  0.4471
788.0000	  0.4467
787.5000	  0.4473
787.0000	  0.4463
786.5000	  0.4458
786.0000	  0.4459
785.5000	  0.4460
785.0000	  0.4446
784.5000	  0.4464
784.0000	  0.4441
783.5000	  0.4440
783.0000	  0.4442
782.5000	  0.4444
782.0000	  0.4428
781.5000	  0.4430
781.0000	  0.4422
780.5000	  0.4427
780.0000	  0.4425
779.5000	  0.4421
779.0000	  0.4417
778.5000	  0.4416
778.0000	  0.4413
777.5000	  0.4404
777.0000	  0.4405
776.5000	  0.4400
776.0000	  0.4402
775.5000	  0.4388
775.0000	  0.4389
774.5000	  0.4393
774.0000	  0.4383
773.5000	  0.4379
773.0000	  0.4377
772.5000	  0.4370
772.0000	  0.4383
771.5000	  0.4375
771.0000	  0.4360
770.5000	  0.4368
770.0000	  0.4360
769.5000	  0.4357
769.0000	  0.4355
768.5000	  0.4345
768.0000	  0.4348
767.5000	  0.4335
767.0000	  0.4337
766.5000	  0.4334
766.0000	  0.4330
765.5000	  0.4333
765.0000	  0.4325
764.5000	  0.4316
764.0000	  0.4313
763.5000	  0.4315
763.0000	  0.4308
762.5000	  0.4310
762.0000	  0.4304
761.5000	  0.4305
761.0000	  0.4298
760.5000	  0.4293
760.0000	  0.4294
759.5000	  0.4282
759.0000	  0.4291
758.5000	  0.4278
758.0000	  0.4271
757.5000	  0.4281
757.0000	  0.4268
756.5000	  0.4258
756.0000	  0.4262
755.5000	  0.4255
755.0000	  0.4262
754.5000	  0.4258
754.0000	  0.4253
753.5000	  0.4246
753.0000	  0.4238
752.5000	  0.4246
752.0000	  0.4241
751.5000	  0.4227
751.0000	  0.4230
750.5000	  0.4227
750.0000	  0.4221
749.5000	  0.4222
749.0000	  0.4217
748.5000	  0.4214
748.0000	  0.4209
747.5000	  0.4207
747.0000	  0.4209
746.5000	  0.4200
746.0000	  0.4204
745.5000	  0.4193
745.0000	  0.4194
744.5000	  0.4188
744.0000	  0.4181
743.5000	  0.4184
743.0000	  0.4177
742.5000	  0.4183
742.0000	  0.4171
741.5000	  0.4161
741.0000	  0.4173
740.5000	  0.4163
740.0000	  0.4145
739.5000	  0.4164
739.0000	  0.4155
738.5000	  0.4145
738.0000	  0.4148
737.5000	  0.4141
737.0000	  0.4144
736.5000	  0.4133
736.0000	  0.4135
735.5000	  0.4135
735.0000	  0.4131
734.5000	  0.4128
734.0000	  0.4118
733.5000	  0.4120
733.0000	  0.4118
732.5000	  0.4119
732.0000	  0.4116
731.5000	  0.4114
731.0000	  0.4120
730.5000	  0.4109
730.0000	  0.4110
729.5000	  0.4109
729.0000	  0.4108
728.5000	  0.4113
728.0000	  0.4103
727.5000	  0.4121
727.0000	  0.4105
726.5000	  0.4117
726.0000	  0.4118
725.5000	  0.4103
725.0000	  0.4119
724.5000	  0.4119
724.0000	  0.4121
723.5000	  0.4125
723.0000	  0.4128
722.5000	  0.4140
722.0000	  0.4135
721.5000	  0.4150
721.0000	  0.4141
720.5000	  0.4167
720.0000	  0.4171
719.5000	  0.4182
719.0000	  0.4186
718.5000	  0.4179
718.0000	  0.4198
717.5000	  0.4185
717.0000	  0.4195
716.5000	  0.4186
716.0000	  0.4176
715.5000	  0.4165
715.0000	  0.4151
714.5000	  0.4125
714.0000	  0.4102
713.5000	  0.4101
713.0000	  0.4081
712.5000	  0.4056
712.0000	  0.4042
711.5000	  0.4021
711.0000	  0.4013
710.5000	  0.3994
710.0000	  0.3988
709.5000	  0.3962
709.0000	  0.3958
708.5000	  0.3948
708.0000	  0.3946
707.5000	  0.3929
707.0000	  0.3921
706.5000	  0.3918
706.0000	  0.3913
705.5000	  0.3911
705.0000	  0.3901
704.5000	  0.3900
704.0000	  0.3904
703.5000	  0.3890
703.0000	  0.3894
702.5000	  0.3880
702.0000	  0.3881
701.5000	  0.3873
701.0000	  0.3873
700.5000	  0.3871
700.0000	  0.3866
699.5000	  0.3864
699.0000	  0.3857
698.5000	  0.3852
698.0000	  0.3850
697.5000	  0.3850
697.0000	  0.3834
696.5000	  0.3834
696.0000	  0.3830
695.5000	  0.3831
695.0000	  0.3822
694.5000	  0.3820
694.0000	  0.3821
693.5000	  0.3812
693.0000	  0.3817
692.5000	  0.3800
692.0000	  0.3805
691.5000	  0.3795
691.0000	  0.3793
690.5000	  0.3786
690.0000	  0.3779
689.5000	  0.3775
689.0000	  0.3770
688.5000	  0.3770
688.0000	  0.3768
687.5000	  0.3761
687.0000	  0.3762
686.5000	  0.3751
686.0000	  0.3749
685.5000	  0.3748
685.0000	  0.3738
684.5000	  0.3741
684.0000	  0.3734
683.5000	  0.3730
683.0000	  0.3720
682.5000	  0.3723
682.0000	  0.3715
681.5000	  0.3718
681.0000	  0.3708
680.5000	  0.3705
680.0000	  0.3701
679.5000	  0.3701
679.0000	  0.3689
678.5000	  0.3686
678.0000	  0.3686
677.5000	  0.3688
677.0000	  0.3676
676.5000	  0.3673
676.0000	  0.3669
675.5000	  0.3663
675.0000	  0.3661
674.5000	  0.3659
674.0000	  0.3653
673.5000	  0.3653
673.0000	  0.3654
672.5000	  0.3642
672.0000	  0.3637
671.5000	  0.3636
671.0000	  0.3627
670.5000	  0.3631
670.0000	  0.3632
669.5000	  0.3616
669.0000	  0.3621
668.5000	  0.3617
668.0000	  0.3606
667.5000	  0.3608
667.0000	  0.3609
666.5000	  0.3600
666.0000	  0.3595
665.5000	  0.3591
665.0000	  0.3589
664.5000	  0.3586
664.0000	  0.3583
663.5000	  0.3577
663.0000	  0.3577
662.5000	  0.3576
662.0000	  0.3573
661.5000	  0.3568
661.0000	  0.3563
660.5000	  0.3562
660.0000	  0.3555
659.5000	  0.3559
659.0000	  0.3550
658.5000	  0.3543
658.0000	  0.3543
657.5000	  0.3540
657.0000	  0.3535
656.5000	  0.3528
656.0000	  0.3535
655.5000	  0.3525
655.0000	  0.3521
654.5000	  0.3520
654.0000	  0.3519
653.5000	  0.3513
653.0000	  0.3508
652.5000	  0.3504
652.0000	  0.3506
651.5000	  0.3502
651.0000	  0.3500
650.5000	  0.3494
650.0000	  0.3493
649.5000	  0.3491
649.0000	  0.3484
648.5000	  0.3482
648.0000	  0.3473
647.5000	  0.3471
647.0000	  0.3469
646.5000	  0.3468
646.0000	  0.3461
645.5000	  0.3456
645.0000	  0.3458
644.5000	  0.3454
644.0000	  0.3455
643.5000	  0.3447
643.0000	  0.3449
642.5000	  0.3440
642.0000	  0.3442
641.5000	  0.3434
641.0000	  0.3432
640.5000	  0.3428
640.0000	  0.3428
639.5000	  0.3422
639.0000	  0.3420
638.5000	  0.3418
638.0000	  0.3412
637.5000	  0.3411
637.0000	  0.3408
636.5000	  0.3408
636.0000	  0.3403
635.5000	  0.3404
635.0000	  0.3400
634.5000	  0.3394
634.0000	  0.3395
633.5000	  0.3391
633.0000	  0.3388
632.5000	  0.3384
632.0000	  0.3391
631.5000	  0.3386
631.0000	  0.3387
630.5000	  0.3387
630.0000	  0.3387
629.5000	  0.3388
629.0000	  0.3393
628.5000	  0.3393
628.0000	  0.3395
627.5000	  0.3400
627.0000	  0.3407
626.5000	  0.3408
626.0000	  0.3413
625.5000	  0.3423
625.0000	  0.3424
624.5000	  0.3429
624.0000	  0.3430
623.5000	  0.3440
623.0000	  0.3444
622.5000	  0.3446
622.0000	  0.3450
621.5000	  0.3453
621.0000	  0.3459
620.5000	  0.3461
620.0000	  0.3463
619.5000	  0.3459
619.0000	  0.3472
618.5000	  0.3468
618.0000	  0.3466
617.5000	  0.3466
617.0000	  0.3466
616.5000	  0.3461
616.0000	  0.3463
615.5000	  0.3462
615.0000	  0.3459
614.5000	  0.3462
614.0000	  0.3462
613.5000	  0.3462
613.0000	  0.3459
612.5000	  0.3464
612.0000	  0.3460
611.5000	  0.3462
611.0000	  0.3463
610.5000	  0.3469
610.0000	  0.3465
609.5000	  0.3469
609.0000	  0.3464
608.5000	  0.3463
608.0000	  0.3469
607.5000	  0.3474
607.0000	  0.3470
606.5000	  0.3473
606.0000	  0.3476
605.5000	  0.3477
605.0000	  0.3479
604.5000	  0.3479
604.0000	  0.3486
603.5000	  0.3484
603.0000	  0.3490
602.5000	  0.3491
602.0000	  0.3493
601.5000	  0.3501
601.0000	  0.3500
600.5000	  0.3503
600.0000	  0.3503
599.5000	  0.3517
599.0000	  0.3510
598.5000	  0.3513
598.0000	  0.3520
597.5000	  0.3519
597.0000	  0.3527
596.5000	  0.3535
596.0000	  0.3533
595.5000	  0.3534
595.0000	  0.3543
594.5000	  0.3540
594.0000	  0.3545
593.5000	  0.3555
593.0000	  0.3558
592.5000	  0.3561
592.0000	  0.3563
591.5000	  0.3566
591.0000	  0.3574
590.5000	  0.3580
590.0000	  0.3588
589.5000	  0.3585
589.0000	  0.3595
588.5000	  0.3601
588.0000	  0.3605
587.5000	  0.3611
587.0000	  0.3616
586.5000	  0.3622
586.0000	  0.3627
585.5000	  0.3633
585.0000	  0.3637
584.5000	  0.3646
584.0000	  0.3651
583.5000	  0.3661
583.0000	  0.3663
582.5000	  0.3666
582.0000	  0.3681
581.5000	  0.3683
581.0000	  0.3691
580.5000	  0.3700
580.0000	  0.3704
579.5000	  0.3713
579.0000	  0.3724
578.5000	  0.3730
578.0000	  0.3733
577.5000	  0.3746
577.0000	  0.3754
576.5000	  0.3758
576.0000	  0.3764
575.5000	  0.3774
575.0000	  0.3781
574.5000	  0.3794
574.0000	  0.3802
573.5000	  0.3816
573.0000	  0.3822
572.5000	  0.3832
572.0000	  0.3838
571.5000	  0.3849
571.0000	  0.3862
570.5000	  0.3870
570.0000	  0.3876
569.5000	  0.3892
569.0000	  0.3902
568.5000	  0.3907
568.0000	  0.3920
567.5000	  0.3932
567.0000	  0.3940
566.5000	  0.3958
566.0000	  0.3970
565.5000	  0.3978
565.0000	  0.3986
564.5000	  0.4006
564.0000	  0.4017
563.5000	  0.4022
563.0000	  0.4039
562.5000	  0.4055
562.0000	  0.4067
561.5000	  0.4084
561.0000	  0.4090
560.5000	  0.4107
560.0000	  0.4127
559.5000	  0.4140
559.0000	  0.4151
558.5000	  0.4167
558.0000	  0.4179
557.5000	  0.4196
557.0000	  0.4206
556.5000	  0.4222
556.0000	  0.4245
555.5000	  0.4253
555.0000	  0.4268
554.5000	  0.4286
554.0000	  0.4304
553.5000	  0.4314
553.0000	  0.4329
552.5000	  0.4342
552.0000	  0.4359
551.5000	  0.4377
551.0000	  0.4388
550.5000	  0.4405
550.0000	  0.4423
549.5000	  0.4443
549.0000	  0.4463
548.5000	  0.4473
548.0000	  0.4493
547.5000	  0.4511
547.0000	  0.4527
546.5000	  0.4545
546.0000	  0.4558
545.5000	  0.4579
545.0000	  0.4597
544.5000	  0.4620
544.0000	  0.4626
543.5000	  0.4648
543.0000	  0.4671
542.5000	  0.4689
542.0000	  0.4703
541.5000	  0.4719
541.0000	  0.4739
540.5000	  0.4758
540.0000	  0.4779
539.5000	  0.4798
539.0000	  0.4819
538.5000	  0.4834
538.0000	  0.4854
537.5000	  0.4871
537.0000	  0.4895
536.5000	  0.4913
536.0000	  0.4936
535.5000	  0.4952
535.0000	  0.4965
534.5000	  0.4991
534.0000	  0.5015
533.5000	  0.5034
533.0000	  0.5050
532.5000	  0.5073
532.0000	  0.5092
531.5000	  0.5114
531.0000	  0.5136
530.5000	  0.5154
530.0000	  0.5170
529.5000	  0.5196
529.0000	  0.5208
528.5000	  0.5227
528.0000	  0.5254
527.5000	  0.5274
527.0000	  0.5296
526.5000	  0.5314
526.0000	  0.5339
525.5000	  0.5355
525.0000	  0.5371
524.5000	  0.5388
524.0000	  0.5410
523.5000	  0.5429
523.0000	  0.5454
522.5000	  0.5474
522.0000	  0.5493
521.5000	  0.5512
521.0000	  0.5531
520.5000	  0.5546
520.0000	  0.5560
519.5000	  0.5587
519.0000	  0.5609
518.5000	  0.5625
518.0000	  0.5636
517.5000	  0.5658
517.0000	  0.5669
516.5000	  0.5692
516.0000	  0.5708
515.5000	  0.5724
515.0000	  0.5747
514.5000	  0.5759
514.0000	  0.5770
513.5000	  0.5788
513.0000	  0.5809
512.5000	  0.5818
512.0000	  0.5835
511.5000	  0.5853
511.0000	  0.5864
510.5000	  0.5884
510.0000	  0.5898
509.5000	  0.5907
509.0000	  0.5919
508.5000	  0.5952
508.0000	  0.5960
507.5000	  0.5972
507.0000	  0.5991
506.5000	  0.6009
506.0000	  0.6021
505.5000	  0.6036
505.0000	  0.6047
504.5000	  0.6072
504.0000	  0.6079
503.5000	  0.6102
503.0000	  0.6106
502.5000	  0.6132
502.0000	  0.6141
501.5000	  0.6165
501.0000	  0.6168
500.5000	  0.6186
500.0000	  0.6209
499.5000	  0.6214
499.0000	  0.6229
498.5000	  0.6233
498.0000	  0.6251
497.5000	  0.6255
497.0000	  0.6268
496.5000	  0.6284
496.0000	  0.6288
495.5000	  0.6292
495.0000	  0.6307
494.5000	  0.6310
494.0000	  0.6306
493.5000	  0.6329
493.0000	  0.6323
492.5000	  0.6322
492.0000	  0.6331
491.5000	  0.6338
491.0000	  0.6340
490.5000	  0.6350
490.0000	  0.6344
489.5000	  0.6347
489.0000	  0.6343
488.5000	  0.6348
488.0000	  0.6330
487.5000	  0.6347
487.0000	  0.6345
486.5000	  0.6352
486.0000	  0.6343
485.5000	  0.6328
485.0000	  0.6342
484.5000	  0.6342
484.0000	  0.6345
483.5000	  0.6340
483.0000	  0.6342
482.5000	  0.6340
482.0000	  0.6337
481.5000	  0.6338
481.0000	  0.6342
480.5000	  0.6334
480.0000	  0.6344
479.5000	  0.6327
479.0000	  0.6336
478.5000	  0.6336
478.0000	  0.6329
477.5000	  0.6323
477.0000	  0.6330
476.5000	  0.6327
476.0000	  0.6330
475.5000	  0.6320
475.0000	  0.6332
474.5000	  0.6321
474.0000	  0.6320
473.5000	  0.6328
473.0000	  0.6315
472.5000	  0.6319
472.0000	  0.6327
471.5000	  0.6329
471.0000	  0.6327
470.5000	  0.6321
470.0000	  0.6334
469.5000	  0.6332
469.0000	  0.6333
468.5000	  0.6337
468.0000	  0.6339
467.5000	  0.6335
467.0000	  0.6343
466.5000	  0.6336
466.0000	  0.6348
465.5000	  0.6345
465.0000	  0.6365
464.5000	  0.6349
464.0000	  0.6351
463.5000	  0.6368
463.0000	  0.6370
462.5000	  0.6366
462.0000	  0.6357
461.5000	  0.6381
461.0000	  0.6367
460.5000	  0.6376
460.0000	  0.6382
459.5000	  0.6395
459.0000	  0.6401
458.5000	  0.6397
458.0000	  0.6398
457.5000	  0.6389
457.0000	  0.6405
456.5000	  0.6405
456.0000	  0.6383
455.5000	  0.6389
455.0000	  0.6386
454.5000	  0.6383
454.0000	  0.6384
453.5000	  0.6370
453.0000	  0.6365
452.5000	  0.6349
452.0000	  0.6349
451.5000	  0.6316
451.0000	  0.6313
450.5000	  0.6313
450.0000	  0.6294
449.5000	  0.6270
449.0000	  0.6255
448.5000	  0.6255
448.0000	  0.6243
447.5000	  0.6230
447.0000	  0.6211
446.5000	  0.6195
446.0000	  0.6190
445.5000	  0.6174
445.0000	  0.6166
444.5000	  0.6143
444.0000	  0.6143
443.5000	  0.6139
443.0000	  0.6134
442.5000	  0.6121
442.0000	  0.6114
441.5000	  0.6102
441.0000	  0.6098
440.5000	  0.6096
440.0000	  0.6088
439.5000	  0.6078
439.0000	  0.6075
438.5000	  0.6069
438.0000	  0.6060
437.5000	  0.6058
437.0000	  0.6060
436.5000	  0.6045
436.0000	  0.6047
435.5000	  0.6036
435.0000	  0.6036
434.5000	  0.6033
434.0000	  0.6026
433.5000	  0.6033
433.0000	  0.6022
432.5000	  0.6013
432.0000	  0.6019
431.5000	  0.6013
431.0000	  0.6010
430.5000	  0.6013
430.0000	  0.6003
429.5000	  0.6002
429.0000	  0.5998
428.5000	  0.5991
428.0000	  0.5993
427.5000	  0.5987
427.0000	  0.5991
426.5000	  0.5991
426.0000	  0.5993
425.5000	  0.5988
425.0000	  0.5992
424.5000	  0.5989
424.0000	  0.6000
423.5000	  0.5989
423.0000	  0.5995
422.5000	  0.5993
422.0000	  0.5987
421.5000	  0.5993
421.0000	  0.5991
420.5000	  0.5975
420.0000	  0.5989
419.5000	  0.5986
419.0000	  0.5981
418.5000	  0.5980
418.0000	  0.5992
417.5000	  0.5983
417.0000	  0.5976
416.5000	  0.5985
416.0000	  0.5990
415.5000	  0.5983
415.0000	  0.5986
414.5000	  0.5979
414.0000	  0.5968
413.5000	  0.5984
413.0000	  0.5987
412.5000	  0.5986
412.0000	  0.5973
411.5000	  0.5985
411.0000	  0.5971
410.5000	  0.5973
410.0000	  0.5971
409.5000	  0.5970
409.0000	  0.5972
408.5000	  0.5974
408.0000	  0.5990
407.5000	  0.5970
407.0000	  0.5978
406.5000	  0.5972
406.0000	  0.5965
405.5000	  0.5971
405.0000	  0.5978
404.5000	  0.5977
404.0000	  0.5973
403.5000	  0.5968
403.0000	  0.5977
402.5000	  0.5978
402.0000	  0.5969
401.5000	  0.5973
401.0000	  0.5965
400.5000	  0.5976
400.0000	  0.5975
399.5000	  0.5971
399.0000	  0.5961
398.5000	  0.5971
398.0000	  0.5962
397.5000	  0.5971
397.0000	  0.5966
396.5000	  0.5969
396.0000	  0.5966
395.5000	  0.5961
395.0000	  0.5966
394.5000	  0.5965
394.0000	  0.5971
393.5000	  0.5980
393.0000	  0.5981
392.5000	  0.5969
392.0000	  0.5975
391.5000	  0.5974
391.0000	  0.5982
390.5000	  0.5981
390.0000	  0.5985
389.5000	  0.5989
389.0000	  0.5998
388.5000	  0.6003
388.0000	  0.6006
387.5000	  0.6020
387.0000	  0.6010
386.5000	  0.6026
386.0000	  0.6020
385.5000	  0.6027
385.0000	  0.6026
384.5000	  0.6063
384.0000	  0.6047
383.5000	  0.6037
383.0000	  0.6065
382.5000	  0.6053
382.0000	  0.6049
381.5000	  0.6055
381.0000	  0.6070
380.5000	  0.6074
380.0000	  0.6085
379.5000	  0.6076
379.0000	  0.6068
378.5000	  0.6090
378.0000	  0.6078
377.5000	  0.6087
377.0000	  0.6082
376.5000	  0.6102
376.0000	  0.6106
375.5000	  0.6102
375.0000	  0.6101
374.5000	  0.6085
374.0000	  0.6114
373.5000	  0.6102
373.0000	  0.6089
372.5000	  0.6102
372.0000	  0.6111
371.5000	  0.6100
371.0000	  0.6116
370.5000	  0.6123
370.0000	  0.6133
369.5000	  0.6108
369.0000	  0.6127
368.5000	  0.6146
368.0000	  0.6142
367.5000	  0.6133
367.0000	  0.6135
366.5000	  0.6140
366.0000	  0.6132
365.5000	  0.6135
365.0000	  0.6129
364.5000	  0.6144
364.0000	  0.6160
363.5000	  0.6153
363.0000	  0.6164
362.5000	  0.6171
362.0000	  0.6158
361.5000	  0.6164
361.0000	  0.6175
360.5000	  0.6171
360.0000	  0.6198
359.5000	  0.6179
359.0000	  0.6186
358.5000	  0.6199
358.0000	  0.6190
357.5000	  0.6202
357.0000	  0.6181
356.5000	  0.6176
356.0000	  0.6180
355.5000	  0.6184
355.0000	  0.6192
354.5000	  0.6185
354.0000	  0.6219
353.5000	  0.6179
353.0000	  0.6212
352.5000	  0.6208
352.0000	  0.6213
351.5000	  0.6217
351.0000	  0.6196
350.5000	  0.6202
350.0000	  0.6213
