31/05/2023 14.08.53
31/05/2023 14.16.14

900.0000	 38.7100

900.0000	 38.7100

900.0000	 41.6700



  1.0000
900.0000
  3.0000
340.0000
  1.0000
1101.0000
  5.0000
  6.0000
  1.0000
  1.0000
  0.0000
  0.0000
100.0000
  0.0000
  1.0000
  0.0000
500.0000
900.0000
350.0000
  4.0000
  1.0000
 18.0000
  2.0000
  1.0000
255.0000
  0.9118
  1.0000
 30.0000
  4.0000
500.0000
  0.0000
  0.0000
  4.0000
900.0000
350.0000
  0.0000
100.0000
  0.0000
  1.0000
  0.0000
500.0000
  1.0000
  1.0000
  1.0000
  1.0000
  4.0000
  0.0000
  1.0000
  1.0000
  1.0000
  1.0000
  1.0000
  2.0000
  1.0000
  1.0000
  1.0000
  3.0000
  1.0000
  1.0000
  1.0000
  4.0000
  5.0000
440.491
0.000
900.0000	  0.3558
899.5000	  0.3456
899.0000	  0.2409
898.5000	  0.3164
898.0000	  0.3802
897.5000	  0.3110
897.0000	  0.2703
896.5000	  0.2972
896.0000	  0.3591
895.5000	  0.3680
895.0000	  0.3523
894.5000	  0.3550
894.0000	  0.3567
893.5000	  0.3698
893.0000	  0.3645
892.5000	  0.4113
892.0000	  0.3451
891.5000	  0.2855
891.0000	  0.3754
890.5000	  0.3600
890.0000	  0.3380
889.5000	  0.2971
889.0000	  0.3496
888.5000	  0.3889
888.0000	  0.3640
887.5000	  0.3725
887.0000	  0.3406
886.5000	  0.3311
886.0000	  0.3385
885.5000	  0.3656
885.0000	  0.3793
884.5000	  0.3332
884.0000	  0.3623
883.5000	  0.3430
883.0000	  0.3615
882.5000	  0.3682
882.0000	  0.3483
881.5000	  0.3558
881.0000	  0.3520
880.5000	  0.3715
880.0000	  0.3436
879.5000	  0.3465
879.0000	  0.3390
878.5000	  0.3396
878.0000	  0.3649
877.5000	  0.3557
877.0000	  0.3483
876.5000	  0.3392
876.0000	  0.3417
875.5000	  0.3418
875.0000	  0.3427
874.5000	  0.3476
874.0000	  0.3459
873.5000	  0.3550
873.0000	  0.3505
872.5000	  0.3496
872.0000	  0.3531
871.5000	  0.3533
871.0000	  0.3353
870.5000	  0.3480
870.0000	  0.3486
869.5000	  0.3523
869.0000	  0.3460
868.5000	  0.3543
868.0000	  0.3476
867.5000	  0.3541
867.0000	  0.3497
866.5000	  0.3455
866.0000	  0.3459
865.5000	  0.3535
865.0000	  0.3471
864.5000	  0.3481
864.0000	  0.3497
863.5000	  0.3522
863.0000	  0.3514
862.5000	  0.3472
862.0000	  0.3543
861.5000	  0.3528
861.0000	  0.3534
860.5000	  0.3508
860.0000	  0.3513
859.5000	  0.3530
859.0000	  0.3529
858.5000	  0.3526
858.0000	  0.3509
857.5000	  0.3506
857.0000	  0.3504
856.5000	  0.3520
856.0000	  0.3564
855.5000	  0.3509
855.0000	  0.3532
854.5000	  0.3530
854.0000	  0.3513
853.5000	  0.3527
853.0000	  0.3562
852.5000	  0.3529
852.0000	  0.3538
851.5000	  0.3551
851.0000	  0.3534
850.5000	  0.3520
850.0000	  0.3547
849.5000	  0.3551
849.0000	  0.3540
848.5000	  0.3550
848.0000	  0.3543
847.5000	  0.3547
847.0000	  0.3536
846.5000	  0.3530
846.0000	  0.3521
845.5000	  0.3523
845.0000	  0.3526
844.5000	  0.3536
844.0000	  0.3531
843.5000	  0.3539
843.0000	  0.3522
842.5000	  0.3542
842.0000	  0.3516
841.5000	  0.3541
841.0000	  0.3536
840.5000	  0.3530
840.0000	  0.3530
839.5000	  0.3528
839.0000	  0.3523
838.5000	  0.3525
838.0000	  0.3528
837.5000	  0.3520
837.0000	  0.3527
836.5000	  0.3529
836.0000	  0.3513
835.5000	  0.3506
835.0000	  0.3516
834.5000	  0.3514
834.0000	  0.3507
833.5000	  0.3503
833.0000	  0.3500
832.5000	  0.3503
832.0000	  0.3521
831.5000	  0.3503
831.0000	  0.3503
830.5000	  0.3507
830.0000	  0.3506
829.5000	  0.3498
829.0000	  0.3492
828.5000	  0.3508
828.0000	  0.3490
827.5000	  0.3493
827.0000	  0.3497
826.5000	  0.3493
826.0000	  0.3485
825.5000	  0.3504
825.0000	  0.3488
824.5000	  0.3486
824.0000	  0.3494
823.5000	  0.3489
823.0000	  0.3488
822.5000	  0.3493
822.0000	  0.3486
821.5000	  0.3486
821.0000	  0.3491
820.5000	  0.3489
820.0000	  0.3491
819.5000	  0.3504
819.0000	  0.3489
818.5000	  0.3479
818.0000	  0.3504
817.5000	  0.3491
817.0000	  0.3476
816.5000	  0.3490
816.0000	  0.3497
815.5000	  0.3479
815.0000	  0.3498
814.5000	  0.3493
814.0000	  0.3482
813.5000	  0.3495
813.0000	  0.3491
812.5000	  0.3478
812.0000	  0.3491
811.5000	  0.3478
811.0000	  0.3473
810.5000	  0.3496
810.0000	  0.3488
809.5000	  0.3484
809.0000	  0.3504
808.5000	  0.3483
808.0000	  0.3476
807.5000	  0.3499
807.0000	  0.3477
806.5000	  0.3483
806.0000	  0.3497
805.5000	  0.3478
805.0000	  0.3490
804.5000	  0.3496
804.0000	  0.3472
803.5000	  0.3491
803.0000	  0.3488
802.5000	  0.3486
802.0000	  0.3505
801.5000	  0.3487
801.0000	  0.3474
800.5000	  0.3505
800.0000	  0.3479
799.5000	  0.3479
799.0000	  0.3499
798.5000	  0.3477
798.0000	  0.3486
797.5000	  0.3507
797.0000	  0.3471
796.5000	  0.3487
796.0000	  0.3499
795.5000	  0.3482
795.0000	  0.3497
794.5000	  0.3494
794.0000	  0.3476
793.5000	  0.3511
793.0000	  0.3485
792.5000	  0.3480
792.0000	  0.3511
791.5000	  0.3487
791.0000	  0.3480
790.5000	  0.3496
790.0000	  0.3476
789.5000	  0.3491
789.0000	  0.3491
788.5000	  0.3482
788.0000	  0.3498
787.5000	  0.3498
787.0000	  0.3479
786.5000	  0.3505
786.0000	  0.3501
785.5000	  0.3489
785.0000	  0.3508
784.5000	  0.3488
784.0000	  0.3490
783.5000	  0.3519
783.0000	  0.3478
782.5000	  0.3498
782.0000	  0.3511
781.5000	  0.3472
781.0000	  0.3503
780.5000	  0.3503
780.0000	  0.3483
779.5000	  0.3504
779.0000	  0.3502
778.5000	  0.3486
778.0000	  0.3504
777.5000	  0.3484
777.0000	  0.3496
776.5000	  0.3499
776.0000	  0.3484
775.5000	  0.3499
775.0000	  0.3499
774.5000	  0.3476
774.0000	  0.3507
773.5000	  0.3491
773.0000	  0.3494
772.5000	  0.3514
772.0000	  0.3478
771.5000	  0.3512
771.0000	  0.3499
770.5000	  0.3483
770.0000	  0.3510
769.5000	  0.3487
769.0000	  0.3493
768.5000	  0.3507
768.0000	  0.3479
767.5000	  0.3506
767.0000	  0.3497
766.5000	  0.3492
766.0000	  0.3511
765.5000	  0.3475
765.0000	  0.3510
764.5000	  0.3502
764.0000	  0.3486
763.5000	  0.3510
763.0000	  0.3486
762.5000	  0.3497
762.0000	  0.3508
761.5000	  0.3477
761.0000	  0.3514
760.5000	  0.3487
760.0000	  0.3505
759.5000	  0.3509
759.0000	  0.3486
758.5000	  0.3517
758.0000	  0.3499
757.5000	  0.3482
757.0000	  0.3507
756.5000	  0.3484
756.0000	  0.3507
755.5000	  0.3502
755.0000	  0.3492
754.5000	  0.3513
754.0000	  0.3480
753.5000	  0.3516
753.0000	  0.3493
752.5000	  0.3495
752.0000	  0.3510
751.5000	  0.3489
751.0000	  0.3504
750.5000	  0.3503
750.0000	  0.3497
749.5000	  0.3517
749.0000	  0.3485
748.5000	  0.3509
748.0000	  0.3511
747.5000	  0.3495
747.0000	  0.3520
746.5000	  0.3493
746.0000	  0.3507
745.5000	  0.3510
745.0000	  0.3495
744.5000	  0.3517
744.0000	  0.3499
743.5000	  0.3503
743.0000	  0.3519
742.5000	  0.3495
742.0000	  0.3522
741.5000	  0.3493
741.0000	  0.3513
740.5000	  0.3522
740.0000	  0.3499
739.5000	  0.3523
739.0000	  0.3506
738.5000	  0.3506
738.0000	  0.3524
737.5000	  0.3511
737.0000	  0.3529
736.5000	  0.3508
736.0000	  0.3521
735.5000	  0.3527
735.0000	  0.3514
734.5000	  0.3532
734.0000	  0.3510
733.5000	  0.3536
733.0000	  0.3525
732.5000	  0.3524
732.0000	  0.3534
731.5000	  0.3522
731.0000	  0.3547
730.5000	  0.3534
730.0000	  0.3542
729.5000	  0.3539
729.0000	  0.3544
728.5000	  0.3559
728.0000	  0.3545
727.5000	  0.3560
727.0000	  0.3555
726.5000	  0.3568
726.0000	  0.3574
725.5000	  0.3570
725.0000	  0.3594
724.5000	  0.3584
724.0000	  0.3606
723.5000	  0.3592
723.0000	  0.3619
722.5000	  0.3616
722.0000	  0.3635
721.5000	  0.3649
721.0000	  0.3643
720.5000	  0.3661
720.0000	  0.3661
719.5000	  0.3686
719.0000	  0.3684
718.5000	  0.3698
718.0000	  0.3711
717.5000	  0.3700
717.0000	  0.3718
716.5000	  0.3686
716.0000	  0.3703
715.5000	  0.3683
715.0000	  0.3689
714.5000	  0.3673
714.0000	  0.3668
713.5000	  0.3653
713.0000	  0.3631
712.5000	  0.3628
712.0000	  0.3607
711.5000	  0.3611
711.0000	  0.3584
710.5000	  0.3591
710.0000	  0.3564
709.5000	  0.3568
709.0000	  0.3550
708.5000	  0.3550
708.0000	  0.3544
707.5000	  0.3536
707.0000	  0.3534
706.5000	  0.3525
706.0000	  0.3532
705.5000	  0.3538
705.0000	  0.3526
704.5000	  0.3529
704.0000	  0.3527
703.5000	  0.3542
703.0000	  0.3522
702.5000	  0.3534
702.0000	  0.3529
701.5000	  0.3536
701.0000	  0.3529
700.5000	  0.3531
700.0000	  0.3533
699.5000	  0.3527
699.0000	  0.3540
698.5000	  0.3523
698.0000	  0.3534
697.5000	  0.3522
697.0000	  0.3531
696.5000	  0.3521
696.0000	  0.3530
695.5000	  0.3531
695.0000	  0.3530
694.5000	  0.3526
694.0000	  0.3530
693.5000	  0.3534
693.0000	  0.3533
692.5000	  0.3531
692.0000	  0.3527
691.5000	  0.3537
691.0000	  0.3525
690.5000	  0.3535
690.0000	  0.3528
689.5000	  0.3536
689.0000	  0.3534
688.5000	  0.3533
688.0000	  0.3528
687.5000	  0.3535
687.0000	  0.3529
686.5000	  0.3538
686.0000	  0.3526
685.5000	  0.3532
685.0000	  0.3527
684.5000	  0.3539
684.0000	  0.3522
683.5000	  0.3532
683.0000	  0.3533
682.5000	  0.3535
682.0000	  0.3525
681.5000	  0.3534
681.0000	  0.3530
680.5000	  0.3535
680.0000	  0.3527
679.5000	  0.3532
679.0000	  0.3537
678.5000	  0.3542
678.0000	  0.3531
677.5000	  0.3531
677.0000	  0.3533
676.5000	  0.3536
676.0000	  0.3533
675.5000	  0.3532
675.0000	  0.3538
674.5000	  0.3532
674.0000	  0.3539
673.5000	  0.3535
673.0000	  0.3532
672.5000	  0.3535
672.0000	  0.3541
671.5000	  0.3538
671.0000	  0.3539
670.5000	  0.3538
670.0000	  0.3540
669.5000	  0.3532
669.0000	  0.3542
668.5000	  0.3547
668.0000	  0.3545
667.5000	  0.3537
667.0000	  0.3539
666.5000	  0.3538
666.0000	  0.3541
665.5000	  0.3538
665.0000	  0.3538
664.5000	  0.3543
664.0000	  0.3545
663.5000	  0.3539
663.0000	  0.3544
662.5000	  0.3544
662.0000	  0.3542
661.5000	  0.3543
661.0000	  0.3543
660.5000	  0.3545
660.0000	  0.3545
659.5000	  0.3553
659.0000	  0.3537
658.5000	  0.3553
658.0000	  0.3544
657.5000	  0.3552
657.0000	  0.3542
656.5000	  0.3551
656.0000	  0.3547
655.5000	  0.3551
655.0000	  0.3540
654.5000	  0.3554
654.0000	  0.3547
653.5000	  0.3558
653.0000	  0.3545
652.5000	  0.3553
652.0000	  0.3551
651.5000	  0.3551
651.0000	  0.3552
650.5000	  0.3555
650.0000	  0.3552
649.5000	  0.3551
649.0000	  0.3552
648.5000	  0.3548
648.0000	  0.3558
647.5000	  0.3550
647.0000	  0.3554
646.5000	  0.3552
646.0000	  0.3555
645.5000	  0.3551
645.0000	  0.3555
644.5000	  0.3552
644.0000	  0.3548
643.5000	  0.3555
643.0000	  0.3553
642.5000	  0.3554
642.0000	  0.3553
641.5000	  0.3550
641.0000	  0.3556
640.5000	  0.3548
640.0000	  0.3551
639.5000	  0.3547
639.0000	  0.3554
638.5000	  0.3548
638.0000	  0.3546
637.5000	  0.3546
637.0000	  0.3549
636.5000	  0.3543
636.0000	  0.3549
635.5000	  0.3547
635.0000	  0.3542
634.5000	  0.3540
634.0000	  0.3535
633.5000	  0.3545
633.0000	  0.3541
632.5000	  0.3537
632.0000	  0.3537
631.5000	  0.3540
631.0000	  0.3540
630.5000	  0.3548
630.0000	  0.3547
629.5000	  0.3558
629.0000	  0.3556
628.5000	  0.3567
628.0000	  0.3568
627.5000	  0.3578
627.0000	  0.3580
626.5000	  0.3600
626.0000	  0.3598
625.5000	  0.3609
625.0000	  0.3618
624.5000	  0.3629
624.0000	  0.3639
623.5000	  0.3645
623.0000	  0.3653
622.5000	  0.3663
622.0000	  0.3667
621.5000	  0.3679
621.0000	  0.3689
620.5000	  0.3695
620.0000	  0.3695
619.5000	  0.3702
619.0000	  0.3710
618.5000	  0.3710
618.0000	  0.3717
617.5000	  0.3716
617.0000	  0.3723
616.5000	  0.3720
616.0000	  0.3725
615.5000	  0.3720
615.0000	  0.3720
614.5000	  0.3719
614.0000	  0.3727
613.5000	  0.3716
613.0000	  0.3727
612.5000	  0.3729
612.0000	  0.3727
611.5000	  0.3736
611.0000	  0.3732
610.5000	  0.3735
610.0000	  0.3737
609.5000	  0.3743
609.0000	  0.3745
608.5000	  0.3744
608.0000	  0.3747
607.5000	  0.3755
607.0000	  0.3745
606.5000	  0.3761
606.0000	  0.3758
605.5000	  0.3768
605.0000	  0.3765
604.5000	  0.3764
604.0000	  0.3774
603.5000	  0.3772
603.0000	  0.3769
602.5000	  0.3779
602.0000	  0.3788
601.5000	  0.3784
601.0000	  0.3800
600.5000	  0.3796
600.0000	  0.3803
599.5000	  0.3801
599.0000	  0.3804
598.5000	  0.3811
598.0000	  0.3810
597.5000	  0.3809
597.0000	  0.3822
596.5000	  0.3820
596.0000	  0.3821
595.5000	  0.3835
595.0000	  0.3836
594.5000	  0.3837
594.0000	  0.3842
593.5000	  0.3840
593.0000	  0.3847
592.5000	  0.3858
592.0000	  0.3850
591.5000	  0.3865
591.0000	  0.3862
590.5000	  0.3870
590.0000	  0.3880
589.5000	  0.3881
589.0000	  0.3878
588.5000	  0.3896
588.0000	  0.3889
587.5000	  0.3897
587.0000	  0.3907
586.5000	  0.3911
586.0000	  0.3912
585.5000	  0.3918
585.0000	  0.3920
584.5000	  0.3930
584.0000	  0.3927
583.5000	  0.3927
583.0000	  0.3943
582.5000	  0.3943
582.0000	  0.3948
581.5000	  0.3952
581.0000	  0.3959
580.5000	  0.3962
580.0000	  0.3978
579.5000	  0.3969
579.0000	  0.3981
578.5000	  0.3986
578.0000	  0.3991
577.5000	  0.3995
577.0000	  0.4001
576.5000	  0.4014
576.0000	  0.4012
575.5000	  0.4026
575.0000	  0.4023
574.5000	  0.4025
574.0000	  0.4038
573.5000	  0.4047
573.0000	  0.4040
572.5000	  0.4053
572.0000	  0.4062
571.5000	  0.4065
571.0000	  0.4072
570.5000	  0.4083
570.0000	  0.4087
569.5000	  0.4088
569.0000	  0.4106
568.5000	  0.4109
568.0000	  0.4113
567.5000	  0.4122
567.0000	  0.4146
566.5000	  0.4132
566.0000	  0.4142
565.5000	  0.4152
565.0000	  0.4167
564.5000	  0.4162
564.0000	  0.4167
563.5000	  0.4183
563.0000	  0.4185
562.5000	  0.4205
562.0000	  0.4205
561.5000	  0.4217
561.0000	  0.4223
560.5000	  0.4236
560.0000	  0.4252
559.5000	  0.4259
559.0000	  0.4262
558.5000	  0.4276
558.0000	  0.4282
557.5000	  0.4292
557.0000	  0.4295
556.5000	  0.4309
556.0000	  0.4321
555.5000	  0.4334
555.0000	  0.4339
554.5000	  0.4349
554.0000	  0.4358
553.5000	  0.4363
553.0000	  0.4377
552.5000	  0.4387
552.0000	  0.4403
551.5000	  0.4398
551.0000	  0.4418
550.5000	  0.4420
550.0000	  0.4440
549.5000	  0.4441
549.0000	  0.4453
548.5000	  0.4467
548.0000	  0.4482
547.5000	  0.4483
547.0000	  0.4499
546.5000	  0.4512
546.0000	  0.4523
545.5000	  0.4529
545.0000	  0.4541
544.5000	  0.4556
544.0000	  0.4564
543.5000	  0.4579
543.0000	  0.4584
542.5000	  0.4597
542.0000	  0.4608
541.5000	  0.4630
541.0000	  0.4631
540.5000	  0.4649
540.0000	  0.4659
539.5000	  0.4677
539.0000	  0.4680
538.5000	  0.4695
538.0000	  0.4705
537.5000	  0.4720
537.0000	  0.4729
536.5000	  0.4745
536.0000	  0.4755
535.5000	  0.4770
535.0000	  0.4770
534.5000	  0.4788
534.0000	  0.4812
533.5000	  0.4815
533.0000	  0.4829
532.5000	  0.4840
532.0000	  0.4857
531.5000	  0.4862
531.0000	  0.4879
530.5000	  0.4891
530.0000	  0.4908
529.5000	  0.4912
529.0000	  0.4934
528.5000	  0.4934
528.0000	  0.4961
527.5000	  0.4971
527.0000	  0.4985
526.5000	  0.4990
526.0000	  0.5009
525.5000	  0.5016
525.0000	  0.5038
524.5000	  0.5035
524.0000	  0.5056
523.5000	  0.5070
523.0000	  0.5080
522.5000	  0.5090
522.0000	  0.5104
521.5000	  0.5117
521.0000	  0.5126
520.5000	  0.5134
520.0000	  0.5145
519.5000	  0.5158
519.0000	  0.5171
518.5000	  0.5186
518.0000	  0.5188
517.5000	  0.5200
517.0000	  0.5216
516.5000	  0.5225
516.0000	  0.5230
515.5000	  0.5243
515.0000	  0.5244
514.5000	  0.5265
514.0000	  0.5264
513.5000	  0.5279
513.0000	  0.5283
512.5000	  0.5299
512.0000	  0.5297
511.5000	  0.5313
511.0000	  0.5315
510.5000	  0.5330
510.0000	  0.5326
509.5000	  0.5339
509.0000	  0.5349
508.5000	  0.5355
508.0000	  0.5360
507.5000	  0.5381
507.0000	  0.5394
506.5000	  0.5394
506.0000	  0.5402
505.5000	  0.5413
505.0000	  0.5426
504.5000	  0.5430
504.0000	  0.5451
503.5000	  0.5455
503.0000	  0.5468
502.5000	  0.5468
502.0000	  0.5491
501.5000	  0.5486
501.0000	  0.5501
500.5000	  0.5508
500.0000	  0.5523
499.5000	  0.5517
499.0000	  0.5527
498.5000	  0.5534
498.0000	  0.5550
497.5000	  0.5541
497.0000	  0.5549
496.5000	  0.5562
496.0000	  0.5566
495.5000	  0.5556
495.0000	  0.5564
494.5000	  0.5563
494.0000	  0.5569
493.5000	  0.5569
493.0000	  0.5564
492.5000	  0.5576
492.0000	  0.5564
491.5000	  0.5566
491.0000	  0.5557
490.5000	  0.5556
490.0000	  0.5548
489.5000	  0.5547
489.0000	  0.5538
488.5000	  0.5545
488.0000	  0.5525
487.5000	  0.5530
487.0000	  0.5517
486.5000	  0.5506
486.0000	  0.5509
485.5000	  0.5505
485.0000	  0.5492
484.5000	  0.5487
484.0000	  0.5485
483.5000	  0.5479
483.0000	  0.5478
482.5000	  0.5469
482.0000	  0.5457
481.5000	  0.5458
481.0000	  0.5454
480.5000	  0.5442
480.0000	  0.5441
479.5000	  0.5427
479.0000	  0.5430
478.5000	  0.5415
478.0000	  0.5417
477.5000	  0.5407
477.0000	  0.5406
476.5000	  0.5394
476.0000	  0.5395
475.5000	  0.5389
475.0000	  0.5386
474.5000	  0.5380
474.0000	  0.5383
473.5000	  0.5373
473.0000	  0.5374
472.5000	  0.5378
472.0000	  0.5359
471.5000	  0.5364
471.0000	  0.5352
470.5000	  0.5356
470.0000	  0.5347
469.5000	  0.5347
469.0000	  0.5344
468.5000	  0.5357
468.0000	  0.5340
467.5000	  0.5338
467.0000	  0.5336
466.5000	  0.5336
466.0000	  0.5327
465.5000	  0.5330
465.0000	  0.5340
464.5000	  0.5329
464.0000	  0.5338
463.5000	  0.5334
463.0000	  0.5340
462.5000	  0.5335
462.0000	  0.5342
461.5000	  0.5335
461.0000	  0.5334
460.5000	  0.5337
460.0000	  0.5344
459.5000	  0.5338
459.0000	  0.5345
458.5000	  0.5337
458.0000	  0.5346
457.5000	  0.5334
457.0000	  0.5336
456.5000	  0.5328
456.0000	  0.5336
455.5000	  0.5333
455.0000	  0.5325
454.5000	  0.5324
454.0000	  0.5317
453.5000	  0.5310
453.0000	  0.5297
452.5000	  0.5297
452.0000	  0.5281
451.5000	  0.5272
451.0000	  0.5260
450.5000	  0.5253
450.0000	  0.5233
449.5000	  0.5231
449.0000	  0.5221
448.5000	  0.5207
448.0000	  0.5196
447.5000	  0.5192
447.0000	  0.5171
446.5000	  0.5150
446.0000	  0.5141
445.5000	  0.5144
445.0000	  0.5122
444.5000	  0.5119
444.0000	  0.5110
443.5000	  0.5096
443.0000	  0.5088
442.5000	  0.5078
442.0000	  0.5081
441.5000	  0.5059
441.0000	  0.5058
440.5000	  0.5040
440.0000	  0.5045
439.5000	  0.5032
439.0000	  0.5030
438.5000	  0.5011
438.0000	  0.5015
437.5000	  0.5007
437.0000	  0.5002
436.5000	  0.4988
436.0000	  0.4994
435.5000	  0.4986
435.0000	  0.4988
434.5000	  0.4973
434.0000	  0.4969
433.5000	  0.4972
433.0000	  0.4961
432.5000	  0.4966
432.0000	  0.4952
431.5000	  0.4963
431.0000	  0.4948
430.5000	  0.4955
430.0000	  0.4945
429.5000	  0.4944
429.0000	  0.4940
428.5000	  0.4940
428.0000	  0.4926
427.5000	  0.4927
427.0000	  0.4929
426.5000	  0.4923
426.0000	  0.4920
425.5000	  0.4910
425.0000	  0.4916
424.5000	  0.4906
424.0000	  0.4915
423.5000	  0.4909
423.0000	  0.4911
422.5000	  0.4904
422.0000	  0.4918
421.5000	  0.4896
421.0000	  0.4904
420.5000	  0.4903
420.0000	  0.4915
419.5000	  0.4911
419.0000	  0.4902
418.5000	  0.4907
418.0000	  0.4902
417.5000	  0.4906
417.0000	  0.4895
416.5000	  0.4902
416.0000	  0.4894
415.5000	  0.4901
415.0000	  0.4894
414.5000	  0.4902
414.0000	  0.4893
413.5000	  0.4900
413.0000	  0.4893
412.5000	  0.4893
412.0000	  0.4900
411.5000	  0.4894
411.0000	  0.4889
410.5000	  0.4888
410.0000	  0.4889
409.5000	  0.4884
409.0000	  0.4877
408.5000	  0.4894
408.0000	  0.4880
407.5000	  0.4885
407.0000	  0.4885
406.5000	  0.4868
406.0000	  0.4889
405.5000	  0.4878
405.0000	  0.4891
404.5000	  0.4882
404.0000	  0.4875
403.5000	  0.4878
403.0000	  0.4872
402.5000	  0.4870
402.0000	  0.4881
401.5000	  0.4874
401.0000	  0.4881
400.5000	  0.4871
400.0000	  0.4866
399.5000	  0.4875
399.0000	  0.4875
398.5000	  0.4875
398.0000	  0.4870
397.5000	  0.4879
397.0000	  0.4862
396.5000	  0.4870
396.0000	  0.4859
395.5000	  0.4860
395.0000	  0.4872
394.5000	  0.4864
394.0000	  0.4857
393.5000	  0.4877
393.0000	  0.4860
392.5000	  0.4874
392.0000	  0.4865
391.5000	  0.4875
391.0000	  0.4881
390.5000	  0.4864
390.0000	  0.4873
389.5000	  0.4885
389.0000	  0.4885
388.5000	  0.4893
388.0000	  0.4894
387.5000	  0.4886
387.0000	  0.4901
386.5000	  0.4901
386.0000	  0.4905
385.5000	  0.4901
385.0000	  0.4915
384.5000	  0.4911
384.0000	  0.4918
383.5000	  0.4918
383.0000	  0.4928
382.5000	  0.4932
382.0000	  0.4925
381.5000	  0.4928
381.0000	  0.4928
380.5000	  0.4946
380.0000	  0.4933
379.5000	  0.4949
379.0000	  0.4935
378.5000	  0.4954
378.0000	  0.4940
377.5000	  0.4956
377.0000	  0.4959
376.5000	  0.4949
376.0000	  0.4957
375.5000	  0.4961
375.0000	  0.4953
374.5000	  0.4952
374.0000	  0.4949
373.5000	  0.4947
373.0000	  0.4965
372.5000	  0.4956
372.0000	  0.4976
371.5000	  0.4960
371.0000	  0.4978
370.5000	  0.4964
370.0000	  0.4968
369.5000	  0.4960
369.0000	  0.4977
368.5000	  0.4985
368.0000	  0.4978
367.5000	  0.4980
367.0000	  0.4973
366.5000	  0.4983
366.0000	  0.4983
365.5000	  0.4989
365.0000	  0.4976
364.5000	  0.4987
364.0000	  0.4989
363.5000	  0.4983
363.0000	  0.4973
362.5000	  0.4991
362.0000	  0.4987
361.5000	  0.4994
361.0000	  0.4989
360.5000	  0.5005
360.0000	  0.4985
359.5000	  0.4991
359.0000	  0.4983
358.5000	  0.4993
358.0000	  0.4987
357.5000	  0.4995
357.0000	  0.4992
356.5000	  0.5015
356.0000	  0.4989
355.5000	  0.4992
355.0000	  0.4986
354.5000	  0.4982
354.0000	  0.5001
353.5000	  0.5013
353.0000	  0.4980
352.5000	  0.4978
352.0000	  0.4992
351.5000	  0.4970
351.0000	  0.4971
350.5000	  0.4967
350.0000	  0.4949
