31/05/2023 12.18.24
31/05/2023 12.25.44

900.0000	 84.7400

900.0000	 84.7400

900.0000	 91.9100



  1.0000
900.0000
  3.0000
340.0000
  1.0000
1101.0000
  5.0000
  6.0000
  1.0000
  1.0000
  0.0000
  0.0000
100.0000
  0.0000
  1.0000
  0.0000
500.0000
900.0000
350.0000
  4.0000
  1.0000
 18.0000
  2.0000
  1.0000
255.0000
  0.9118
  1.0000
 30.0000
  4.0000
500.0000
  0.0000
  0.0000
  4.0000
900.0000
350.0000
  0.0000
100.0000
  0.0000
  1.0000
  0.0000
500.0000
  1.0000
  1.0000
  1.0000
  1.0000
  4.0000
  0.0000
  1.0000
  1.0000
  1.0000
  1.0000
  1.0000
  2.0000
  1.0000
  1.0000
  1.0000
  3.0000
  1.0000
  1.0000
  1.0000
  4.0000
  5.0000
440.531
0.000
900.0000	  0.8657
899.5000	  0.8600
899.0000	  0.8286
898.5000	  0.8669
898.0000	  0.8177
897.5000	  0.8307
897.0000	  0.8492
896.5000	  0.8173
896.0000	  0.8204
895.5000	  0.8150
895.0000	  0.8551
894.5000	  0.8232
894.0000	  0.8227
893.5000	  0.7637
893.0000	  0.8488
892.5000	  0.8205
892.0000	  0.8755
891.5000	  0.8373
891.0000	  0.8523
890.5000	  0.8067
890.0000	  0.8033
889.5000	  0.8459
889.0000	  0.8029
888.5000	  0.8317
888.0000	  0.8327
887.5000	  0.8126
887.0000	  0.8382
886.5000	  0.8506
886.0000	  0.8272
885.5000	  0.8363
885.0000	  0.8339
884.5000	  0.8464
884.0000	  0.8556
883.5000	  0.8367
883.0000	  0.8316
882.5000	  0.8343
882.0000	  0.8078
881.5000	  0.8342
881.0000	  0.8239
880.5000	  0.8413
880.0000	  0.8274
879.5000	  0.8562
879.0000	  0.8269
878.5000	  0.8369
878.0000	  0.8216
877.5000	  0.8254
877.0000	  0.8361
876.5000	  0.8217
876.0000	  0.8404
875.5000	  0.8467
875.0000	  0.8260
874.5000	  0.8359
874.0000	  0.8334
873.5000	  0.8494
873.0000	  0.8350
872.5000	  0.8490
872.0000	  0.8246
871.5000	  0.8300
871.0000	  0.8334
870.5000	  0.8337
870.0000	  0.8347
869.5000	  0.8372
869.0000	  0.8320
868.5000	  0.8398
868.0000	  0.8458
867.5000	  0.8302
867.0000	  0.8392
866.5000	  0.8408
866.0000	  0.8387
865.5000	  0.8406
865.0000	  0.8375
864.5000	  0.8410
864.0000	  0.8428
863.5000	  0.8380
863.0000	  0.8362
862.5000	  0.8437
862.0000	  0.8444
861.5000	  0.8428
861.0000	  0.8394
860.5000	  0.8383
860.0000	  0.8370
859.5000	  0.8380
859.0000	  0.8450
858.5000	  0.8471
858.0000	  0.8402
857.5000	  0.8407
857.0000	  0.8481
856.5000	  0.8426
856.0000	  0.8440
855.5000	  0.8448
855.0000	  0.8469
854.5000	  0.8443
854.0000	  0.8488
853.5000	  0.8466
853.0000	  0.8442
852.5000	  0.8469
852.0000	  0.8487
851.5000	  0.8462
851.0000	  0.8495
850.5000	  0.8460
850.0000	  0.8490
849.5000	  0.8485
849.0000	  0.8480
848.5000	  0.8452
848.0000	  0.8499
847.5000	  0.8469
847.0000	  0.8503
846.5000	  0.8465
846.0000	  0.8491
845.5000	  0.8485
845.0000	  0.8460
844.5000	  0.8490
844.0000	  0.8494
843.5000	  0.8490
843.0000	  0.8478
842.5000	  0.8507
842.0000	  0.8492
841.5000	  0.8485
841.0000	  0.8506
840.5000	  0.8493
840.0000	  0.8482
839.5000	  0.8506
839.0000	  0.8473
838.5000	  0.8470
838.0000	  0.8490
837.5000	  0.8473
837.0000	  0.8479
836.5000	  0.8446
836.0000	  0.8471
835.5000	  0.8465
835.0000	  0.8461
834.5000	  0.8463
834.0000	  0.8486
833.5000	  0.8454
833.0000	  0.8449
832.5000	  0.8468
832.0000	  0.8445
831.5000	  0.8462
831.0000	  0.8459
830.5000	  0.8441
830.0000	  0.8464
829.5000	  0.8436
829.0000	  0.8448
828.5000	  0.8444
828.0000	  0.8455
827.5000	  0.8445
827.0000	  0.8437
826.5000	  0.8442
826.0000	  0.8439
825.5000	  0.8446
825.0000	  0.8433
824.5000	  0.8422
824.0000	  0.8442
823.5000	  0.8442
823.0000	  0.8423
822.5000	  0.8426
822.0000	  0.8432
821.5000	  0.8431
821.0000	  0.8445
820.5000	  0.8423
820.0000	  0.8435
819.5000	  0.8425
819.0000	  0.8439
818.5000	  0.8437
818.0000	  0.8407
817.5000	  0.8416
817.0000	  0.8441
816.5000	  0.8405
816.0000	  0.8428
815.5000	  0.8430
815.0000	  0.8423
814.5000	  0.8426
814.0000	  0.8426
813.5000	  0.8414
813.0000	  0.8419
812.5000	  0.8436
812.0000	  0.8431
811.5000	  0.8421
811.0000	  0.8431
810.5000	  0.8420
810.0000	  0.8431
809.5000	  0.8424
809.0000	  0.8422
808.5000	  0.8437
808.0000	  0.8429
807.5000	  0.8418
807.0000	  0.8425
806.5000	  0.8427
806.0000	  0.8415
805.5000	  0.8444
805.0000	  0.8436
804.5000	  0.8430
804.0000	  0.8434
803.5000	  0.8418
803.0000	  0.8444
802.5000	  0.8432
802.0000	  0.8425
801.5000	  0.8435
801.0000	  0.8454
800.5000	  0.8436
800.0000	  0.8445
799.5000	  0.8437
799.0000	  0.8435
798.5000	  0.8443
798.0000	  0.8458
797.5000	  0.8435
797.0000	  0.8450
796.5000	  0.8430
796.0000	  0.8451
795.5000	  0.8455
795.0000	  0.8439
794.5000	  0.8449
794.0000	  0.8459
793.5000	  0.8461
793.0000	  0.8454
792.5000	  0.8456
792.0000	  0.8433
791.5000	  0.8478
791.0000	  0.8457
790.5000	  0.8455
790.0000	  0.8471
789.5000	  0.8465
789.0000	  0.8451
788.5000	  0.8476
788.0000	  0.8442
787.5000	  0.8469
787.0000	  0.8461
786.5000	  0.8445
786.0000	  0.8460
785.5000	  0.8457
785.0000	  0.8457
784.5000	  0.8464
784.0000	  0.8472
783.5000	  0.8458
783.0000	  0.8495
782.5000	  0.8454
782.0000	  0.8466
781.5000	  0.8471
781.0000	  0.8478
780.5000	  0.8453
780.0000	  0.8472
779.5000	  0.8457
779.0000	  0.8482
778.5000	  0.8464
778.0000	  0.8467
777.5000	  0.8484
777.0000	  0.8470
776.5000	  0.8462
776.0000	  0.8491
775.5000	  0.8460
775.0000	  0.8476
774.5000	  0.8481
774.0000	  0.8462
773.5000	  0.8479
773.0000	  0.8484
772.5000	  0.8489
772.0000	  0.8482
771.5000	  0.8467
771.0000	  0.8471
770.5000	  0.8500
770.0000	  0.8457
769.5000	  0.8485
769.0000	  0.8480
768.5000	  0.8488
768.0000	  0.8492
767.5000	  0.8482
767.0000	  0.8509
766.5000	  0.8493
766.0000	  0.8483
765.5000	  0.8501
765.0000	  0.8493
764.5000	  0.8501
764.0000	  0.8488
763.5000	  0.8475
763.0000	  0.8503
762.5000	  0.8489
762.0000	  0.8494
761.5000	  0.8487
761.0000	  0.8486
760.5000	  0.8521
760.0000	  0.8489
759.5000	  0.8494
759.0000	  0.8506
758.5000	  0.8500
758.0000	  0.8523
757.5000	  0.8489
757.0000	  0.8490
756.5000	  0.8508
756.0000	  0.8482
755.5000	  0.8511
755.0000	  0.8503
754.5000	  0.8494
754.0000	  0.8504
753.5000	  0.8503
753.0000	  0.8500
752.5000	  0.8501
752.0000	  0.8505
751.5000	  0.8533
751.0000	  0.8500
750.5000	  0.8509
750.0000	  0.8514
749.5000	  0.8521
749.0000	  0.8517
748.5000	  0.8509
748.0000	  0.8520
747.5000	  0.8513
747.0000	  0.8504
746.5000	  0.8528
746.0000	  0.8517
745.5000	  0.8525
745.0000	  0.8531
744.5000	  0.8518
744.0000	  0.8531
743.5000	  0.8524
743.0000	  0.8529
742.5000	  0.8528
742.0000	  0.8527
741.5000	  0.8531
741.0000	  0.8547
740.5000	  0.8535
740.0000	  0.8554
739.5000	  0.8535
739.0000	  0.8552
738.5000	  0.8522
738.0000	  0.8552
737.5000	  0.8562
737.0000	  0.8547
736.5000	  0.8566
736.0000	  0.8539
735.5000	  0.8566
735.0000	  0.8564
734.5000	  0.8573
734.0000	  0.8568
733.5000	  0.8573
733.0000	  0.8576
732.5000	  0.8601
732.0000	  0.8581
731.5000	  0.8592
731.0000	  0.8595
730.5000	  0.8602
730.0000	  0.8609
729.5000	  0.8630
729.0000	  0.8612
728.5000	  0.8643
728.0000	  0.8655
727.5000	  0.8643
727.0000	  0.8678
726.5000	  0.8663
726.0000	  0.8706
725.5000	  0.8696
725.0000	  0.8717
724.5000	  0.8735
724.0000	  0.8756
723.5000	  0.8775
723.0000	  0.8782
722.5000	  0.8820
722.0000	  0.8829
721.5000	  0.8859
721.0000	  0.8879
720.5000	  0.8910
720.0000	  0.8935
719.5000	  0.8938
719.0000	  0.8971
718.5000	  0.8989
718.0000	  0.9017
717.5000	  0.9041
717.0000	  0.9001
716.5000	  0.9007
716.0000	  0.8992
715.5000	  0.8983
715.0000	  0.8930
714.5000	  0.8924
714.0000	  0.8889
713.5000	  0.8856
713.0000	  0.8829
712.5000	  0.8793
712.0000	  0.8767
711.5000	  0.8723
711.0000	  0.8727
710.5000	  0.8669
710.0000	  0.8666
709.5000	  0.8645
709.0000	  0.8649
708.5000	  0.8605
708.0000	  0.8608
707.5000	  0.8600
707.0000	  0.8592
706.5000	  0.8588
706.0000	  0.8576
705.5000	  0.8590
705.0000	  0.8576
704.5000	  0.8588
704.0000	  0.8564
703.5000	  0.8588
703.0000	  0.8583
702.5000	  0.8584
702.0000	  0.8587
701.5000	  0.8590
701.0000	  0.8589
700.5000	  0.8582
700.0000	  0.8567
699.5000	  0.8574
699.0000	  0.8579
698.5000	  0.8589
698.0000	  0.8579
697.5000	  0.8585
697.0000	  0.8583
696.5000	  0.8586
696.0000	  0.8572
695.5000	  0.8580
695.0000	  0.8589
694.5000	  0.8577
694.0000	  0.8583
693.5000	  0.8566
693.0000	  0.8574
692.5000	  0.8564
692.0000	  0.8582
691.5000	  0.8566
691.0000	  0.8574
690.5000	  0.8566
690.0000	  0.8578
689.5000	  0.8564
689.0000	  0.8584
688.5000	  0.8570
688.0000	  0.8565
687.5000	  0.8568
687.0000	  0.8565
686.5000	  0.8561
686.0000	  0.8562
685.5000	  0.8570
685.0000	  0.8554
684.5000	  0.8565
684.0000	  0.8563
683.5000	  0.8566
683.0000	  0.8555
682.5000	  0.8562
682.0000	  0.8568
681.5000	  0.8562
681.0000	  0.8559
680.5000	  0.8557
680.0000	  0.8559
679.5000	  0.8564
679.0000	  0.8559
678.5000	  0.8551
678.0000	  0.8559
677.5000	  0.8564
677.0000	  0.8557
676.5000	  0.8550
676.0000	  0.8559
675.5000	  0.8564
675.0000	  0.8558
674.5000	  0.8552
674.0000	  0.8548
673.5000	  0.8547
673.0000	  0.8560
672.5000	  0.8549
672.0000	  0.8552
671.5000	  0.8554
671.0000	  0.8550
670.5000	  0.8540
670.0000	  0.8557
669.5000	  0.8553
669.0000	  0.8549
668.5000	  0.8551
668.0000	  0.8550
667.5000	  0.8550
667.0000	  0.8540
666.5000	  0.8556
666.0000	  0.8542
665.5000	  0.8544
665.0000	  0.8547
664.5000	  0.8553
664.0000	  0.8523
663.5000	  0.8542
663.0000	  0.8535
662.5000	  0.8540
662.0000	  0.8537
661.5000	  0.8546
661.0000	  0.8536
660.5000	  0.8541
660.0000	  0.8537
659.5000	  0.8532
659.0000	  0.8529
658.5000	  0.8529
658.0000	  0.8541
657.5000	  0.8524
657.0000	  0.8530
656.5000	  0.8526
656.0000	  0.8531
655.5000	  0.8524
655.0000	  0.8528
654.5000	  0.8518
654.0000	  0.8515
653.5000	  0.8516
653.0000	  0.8520
652.5000	  0.8529
652.0000	  0.8515
651.5000	  0.8515
651.0000	  0.8506
650.5000	  0.8515
650.0000	  0.8505
649.5000	  0.8519
649.0000	  0.8511
648.5000	  0.8513
648.0000	  0.8499
647.5000	  0.8499
647.0000	  0.8489
646.5000	  0.8492
646.0000	  0.8495
645.5000	  0.8492
645.0000	  0.8493
644.5000	  0.8486
644.0000	  0.8478
643.5000	  0.8478
643.0000	  0.8492
642.5000	  0.8466
642.0000	  0.8469
641.5000	  0.8462
641.0000	  0.8467
640.5000	  0.8455
640.0000	  0.8460
639.5000	  0.8451
639.0000	  0.8447
638.5000	  0.8441
638.0000	  0.8432
637.5000	  0.8438
637.0000	  0.8430
636.5000	  0.8434
636.0000	  0.8414
635.5000	  0.8422
635.0000	  0.8421
634.5000	  0.8415
634.0000	  0.8410
633.5000	  0.8408
633.0000	  0.8407
632.5000	  0.8397
632.0000	  0.8411
631.5000	  0.8400
631.0000	  0.8412
630.5000	  0.8410
630.0000	  0.8428
629.5000	  0.8414
629.0000	  0.8434
628.5000	  0.8439
628.0000	  0.8453
627.5000	  0.8464
627.0000	  0.8469
626.5000	  0.8490
626.0000	  0.8506
625.5000	  0.8530
625.0000	  0.8529
624.5000	  0.8552
624.0000	  0.8558
623.5000	  0.8594
623.0000	  0.8576
622.5000	  0.8607
622.0000	  0.8626
621.5000	  0.8623
621.0000	  0.8627
620.5000	  0.8640
620.0000	  0.8650
619.5000	  0.8645
619.0000	  0.8664
618.5000	  0.8653
618.0000	  0.8665
617.5000	  0.8657
617.0000	  0.8652
616.5000	  0.8637
616.0000	  0.8638
615.5000	  0.8646
615.0000	  0.8635
614.5000	  0.8637
614.0000	  0.8629
613.5000	  0.8624
613.0000	  0.8622
612.5000	  0.8626
612.0000	  0.8623
611.5000	  0.8637
611.0000	  0.8606
610.5000	  0.8625
610.0000	  0.8613
609.5000	  0.8617
609.0000	  0.8613
608.5000	  0.8628
608.0000	  0.8610
607.5000	  0.8628
607.0000	  0.8603
606.5000	  0.8617
606.0000	  0.8609
605.5000	  0.8603
605.0000	  0.8616
604.5000	  0.8599
604.0000	  0.8611
603.5000	  0.8611
603.0000	  0.8606
602.5000	  0.8605
602.0000	  0.8623
601.5000	  0.8602
601.0000	  0.8609
600.5000	  0.8606
600.0000	  0.8612
599.5000	  0.8606
599.0000	  0.8607
598.5000	  0.8610
598.0000	  0.8605
597.5000	  0.8604
597.0000	  0.8606
596.5000	  0.8605
596.0000	  0.8598
595.5000	  0.8605
595.0000	  0.8586
594.5000	  0.8598
594.0000	  0.8587
593.5000	  0.8615
593.0000	  0.8587
592.5000	  0.8598
592.0000	  0.8594
591.5000	  0.8597
591.0000	  0.8582
590.5000	  0.8582
590.0000	  0.8586
589.5000	  0.8592
589.0000	  0.8589
588.5000	  0.8578
588.0000	  0.8590
587.5000	  0.8584
587.0000	  0.8582
586.5000	  0.8577
586.0000	  0.8580
585.5000	  0.8574
585.0000	  0.8589
584.5000	  0.8569
584.0000	  0.8584
583.5000	  0.8567
583.0000	  0.8581
582.5000	  0.8564
582.0000	  0.8580
581.5000	  0.8570
581.0000	  0.8575
580.5000	  0.8568
580.0000	  0.8557
579.5000	  0.8564
579.0000	  0.8550
578.5000	  0.8566
578.0000	  0.8547
577.5000	  0.8558
577.0000	  0.8544
576.5000	  0.8564
576.0000	  0.8543
575.5000	  0.8545
575.0000	  0.8549
574.5000	  0.8552
574.0000	  0.8550
573.5000	  0.8537
573.0000	  0.8542
572.5000	  0.8537
572.0000	  0.8548
571.5000	  0.8530
571.0000	  0.8528
570.5000	  0.8527
570.0000	  0.8536
569.5000	  0.8520
569.0000	  0.8526
568.5000	  0.8521
568.0000	  0.8524
567.5000	  0.8513
567.0000	  0.8513
566.5000	  0.8505
566.0000	  0.8497
565.5000	  0.8522
565.0000	  0.8498
564.5000	  0.8494
564.0000	  0.8488
563.5000	  0.8506
563.0000	  0.8484
562.5000	  0.8504
562.0000	  0.8488
561.5000	  0.8484
561.0000	  0.8482
560.5000	  0.8476
560.0000	  0.8478
559.5000	  0.8469
559.0000	  0.8477
558.5000	  0.8468
558.0000	  0.8468
557.5000	  0.8459
557.0000	  0.8470
556.5000	  0.8453
556.0000	  0.8458
555.5000	  0.8454
555.0000	  0.8461
554.5000	  0.8442
554.0000	  0.8443
553.5000	  0.8455
553.0000	  0.8447
552.5000	  0.8449
552.0000	  0.8431
551.5000	  0.8445
551.0000	  0.8426
550.5000	  0.8441
550.0000	  0.8429
549.5000	  0.8427
549.0000	  0.8428
548.5000	  0.8432
548.0000	  0.8421
547.5000	  0.8421
547.0000	  0.8421
546.5000	  0.8410
546.0000	  0.8414
545.5000	  0.8412
545.0000	  0.8415
544.5000	  0.8399
544.0000	  0.8408
543.5000	  0.8407
543.0000	  0.8411
542.5000	  0.8395
542.0000	  0.8415
541.5000	  0.8395
541.0000	  0.8397
540.5000	  0.8398
540.0000	  0.8397
539.5000	  0.8391
539.0000	  0.8397
538.5000	  0.8386
538.0000	  0.8392
537.5000	  0.8390
537.0000	  0.8391
536.5000	  0.8397
536.0000	  0.8384
535.5000	  0.8392
535.0000	  0.8372
534.5000	  0.8386
534.0000	  0.8390
533.5000	  0.8390
533.0000	  0.8374
532.5000	  0.8383
532.0000	  0.8382
531.5000	  0.8387
531.0000	  0.8386
530.5000	  0.8381
530.0000	  0.8384
529.5000	  0.8379
529.0000	  0.8389
528.5000	  0.8381
528.0000	  0.8389
527.5000	  0.8383
527.0000	  0.8397
526.5000	  0.8366
526.0000	  0.8380
525.5000	  0.8391
525.0000	  0.8392
524.5000	  0.8380
524.0000	  0.8380
523.5000	  0.8387
523.0000	  0.8384
522.5000	  0.8401
522.0000	  0.8388
521.5000	  0.8394
521.0000	  0.8389
520.5000	  0.8409
520.0000	  0.8380
519.5000	  0.8398
519.0000	  0.8398
518.5000	  0.8389
518.0000	  0.8397
517.5000	  0.8397
517.0000	  0.8403
516.5000	  0.8401
516.0000	  0.8409
515.5000	  0.8403
515.0000	  0.8411
514.5000	  0.8408
514.0000	  0.8410
513.5000	  0.8398
513.0000	  0.8418
512.5000	  0.8419
512.0000	  0.8414
511.5000	  0.8423
511.0000	  0.8419
510.5000	  0.8434
510.0000	  0.8431
509.5000	  0.8445
509.0000	  0.8435
508.5000	  0.8444
508.0000	  0.8456
507.5000	  0.8469
507.0000	  0.8467
506.5000	  0.8494
506.0000	  0.8494
505.5000	  0.8500
505.0000	  0.8525
504.5000	  0.8520
504.0000	  0.8543
503.5000	  0.8551
503.0000	  0.8580
502.5000	  0.8575
502.0000	  0.8589
501.5000	  0.8604
501.0000	  0.8614
500.5000	  0.8632
500.0000	  0.8634
499.5000	  0.8655
499.0000	  0.8674
498.5000	  0.8682
498.0000	  0.8673
497.5000	  0.8699
497.0000	  0.8710
496.5000	  0.8724
496.0000	  0.8728
495.5000	  0.8740
495.0000	  0.8753
494.5000	  0.8765
494.0000	  0.8775
493.5000	  0.8776
493.0000	  0.8786
492.5000	  0.8792
492.0000	  0.8817
491.5000	  0.8803
491.0000	  0.8823
490.5000	  0.8821
490.0000	  0.8833
489.5000	  0.8825
489.0000	  0.8842
488.5000	  0.8836
488.0000	  0.8844
487.5000	  0.8854
487.0000	  0.8846
486.5000	  0.8854
486.0000	  0.8852
485.5000	  0.8868
485.0000	  0.8860
484.5000	  0.8882
484.0000	  0.8878
483.5000	  0.8895
483.0000	  0.8896
482.5000	  0.8894
482.0000	  0.8912
481.5000	  0.8907
481.0000	  0.8922
480.5000	  0.8920
480.0000	  0.8946
479.5000	  0.8934
479.0000	  0.8959
478.5000	  0.8950
478.0000	  0.8971
477.5000	  0.8974
477.0000	  0.8983
476.5000	  0.8972
476.0000	  0.8995
475.5000	  0.9003
475.0000	  0.9013
474.5000	  0.9025
474.0000	  0.9031
473.5000	  0.9057
473.0000	  0.9038
472.5000	  0.9070
472.0000	  0.9069
471.5000	  0.9083
471.0000	  0.9088
470.5000	  0.9108
470.0000	  0.9104
469.5000	  0.9134
469.0000	  0.9141
468.5000	  0.9165
468.0000	  0.9167
467.5000	  0.9168
467.0000	  0.9182
466.5000	  0.9204
466.0000	  0.9225
465.5000	  0.9245
465.0000	  0.9238
464.5000	  0.9257
464.0000	  0.9279
463.5000	  0.9274
463.0000	  0.9299
462.5000	  0.9305
462.0000	  0.9335
461.5000	  0.9335
461.0000	  0.9352
460.5000	  0.9364
460.0000	  0.9378
459.5000	  0.9394
459.0000	  0.9403
458.5000	  0.9407
458.0000	  0.9431
457.5000	  0.9434
457.0000	  0.9406
456.5000	  0.9434
456.0000	  0.9439
455.5000	  0.9452
455.0000	  0.9439
454.5000	  0.9437
454.0000	  0.9446
453.5000	  0.9429
453.0000	  0.9433
452.5000	  0.9414
452.0000	  0.9411
451.5000	  0.9401
451.0000	  0.9404
450.5000	  0.9371
450.0000	  0.9364
449.5000	  0.9348
449.0000	  0.9353
448.5000	  0.9324
448.0000	  0.9308
447.5000	  0.9290
447.0000	  0.9294
446.5000	  0.9278
446.0000	  0.9263
445.5000	  0.9249
445.0000	  0.9246
444.5000	  0.9247
444.0000	  0.9224
443.5000	  0.9230
443.0000	  0.9227
442.5000	  0.9242
442.0000	  0.9205
441.5000	  0.9208
441.0000	  0.9201
440.5000	  0.9207
440.0000	  0.9191
439.5000	  0.9184
439.0000	  0.9198
438.5000	  0.9208
438.0000	  0.9202
437.5000	  0.9177
437.0000	  0.9193
436.5000	  0.9188
436.0000	  0.9192
435.5000	  0.9182
435.0000	  0.9187
434.5000	  0.9199
434.0000	  0.9178
433.5000	  0.9187
433.0000	  0.9193
432.5000	  0.9191
432.0000	  0.9176
431.5000	  0.9199
431.0000	  0.9189
430.5000	  0.9197
430.0000	  0.9194
429.5000	  0.9207
429.0000	  0.9204
428.5000	  0.9202
428.0000	  0.9212
427.5000	  0.9206
427.0000	  0.9229
426.5000	  0.9219
426.0000	  0.9214
425.5000	  0.9216
425.0000	  0.9237
424.5000	  0.9228
424.0000	  0.9249
423.5000	  0.9259
423.0000	  0.9249
422.5000	  0.9256
422.0000	  0.9262
421.5000	  0.9274
421.0000	  0.9271
420.5000	  0.9284
420.0000	  0.9274
419.5000	  0.9284
419.0000	  0.9275
418.5000	  0.9297
418.0000	  0.9284
417.5000	  0.9302
417.0000	  0.9294
416.5000	  0.9315
416.0000	  0.9309
415.5000	  0.9304
415.0000	  0.9322
414.5000	  0.9334
414.0000	  0.9338
413.5000	  0.9339
413.0000	  0.9325
412.5000	  0.9339
412.0000	  0.9350
411.5000	  0.9327
411.0000	  0.9356
410.5000	  0.9344
410.0000	  0.9359
409.5000	  0.9353
409.0000	  0.9372
408.5000	  0.9365
408.0000	  0.9375
407.5000	  0.9374
407.0000	  0.9365
406.5000	  0.9379
406.0000	  0.9388
405.5000	  0.9394
405.0000	  0.9388
404.5000	  0.9400
404.0000	  0.9395
403.5000	  0.9421
403.0000	  0.9400
402.5000	  0.9405
402.0000	  0.9396
401.5000	  0.9420
401.0000	  0.9421
400.5000	  0.9418
400.0000	  0.9424
399.5000	  0.9424
399.0000	  0.9445
398.5000	  0.9434
398.0000	  0.9427
397.5000	  0.9431
397.0000	  0.9466
396.5000	  0.9415
396.0000	  0.9451
395.5000	  0.9442
395.0000	  0.9478
394.5000	  0.9444
394.0000	  0.9454
393.5000	  0.9482
393.0000	  0.9494
392.5000	  0.9490
392.0000	  0.9475
391.5000	  0.9484
391.0000	  0.9493
390.5000	  0.9509
390.0000	  0.9497
389.5000	  0.9520
389.0000	  0.9525
388.5000	  0.9563
388.0000	  0.9545
387.5000	  0.9543
387.0000	  0.9556
386.5000	  0.9574
386.0000	  0.9577
385.5000	  0.9594
385.0000	  0.9595
384.5000	  0.9618
384.0000	  0.9633
383.5000	  0.9630
383.0000	  0.9660
382.5000	  0.9656
382.0000	  0.9675
381.5000	  0.9644
381.0000	  0.9670
380.5000	  0.9678
380.0000	  0.9657
379.5000	  0.9675
379.0000	  0.9673
378.5000	  0.9709
378.0000	  0.9717
377.5000	  0.9702
377.0000	  0.9689
376.5000	  0.9721
376.0000	  0.9741
375.5000	  0.9741
375.0000	  0.9731
374.5000	  0.9718
374.0000	  0.9758
373.5000	  0.9745
373.0000	  0.9780
372.5000	  0.9751
372.0000	  0.9766
371.5000	  0.9785
371.0000	  0.9785
370.5000	  0.9775
370.0000	  0.9773
369.5000	  0.9804
369.0000	  0.9805
368.5000	  0.9791
368.0000	  0.9806
367.5000	  0.9797
367.0000	  0.9849
366.5000	  0.9801
366.0000	  0.9824
365.5000	  0.9819
365.0000	  0.9858
364.5000	  0.9853
364.0000	  0.9816
363.5000	  0.9860
363.0000	  0.9869
362.5000	  0.9862
362.0000	  0.9850
361.5000	  0.9856
361.0000	  0.9850
360.5000	  0.9874
360.0000	  0.9881
359.5000	  0.9871
359.0000	  0.9897
358.5000	  0.9886
358.0000	  0.9923
357.5000	  0.9901
357.0000	  0.9895
356.5000	  0.9928
356.0000	  0.9908
355.5000	  0.9913
355.0000	  0.9937
354.5000	  0.9931
354.0000	  0.9963
353.5000	  0.9943
353.0000	  0.9938
352.5000	  0.9917
352.0000	  0.9944
351.5000	  0.9941
351.0000	  0.9970
350.5000	  0.9937
350.0000	  0.9955
