31/05/2023 15.24.12
31/05/2023 15.31.32

900.0000	 34.9500

900.0000	 34.9500

900.0000	 56.6100



  1.0000
900.0000
  3.0000
340.0000
  1.0000
1101.0000
  5.0000
  6.0000
  1.0000
  1.0000
  0.0000
  0.0000
100.0000
  0.0000
  1.0000
  0.0000
500.0000
900.0000
350.0000
  4.0000
  1.0000
 18.0000
  2.0000
  1.0000
255.0000
  0.9118
  1.0000
 30.0000
  4.0000
500.0000
  0.0000
  0.0000
  4.0000
900.0000
350.0000
  0.0000
100.0000
  0.0000
  1.0000
  0.0000
500.0000
  1.0000
  1.0000
  1.0000
  1.0000
  4.0000
  0.0000
  1.0000
  1.0000
  1.0000
  1.0000
  1.0000
  2.0000
  1.0000
  1.0000
  1.0000
  3.0000
  1.0000
  1.0000
  1.0000
  4.0000
  5.0000
440.477
0.000
900.0000	  0.5450
899.5000	  0.4298
899.0000	  0.3532
898.5000	  0.4322
898.0000	  0.0492
897.5000	  0.0611
897.0000	  0.5273
896.5000	  0.5322
896.0000	  0.4368
895.5000	  0.1610
895.0000	  0.4611
894.5000	  0.3667
894.0000	  0.6190
893.5000	  0.4584
893.0000	  0.5109
892.5000	  0.5027
892.0000	  0.5764
891.5000	  0.1989
891.0000	  0.3760
890.5000	  0.4184
890.0000	  0.4374
889.5000	  0.5299
889.0000	  0.4765
888.5000	  0.2952
888.0000	  0.4316
887.5000	  0.4181
887.0000	  0.4363
886.5000	  0.4850
886.0000	  0.3843
885.5000	  0.4475
885.0000	  0.4197
884.5000	  0.4398
884.0000	  0.5090
883.5000	  0.4598
883.0000	  0.4236
882.5000	  0.4374
882.0000	  0.4247
881.5000	  0.4500
881.0000	  0.4886
880.5000	  0.4311
880.0000	  0.4064
879.5000	  0.4537
879.0000	  0.4112
878.5000	  0.4459
878.0000	  0.4488
877.5000	  0.4350
877.0000	  0.4177
876.5000	  0.4485
876.0000	  0.4179
875.5000	  0.4527
875.0000	  0.4648
874.5000	  0.4227
874.0000	  0.4217
873.5000	  0.4482
873.0000	  0.4478
872.5000	  0.4321
872.0000	  0.4138
871.5000	  0.4340
871.0000	  0.4455
870.5000	  0.4183
870.0000	  0.4400
869.5000	  0.4230
869.0000	  0.4189
868.5000	  0.4163
868.0000	  0.4368
867.5000	  0.4152
867.0000	  0.4403
866.5000	  0.4245
866.0000	  0.4324
865.5000	  0.4324
865.0000	  0.4292
864.5000	  0.4277
864.0000	  0.4333
863.5000	  0.4130
863.0000	  0.4224
862.5000	  0.4202
862.0000	  0.4289
861.5000	  0.4341
861.0000	  0.4316
860.5000	  0.4262
860.0000	  0.4210
859.5000	  0.4198
859.0000	  0.4296
858.5000	  0.4252
858.0000	  0.4244
857.5000	  0.4254
857.0000	  0.4328
856.5000	  0.4213
856.0000	  0.4308
855.5000	  0.4275
855.0000	  0.4259
854.5000	  0.4269
854.0000	  0.4255
853.5000	  0.4206
853.0000	  0.4219
852.5000	  0.4268
852.0000	  0.4296
851.5000	  0.4267
851.0000	  0.4240
850.5000	  0.4288
850.0000	  0.4256
849.5000	  0.4255
849.0000	  0.4213
848.5000	  0.4252
848.0000	  0.4231
847.5000	  0.4262
847.0000	  0.4230
846.5000	  0.4236
846.0000	  0.4248
845.5000	  0.4228
845.0000	  0.4201
844.5000	  0.4262
844.0000	  0.4243
843.5000	  0.4262
843.0000	  0.4234
842.5000	  0.4237
842.0000	  0.4190
841.5000	  0.4221
841.0000	  0.4203
840.5000	  0.4209
840.0000	  0.4220
839.5000	  0.4205
839.0000	  0.4173
838.5000	  0.4177
838.0000	  0.4194
837.5000	  0.4187
837.0000	  0.4173
836.5000	  0.4176
836.0000	  0.4171
835.5000	  0.4183
835.0000	  0.4155
834.5000	  0.4159
834.0000	  0.4156
833.5000	  0.4173
833.0000	  0.4168
832.5000	  0.4135
832.0000	  0.4154
831.5000	  0.4145
831.0000	  0.4154
830.5000	  0.4133
830.0000	  0.4136
829.5000	  0.4131
829.0000	  0.4133
828.5000	  0.4115
828.0000	  0.4124
827.5000	  0.4120
827.0000	  0.4107
826.5000	  0.4101
826.0000	  0.4104
825.5000	  0.4100
825.0000	  0.4098
824.5000	  0.4082
824.0000	  0.4086
823.5000	  0.4082
823.0000	  0.4074
822.5000	  0.4077
822.0000	  0.4076
821.5000	  0.4074
821.0000	  0.4063
820.5000	  0.4071
820.0000	  0.4047
819.5000	  0.4063
819.0000	  0.4055
818.5000	  0.4060
818.0000	  0.4043
817.5000	  0.4040
817.0000	  0.4043
816.5000	  0.4040
816.0000	  0.4029
815.5000	  0.4024
815.0000	  0.4027
814.5000	  0.4039
814.0000	  0.4007
813.5000	  0.4031
813.0000	  0.4015
812.5000	  0.4006
812.0000	  0.4000
811.5000	  0.4010
811.0000	  0.4001
810.5000	  0.3993
810.0000	  0.3986
809.5000	  0.3987
809.0000	  0.3970
808.5000	  0.3977
808.0000	  0.3958
807.5000	  0.3967
807.0000	  0.3962
806.5000	  0.3955
806.0000	  0.3966
805.5000	  0.3957
805.0000	  0.3947
804.5000	  0.3944
804.0000	  0.3951
803.5000	  0.3935
803.0000	  0.3938
802.5000	  0.3925
802.0000	  0.3931
801.5000	  0.3930
801.0000	  0.3918
800.5000	  0.3915
800.0000	  0.3922
799.5000	  0.3903
799.0000	  0.3899
798.5000	  0.3907
798.0000	  0.3896
797.5000	  0.3902
797.0000	  0.3886
796.5000	  0.3897
796.0000	  0.3889
795.5000	  0.3898
795.0000	  0.3869
794.5000	  0.3877
794.0000	  0.3870
793.5000	  0.3876
793.0000	  0.3866
792.5000	  0.3857
792.0000	  0.3847
791.5000	  0.3851
791.0000	  0.3853
790.5000	  0.3856
790.0000	  0.3825
789.5000	  0.3837
789.0000	  0.3837
788.5000	  0.3828
788.0000	  0.3829
787.5000	  0.3834
787.0000	  0.3824
786.5000	  0.3815
786.0000	  0.3812
785.5000	  0.3799
785.0000	  0.3806
784.5000	  0.3809
784.0000	  0.3811
783.5000	  0.3799
783.0000	  0.3785
782.5000	  0.3780
782.0000	  0.3788
781.5000	  0.3774
781.0000	  0.3779
780.5000	  0.3769
780.0000	  0.3771
779.5000	  0.3757
779.0000	  0.3765
778.5000	  0.3757
778.0000	  0.3755
777.5000	  0.3746
777.0000	  0.3745
776.5000	  0.3741
776.0000	  0.3730
775.5000	  0.3738
775.0000	  0.3744
774.5000	  0.3717
774.0000	  0.3724
773.5000	  0.3718
773.0000	  0.3724
772.5000	  0.3700
772.0000	  0.3710
771.5000	  0.3697
771.0000	  0.3706
770.5000	  0.3692
770.0000	  0.3686
769.5000	  0.3693
769.0000	  0.3683
768.5000	  0.3680
768.0000	  0.3679
767.5000	  0.3676
767.0000	  0.3672
766.5000	  0.3657
766.0000	  0.3665
765.5000	  0.3662
765.0000	  0.3655
764.5000	  0.3637
764.0000	  0.3648
763.5000	  0.3646
763.0000	  0.3634
762.5000	  0.3644
762.0000	  0.3632
761.5000	  0.3628
761.0000	  0.3622
760.5000	  0.3616
760.0000	  0.3615
759.5000	  0.3612
759.0000	  0.3609
758.5000	  0.3598
758.0000	  0.3589
757.5000	  0.3585
757.0000	  0.3593
756.5000	  0.3579
756.0000	  0.3589
755.5000	  0.3576
755.0000	  0.3566
754.5000	  0.3562
754.0000	  0.3564
753.5000	  0.3561
753.0000	  0.3558
752.5000	  0.3542
752.0000	  0.3545
751.5000	  0.3545
751.0000	  0.3544
750.5000	  0.3538
750.0000	  0.3533
749.5000	  0.3530
749.0000	  0.3521
748.5000	  0.3520
748.0000	  0.3529
747.5000	  0.3512
747.0000	  0.3509
746.5000	  0.3515
746.0000	  0.3505
745.5000	  0.3504
745.0000	  0.3498
744.5000	  0.3504
744.0000	  0.3484
743.5000	  0.3488
743.0000	  0.3484
742.5000	  0.3473
742.0000	  0.3480
741.5000	  0.3481
741.0000	  0.3459
740.5000	  0.3460
740.0000	  0.3457
739.5000	  0.3472
739.0000	  0.3447
738.5000	  0.3448
738.0000	  0.3451
737.5000	  0.3447
737.0000	  0.3441
736.5000	  0.3432
736.0000	  0.3438
735.5000	  0.3433
735.0000	  0.3438
734.5000	  0.3419
734.0000	  0.3419
733.5000	  0.3425
733.0000	  0.3421
732.5000	  0.3418
732.0000	  0.3409
731.5000	  0.3414
731.0000	  0.3411
730.5000	  0.3416
730.0000	  0.3415
729.5000	  0.3410
729.0000	  0.3405
728.5000	  0.3409
728.0000	  0.3406
727.5000	  0.3413
727.0000	  0.3404
726.5000	  0.3422
726.0000	  0.3415
725.5000	  0.3419
725.0000	  0.3430
724.5000	  0.3421
724.0000	  0.3419
723.5000	  0.3442
723.0000	  0.3443
722.5000	  0.3455
722.0000	  0.3450
721.5000	  0.3457
721.0000	  0.3479
720.5000	  0.3480
720.0000	  0.3496
719.5000	  0.3470
719.0000	  0.3479
718.5000	  0.3469
718.0000	  0.3469
717.5000	  0.3453
717.0000	  0.3419
716.5000	  0.3415
716.0000	  0.3382
715.5000	  0.3355
715.0000	  0.3336
714.5000	  0.3307
714.0000	  0.3282
713.5000	  0.3264
713.0000	  0.3252
712.5000	  0.3228
712.0000	  0.3217
711.5000	  0.3210
711.0000	  0.3183
710.5000	  0.3175
710.0000	  0.3160
709.5000	  0.3163
709.0000	  0.3152
708.5000	  0.3150
708.0000	  0.3153
707.5000	  0.3147
707.0000	  0.3155
706.5000	  0.3138
706.0000	  0.3151
705.5000	  0.3140
705.0000	  0.3137
704.5000	  0.3137
704.0000	  0.3124
703.5000	  0.3129
703.0000	  0.3122
702.5000	  0.3112
702.0000	  0.3109
701.5000	  0.3102
701.0000	  0.3106
700.5000	  0.3082
700.0000	  0.3082
699.5000	  0.3084
699.0000	  0.3084
698.5000	  0.3065
698.0000	  0.3067
697.5000	  0.3063
697.0000	  0.3051
696.5000	  0.3056
696.0000	  0.3045
695.5000	  0.3038
695.0000	  0.3033
694.5000	  0.3041
694.0000	  0.3028
693.5000	  0.3019
693.0000	  0.3007
692.5000	  0.3017
692.0000	  0.3001
691.5000	  0.2998
691.0000	  0.2990
690.5000	  0.2986
690.0000	  0.2991
689.5000	  0.2982
689.0000	  0.2971
688.5000	  0.2966
688.0000	  0.2968
687.5000	  0.2960
687.0000	  0.2945
686.5000	  0.2943
686.0000	  0.2935
685.5000	  0.2927
685.0000	  0.2929
684.5000	  0.2925
684.0000	  0.2916
683.5000	  0.2911
683.0000	  0.2904
682.5000	  0.2896
682.0000	  0.2898
681.5000	  0.2887
681.0000	  0.2887
680.5000	  0.2880
680.0000	  0.2874
679.5000	  0.2862
679.0000	  0.2860
678.5000	  0.2859
678.0000	  0.2849
677.5000	  0.2846
677.0000	  0.2844
676.5000	  0.2834
676.0000	  0.2831
675.5000	  0.2827
675.0000	  0.2815
674.5000	  0.2813
674.0000	  0.2817
673.5000	  0.2804
673.0000	  0.2799
672.5000	  0.2793
672.0000	  0.2784
671.5000	  0.2783
671.0000	  0.2773
670.5000	  0.2766
670.0000	  0.2768
669.5000	  0.2764
669.0000	  0.2752
668.5000	  0.2751
668.0000	  0.2740
667.5000	  0.2737
667.0000	  0.2738
666.5000	  0.2726
666.0000	  0.2721
665.5000	  0.2710
665.0000	  0.2712
664.5000	  0.2702
664.0000	  0.2703
663.5000	  0.2692
663.0000	  0.2691
662.5000	  0.2687
662.0000	  0.2681
661.5000	  0.2672
661.0000	  0.2675
660.5000	  0.2667
660.0000	  0.2659
659.5000	  0.2659
659.0000	  0.2651
658.5000	  0.2645
658.0000	  0.2639
657.5000	  0.2637
657.0000	  0.2624
656.5000	  0.2619
656.0000	  0.2612
655.5000	  0.2610
655.0000	  0.2609
654.5000	  0.2603
654.0000	  0.2593
653.5000	  0.2591
653.0000	  0.2585
652.5000	  0.2584
652.0000	  0.2569
651.5000	  0.2566
651.0000	  0.2567
650.5000	  0.2561
650.0000	  0.2549
649.5000	  0.2546
649.0000	  0.2537
648.5000	  0.2532
648.0000	  0.2532
647.5000	  0.2522
647.0000	  0.2518
646.5000	  0.2512
646.0000	  0.2510
645.5000	  0.2504
645.0000	  0.2494
644.5000	  0.2489
644.0000	  0.2488
643.5000	  0.2482
643.0000	  0.2472
642.5000	  0.2472
642.0000	  0.2469
641.5000	  0.2460
641.0000	  0.2455
640.5000	  0.2452
640.0000	  0.2444
639.5000	  0.2438
639.0000	  0.2437
638.5000	  0.2433
638.0000	  0.2427
637.5000	  0.2421
637.0000	  0.2417
636.5000	  0.2414
636.0000	  0.2409
635.5000	  0.2407
635.0000	  0.2405
634.5000	  0.2403
634.0000	  0.2399
633.5000	  0.2399
633.0000	  0.2397
632.5000	  0.2400
632.0000	  0.2403
631.5000	  0.2398
631.0000	  0.2396
630.5000	  0.2399
630.0000	  0.2401
629.5000	  0.2404
629.0000	  0.2400
628.5000	  0.2404
628.0000	  0.2404
627.5000	  0.2401
627.0000	  0.2402
626.5000	  0.2400
626.0000	  0.2403
625.5000	  0.2395
625.0000	  0.2396
624.5000	  0.2391
624.0000	  0.2388
623.5000	  0.2384
623.0000	  0.2378
622.5000	  0.2372
622.0000	  0.2372
621.5000	  0.2363
621.0000	  0.2364
620.5000	  0.2356
620.0000	  0.2357
619.5000	  0.2351
619.0000	  0.2338
618.5000	  0.2336
618.0000	  0.2323
617.5000	  0.2313
617.0000	  0.2308
616.5000	  0.2313
616.0000	  0.2303
615.5000	  0.2302
615.0000	  0.2301
614.5000	  0.2305
614.0000	  0.2292
613.5000	  0.2290
613.0000	  0.2291
612.5000	  0.2287
612.0000	  0.2280
611.5000	  0.2282
611.0000	  0.2277
610.5000	  0.2275
610.0000	  0.2267
609.5000	  0.2258
609.0000	  0.2264
608.5000	  0.2259
608.0000	  0.2261
607.5000	  0.2254
607.0000	  0.2249
606.5000	  0.2245
606.0000	  0.2250
605.5000	  0.2242
605.0000	  0.2241
604.5000	  0.2236
604.0000	  0.2233
603.5000	  0.2228
603.0000	  0.2232
602.5000	  0.2226
602.0000	  0.2226
601.5000	  0.2218
601.0000	  0.2220
600.5000	  0.2216
600.0000	  0.2215
599.5000	  0.2211
599.0000	  0.2208
598.5000	  0.2207
598.0000	  0.2196
597.5000	  0.2202
597.0000	  0.2196
596.5000	  0.2192
596.0000	  0.2195
595.5000	  0.2192
595.0000	  0.2187
594.5000	  0.2187
594.0000	  0.2182
593.5000	  0.2185
593.0000	  0.2173
592.5000	  0.2180
592.0000	  0.2177
591.5000	  0.2173
591.0000	  0.2177
590.5000	  0.2172
590.0000	  0.2172
589.5000	  0.2167
589.0000	  0.2168
588.5000	  0.2168
588.0000	  0.2167
587.5000	  0.2162
587.0000	  0.2166
586.5000	  0.2161
586.0000	  0.2157
585.5000	  0.2159
585.0000	  0.2159
584.5000	  0.2151
584.0000	  0.2154
583.5000	  0.2154
583.0000	  0.2149
582.5000	  0.2148
582.0000	  0.2146
581.5000	  0.2144
581.0000	  0.2146
580.5000	  0.2145
580.0000	  0.2142
579.5000	  0.2143
579.0000	  0.2140
578.5000	  0.2146
578.0000	  0.2143
577.5000	  0.2138
577.0000	  0.2140
576.5000	  0.2142
576.0000	  0.2136
575.5000	  0.2143
575.0000	  0.2135
574.5000	  0.2136
574.0000	  0.2131
573.5000	  0.2134
573.0000	  0.2137
572.5000	  0.2137
572.0000	  0.2139
571.5000	  0.2136
571.0000	  0.2136
570.5000	  0.2134
570.0000	  0.2130
569.5000	  0.2131
569.0000	  0.2138
568.5000	  0.2132
568.0000	  0.2135
567.5000	  0.2132
567.0000	  0.2138
566.5000	  0.2139
566.0000	  0.2135
565.5000	  0.2135
565.0000	  0.2138
564.5000	  0.2140
564.0000	  0.2144
563.5000	  0.2137
563.0000	  0.2145
562.5000	  0.2143
562.0000	  0.2142
561.5000	  0.2139
561.0000	  0.2145
560.5000	  0.2147
560.0000	  0.2130
559.5000	  0.2132
559.0000	  0.2133
558.5000	  0.2133
558.0000	  0.2136
557.5000	  0.2135
557.0000	  0.2141
556.5000	  0.2139
556.0000	  0.2146
555.5000	  0.2141
555.0000	  0.2146
554.5000	  0.2149
554.0000	  0.2150
553.5000	  0.2152
553.0000	  0.2155
552.5000	  0.2155
552.0000	  0.2161
551.5000	  0.2164
551.0000	  0.2162
550.5000	  0.2169
550.0000	  0.2171
549.5000	  0.2177
549.0000	  0.2175
548.5000	  0.2180
548.0000	  0.2184
547.5000	  0.2186
547.0000	  0.2188
546.5000	  0.2194
546.0000	  0.2195
545.5000	  0.2200
545.0000	  0.2199
544.5000	  0.2209
544.0000	  0.2211
543.5000	  0.2216
543.0000	  0.2217
542.5000	  0.2225
542.0000	  0.2225
541.5000	  0.2230
541.0000	  0.2235
540.5000	  0.2239
540.0000	  0.2249
539.5000	  0.2248
539.0000	  0.2256
538.5000	  0.2260
538.0000	  0.2265
537.5000	  0.2270
537.0000	  0.2276
536.5000	  0.2279
536.0000	  0.2286
535.5000	  0.2297
535.0000	  0.2302
534.5000	  0.2304
534.0000	  0.2312
533.5000	  0.2320
533.0000	  0.2328
532.5000	  0.2328
532.0000	  0.2341
531.5000	  0.2344
531.0000	  0.2356
530.5000	  0.2363
530.0000	  0.2368
529.5000	  0.2377
529.0000	  0.2392
528.5000	  0.2388
528.0000	  0.2402
527.5000	  0.2408
527.0000	  0.2420
526.5000	  0.2427
526.0000	  0.2439
525.5000	  0.2444
525.0000	  0.2456
524.5000	  0.2464
524.0000	  0.2478
523.5000	  0.2483
523.0000	  0.2496
522.5000	  0.2509
522.0000	  0.2511
521.5000	  0.2524
521.0000	  0.2537
520.5000	  0.2553
520.0000	  0.2556
519.5000	  0.2574
519.0000	  0.2587
518.5000	  0.2599
518.0000	  0.2606
517.5000	  0.2623
517.0000	  0.2630
516.5000	  0.2650
516.0000	  0.2658
515.5000	  0.2672
515.0000	  0.2687
514.5000	  0.2704
514.0000	  0.2709
513.5000	  0.2732
513.0000	  0.2746
512.5000	  0.2763
512.0000	  0.2772
511.5000	  0.2784
511.0000	  0.2804
510.5000	  0.2824
510.0000	  0.2834
509.5000	  0.2853
509.0000	  0.2864
508.5000	  0.2889
508.0000	  0.2896
507.5000	  0.2919
507.0000	  0.2931
506.5000	  0.2952
506.0000	  0.2964
505.5000	  0.2983
505.0000	  0.2995
504.5000	  0.3021
504.0000	  0.3031
503.5000	  0.3054
503.0000	  0.3069
502.5000	  0.3085
502.0000	  0.3096
501.5000	  0.3116
501.0000	  0.3140
500.5000	  0.3152
500.0000	  0.3174
499.5000	  0.3179
499.0000	  0.3197
498.5000	  0.3215
498.0000	  0.3231
497.5000	  0.3245
497.0000	  0.3266
496.5000	  0.3282
496.0000	  0.3299
495.5000	  0.3311
495.0000	  0.3331
494.5000	  0.3336
494.0000	  0.3355
493.5000	  0.3360
493.0000	  0.3383
492.5000	  0.3404
492.0000	  0.3410
491.5000	  0.3417
491.0000	  0.3441
490.5000	  0.3444
490.0000	  0.3464
489.5000	  0.3473
489.0000	  0.3488
488.5000	  0.3502
488.0000	  0.3508
487.5000	  0.3528
487.0000	  0.3531
486.5000	  0.3542
486.0000	  0.3556
485.5000	  0.3571
485.0000	  0.3576
484.5000	  0.3589
484.0000	  0.3603
483.5000	  0.3609
483.0000	  0.3621
482.5000	  0.3633
482.0000	  0.3644
481.5000	  0.3659
481.0000	  0.3652
480.5000	  0.3669
480.0000	  0.3677
479.5000	  0.3701
479.0000	  0.3700
478.5000	  0.3707
478.0000	  0.3718
477.5000	  0.3718
477.0000	  0.3738
476.5000	  0.3746
476.0000	  0.3755
475.5000	  0.3752
475.0000	  0.3771
474.5000	  0.3777
474.0000	  0.3791
473.5000	  0.3793
473.0000	  0.3804
472.5000	  0.3805
472.0000	  0.3822
471.5000	  0.3827
471.0000	  0.3833
470.5000	  0.3845
470.0000	  0.3846
469.5000	  0.3860
469.0000	  0.3867
468.5000	  0.3878
468.0000	  0.3886
467.5000	  0.3891
467.0000	  0.3903
466.5000	  0.3919
466.0000	  0.3916
465.5000	  0.3932
465.0000	  0.3931
464.5000	  0.3947
464.0000	  0.3951
463.5000	  0.3960
463.0000	  0.3958
462.5000	  0.3974
462.0000	  0.3984
461.5000	  0.3982
461.0000	  0.4000
460.5000	  0.4009
460.0000	  0.3998
459.5000	  0.4012
459.0000	  0.4029
458.5000	  0.4023
458.0000	  0.4022
457.5000	  0.4013
457.0000	  0.4019
456.5000	  0.4014
456.0000	  0.4011
455.5000	  0.4000
455.0000	  0.3989
454.5000	  0.3983
454.0000	  0.3966
453.5000	  0.3949
453.0000	  0.3948
452.5000	  0.3926
452.0000	  0.3922
451.5000	  0.3901
451.0000	  0.3886
450.5000	  0.3870
450.0000	  0.3873
449.5000	  0.3852
449.0000	  0.3851
448.5000	  0.3830
448.0000	  0.3817
447.5000	  0.3810
447.0000	  0.3798
446.5000	  0.3793
446.0000	  0.3796
445.5000	  0.3785
445.0000	  0.3771
444.5000	  0.3768
444.0000	  0.3779
443.5000	  0.3778
443.0000	  0.3775
442.5000	  0.3770
442.0000	  0.3762
441.5000	  0.3773
441.0000	  0.3770
440.5000	  0.3765
440.0000	  0.3757
439.5000	  0.3774
439.0000	  0.3759
438.5000	  0.3766
438.0000	  0.3767
437.5000	  0.3761
437.0000	  0.3776
436.5000	  0.3763
436.0000	  0.3761
435.5000	  0.3755
435.0000	  0.3765
434.5000	  0.3751
434.0000	  0.3767
433.5000	  0.3754
433.0000	  0.3765
432.5000	  0.3761
432.0000	  0.3749
431.5000	  0.3768
431.0000	  0.3760
430.5000	  0.3761
430.0000	  0.3758
429.5000	  0.3768
429.0000	  0.3772
428.5000	  0.3773
428.0000	  0.3770
427.5000	  0.3776
427.0000	  0.3775
426.5000	  0.3773
426.0000	  0.3762
425.5000	  0.3776
425.0000	  0.3774
424.5000	  0.3777
424.0000	  0.3770
423.5000	  0.3762
423.0000	  0.3770
422.5000	  0.3770
422.0000	  0.3758
421.5000	  0.3763
421.0000	  0.3762
420.5000	  0.3761
420.0000	  0.3765
419.5000	  0.3746
419.0000	  0.3749
418.5000	  0.3748
418.0000	  0.3752
417.5000	  0.3736
417.0000	  0.3742
416.5000	  0.3733
416.0000	  0.3745
415.5000	  0.3728
415.0000	  0.3738
414.5000	  0.3729
414.0000	  0.3740
413.5000	  0.3719
413.0000	  0.3715
412.5000	  0.3721
412.0000	  0.3722
411.5000	  0.3710
411.0000	  0.3715
410.5000	  0.3717
410.0000	  0.3713
409.5000	  0.3710
409.0000	  0.3695
408.5000	  0.3702
408.0000	  0.3702
407.5000	  0.3686
407.0000	  0.3683
406.5000	  0.3687
406.0000	  0.3687
405.5000	  0.3687
405.0000	  0.3683
404.5000	  0.3671
404.0000	  0.3674
403.5000	  0.3680
403.0000	  0.3659
402.5000	  0.3664
402.0000	  0.3665
401.5000	  0.3662
401.0000	  0.3660
400.5000	  0.3660
400.0000	  0.3636
399.5000	  0.3658
399.0000	  0.3647
398.5000	  0.3648
398.0000	  0.3646
397.5000	  0.3634
397.0000	  0.3650
396.5000	  0.3631
396.0000	  0.3631
395.5000	  0.3618
395.0000	  0.3631
394.5000	  0.3629
394.0000	  0.3640
393.5000	  0.3626
393.0000	  0.3624
392.5000	  0.3629
392.0000	  0.3635
391.5000	  0.3639
391.0000	  0.3627
390.5000	  0.3623
390.0000	  0.3627
389.5000	  0.3620
389.0000	  0.3615
388.5000	  0.3614
388.0000	  0.3633
387.5000	  0.3596
387.0000	  0.3611
386.5000	  0.3604
386.0000	  0.3604
385.5000	  0.3581
385.0000	  0.3599
384.5000	  0.3610
384.0000	  0.3597
383.5000	  0.3589
383.0000	  0.3594
382.5000	  0.3594
382.0000	  0.3590
381.5000	  0.3579
381.0000	  0.3582
380.5000	  0.3592
380.0000	  0.3597
379.5000	  0.3585
379.0000	  0.3576
378.5000	  0.3595
378.0000	  0.3565
377.5000	  0.3583
377.0000	  0.3537
376.5000	  0.3565
376.0000	  0.3576
375.5000	  0.3545
375.0000	  0.3542
374.5000	  0.3605
374.0000	  0.3550
373.5000	  0.3551
373.0000	  0.3530
372.5000	  0.3569
372.0000	  0.3547
371.5000	  0.3541
371.0000	  0.3567
370.5000	  0.3561
370.0000	  0.3536
369.5000	  0.3526
369.0000	  0.3525
368.5000	  0.3516
368.0000	  0.3544
367.5000	  0.3543
367.0000	  0.3543
366.5000	  0.3512
366.0000	  0.3557
365.5000	  0.3559
365.0000	  0.3507
364.5000	  0.3514
364.0000	  0.3534
363.5000	  0.3514
363.0000	  0.3516
362.5000	  0.3513
362.0000	  0.3521
361.5000	  0.3551
361.0000	  0.3557
360.5000	  0.3526
360.0000	  0.3504
359.5000	  0.3532
359.0000	  0.3525
358.5000	  0.3553
358.0000	  0.3489
357.5000	  0.3535
357.0000	  0.3497
356.5000	  0.3535
356.0000	  0.3515
355.5000	  0.3517
355.0000	  0.3499
354.5000	  0.3532
354.0000	  0.3524
353.5000	  0.3507
353.0000	  0.3490
352.5000	  0.3539
352.0000	  0.3481
351.5000	  0.3507
351.0000	  0.3507
350.5000	  0.3524
350.0000	  0.3539
