31/05/2023 15.01.25
31/05/2023 15.08.45

900.0000	 55.4000

900.0000	 55.4000

900.0000	 53.9900



  1.0000
900.0000
  3.0000
340.0000
  1.0000
1101.0000
  5.0000
  6.0000
  1.0000
  1.0000
  0.0000
  0.0000
100.0000
  0.0000
  1.0000
  0.0000
500.0000
900.0000
350.0000
  4.0000
  1.0000
 18.0000
  2.0000
  1.0000
255.0000
  0.9118
  1.0000
 30.0000
  4.0000
500.0000
  0.0000
  0.0000
  4.0000
900.0000
350.0000
  0.0000
100.0000
  0.0000
  1.0000
  0.0000
500.0000
  1.0000
  1.0000
  1.0000
  1.0000
  4.0000
  0.0000
  1.0000
  1.0000
  1.0000
  1.0000
  1.0000
  2.0000
  1.0000
  1.0000
  1.0000
  3.0000
  1.0000
  1.0000
  1.0000
  4.0000
  5.0000
440.475
0.000
900.0000	  0.5913
899.5000	  0.4686
899.0000	  0.5572
898.5000	  0.5510
898.0000	  0.5156
897.5000	  0.5763
897.0000	  0.5587
896.5000	  0.5896
896.0000	  0.5592
895.5000	  0.5478
895.0000	  0.5529
894.5000	  0.5590
894.0000	  0.5549
893.5000	  0.5727
893.0000	  0.5458
892.5000	  0.5455
892.0000	  0.5978
891.5000	  0.5326
891.0000	  0.5261
890.5000	  0.5312
890.0000	  0.5389
889.5000	  0.5287
889.0000	  0.5414
888.5000	  0.5407
888.0000	  0.5313
887.5000	  0.5483
887.0000	  0.5385
886.5000	  0.5411
886.0000	  0.5467
885.5000	  0.5338
885.0000	  0.5439
884.5000	  0.5211
884.0000	  0.5294
883.5000	  0.5278
883.0000	  0.5386
882.5000	  0.5309
882.0000	  0.5396
881.5000	  0.5456
881.0000	  0.5403
880.5000	  0.5271
880.0000	  0.5390
879.5000	  0.5277
879.0000	  0.5450
878.5000	  0.5394
878.0000	  0.5465
877.5000	  0.5270
877.0000	  0.5320
876.5000	  0.5387
876.0000	  0.5344
875.5000	  0.5361
875.0000	  0.5321
874.5000	  0.5339
874.0000	  0.5310
873.5000	  0.5407
873.0000	  0.5311
872.5000	  0.5288
872.0000	  0.5354
871.5000	  0.5299
871.0000	  0.5293
870.5000	  0.5301
870.0000	  0.5308
869.5000	  0.5373
869.0000	  0.5329
868.5000	  0.5324
868.0000	  0.5339
867.5000	  0.5319
867.0000	  0.5355
866.5000	  0.5342
866.0000	  0.5323
865.5000	  0.5358
865.0000	  0.5328
864.5000	  0.5334
864.0000	  0.5354
863.5000	  0.5348
863.0000	  0.5343
862.5000	  0.5369
862.0000	  0.5346
861.5000	  0.5334
861.0000	  0.5303
860.5000	  0.5341
860.0000	  0.5365
859.5000	  0.5327
859.0000	  0.5316
858.5000	  0.5337
858.0000	  0.5346
857.5000	  0.5314
857.0000	  0.5370
856.5000	  0.5353
856.0000	  0.5334
855.5000	  0.5331
855.0000	  0.5348
854.5000	  0.5335
854.0000	  0.5304
853.5000	  0.5351
853.0000	  0.5324
852.5000	  0.5320
852.0000	  0.5325
851.5000	  0.5310
851.0000	  0.5305
850.5000	  0.5309
850.0000	  0.5309
849.5000	  0.5317
849.0000	  0.5300
848.5000	  0.5276
848.0000	  0.5293
847.5000	  0.5302
847.0000	  0.5310
846.5000	  0.5301
846.0000	  0.5284
845.5000	  0.5289
845.0000	  0.5287
844.5000	  0.5293
844.0000	  0.5263
843.5000	  0.5294
843.0000	  0.5266
842.5000	  0.5265
842.0000	  0.5250
841.5000	  0.5246
841.0000	  0.5252
840.5000	  0.5273
840.0000	  0.5227
839.5000	  0.5234
839.0000	  0.5227
838.5000	  0.5217
838.0000	  0.5210
837.5000	  0.5210
837.0000	  0.5209
836.5000	  0.5189
836.0000	  0.5207
835.5000	  0.5179
835.0000	  0.5186
834.5000	  0.5194
834.0000	  0.5199
833.5000	  0.5165
833.0000	  0.5154
832.5000	  0.5149
832.0000	  0.5158
831.5000	  0.5154
831.0000	  0.5136
830.5000	  0.5145
830.0000	  0.5128
829.5000	  0.5143
829.0000	  0.5118
828.5000	  0.5132
828.0000	  0.5114
827.5000	  0.5116
827.0000	  0.5083
826.5000	  0.5102
826.0000	  0.5098
825.5000	  0.5076
825.0000	  0.5091
824.5000	  0.5085
824.0000	  0.5085
823.5000	  0.5067
823.0000	  0.5079
822.5000	  0.5058
822.0000	  0.5064
821.5000	  0.5067
821.0000	  0.5055
820.5000	  0.5058
820.0000	  0.5052
819.5000	  0.5041
819.0000	  0.5034
818.5000	  0.5033
818.0000	  0.5026
817.5000	  0.5034
817.0000	  0.5028
816.5000	  0.5025
816.0000	  0.4997
815.5000	  0.5007
815.0000	  0.5005
814.5000	  0.4989
814.0000	  0.4997
813.5000	  0.4986
813.0000	  0.4994
812.5000	  0.4985
812.0000	  0.4986
811.5000	  0.4974
811.0000	  0.4972
810.5000	  0.4976
810.0000	  0.4960
809.5000	  0.4959
809.0000	  0.4966
808.5000	  0.4959
808.0000	  0.4957
807.5000	  0.4948
807.0000	  0.4941
806.5000	  0.4955
806.0000	  0.4940
805.5000	  0.4934
805.0000	  0.4917
804.5000	  0.4917
804.0000	  0.4931
803.5000	  0.4923
803.0000	  0.4911
802.5000	  0.4909
802.0000	  0.4917
801.5000	  0.4908
801.0000	  0.4901
800.5000	  0.4882
800.0000	  0.4887
799.5000	  0.4884
799.0000	  0.4883
798.5000	  0.4869
798.0000	  0.4871
797.5000	  0.4872
797.0000	  0.4876
796.5000	  0.4870
796.0000	  0.4866
795.5000	  0.4862
795.0000	  0.4852
794.5000	  0.4850
794.0000	  0.4838
793.5000	  0.4844
793.0000	  0.4829
792.5000	  0.4835
792.0000	  0.4828
791.5000	  0.4819
791.0000	  0.4817
790.5000	  0.4820
790.0000	  0.4812
789.5000	  0.4814
789.0000	  0.4806
788.5000	  0.4799
788.0000	  0.4792
787.5000	  0.4793
787.0000	  0.4796
786.5000	  0.4783
786.0000	  0.4773
785.5000	  0.4775
785.0000	  0.4776
784.5000	  0.4773
784.0000	  0.4761
783.5000	  0.4754
783.0000	  0.4750
782.5000	  0.4748
782.0000	  0.4744
781.5000	  0.4734
781.0000	  0.4741
780.5000	  0.4739
780.0000	  0.4731
779.5000	  0.4726
779.0000	  0.4728
778.5000	  0.4716
778.0000	  0.4703
777.5000	  0.4712
777.0000	  0.4705
776.5000	  0.4697
776.0000	  0.4695
775.5000	  0.4688
775.0000	  0.4680
774.5000	  0.4681
774.0000	  0.4680
773.5000	  0.4670
773.0000	  0.4664
772.5000	  0.4655
772.0000	  0.4661
771.5000	  0.4649
771.0000	  0.4653
770.5000	  0.4639
770.0000	  0.4632
769.5000	  0.4634
769.0000	  0.4640
768.5000	  0.4619
768.0000	  0.4627
767.5000	  0.4621
767.0000	  0.4612
766.5000	  0.4597
766.0000	  0.4600
765.5000	  0.4596
765.0000	  0.4580
764.5000	  0.4579
764.0000	  0.4578
763.5000	  0.4574
763.0000	  0.4569
762.5000	  0.4562
762.0000	  0.4554
761.5000	  0.4558
761.0000	  0.4550
760.5000	  0.4543
760.0000	  0.4525
759.5000	  0.4530
759.0000	  0.4527
758.5000	  0.4518
758.0000	  0.4527
757.5000	  0.4503
757.0000	  0.4507
756.5000	  0.4494
756.0000	  0.4493
755.5000	  0.4483
755.0000	  0.4482
754.5000	  0.4487
754.0000	  0.4479
753.5000	  0.4470
753.0000	  0.4456
752.5000	  0.4458
752.0000	  0.4446
751.5000	  0.4456
751.0000	  0.4437
750.5000	  0.4433
750.0000	  0.4436
749.5000	  0.4432
749.0000	  0.4418
748.5000	  0.4413
748.0000	  0.4413
747.5000	  0.4409
747.0000	  0.4401
746.5000	  0.4387
746.0000	  0.4391
745.5000	  0.4388
745.0000	  0.4392
744.5000	  0.4377
744.0000	  0.4365
743.5000	  0.4364
743.0000	  0.4360
742.5000	  0.4360
742.0000	  0.4348
741.5000	  0.4344
741.0000	  0.4334
740.5000	  0.4342
740.0000	  0.4334
739.5000	  0.4324
739.0000	  0.4324
738.5000	  0.4314
738.0000	  0.4303
737.5000	  0.4308
737.0000	  0.4313
736.5000	  0.4294
736.0000	  0.4300
735.5000	  0.4292
735.0000	  0.4282
734.5000	  0.4282
734.0000	  0.4281
733.5000	  0.4267
733.0000	  0.4273
732.5000	  0.4271
732.0000	  0.4265
731.5000	  0.4255
731.0000	  0.4261
730.5000	  0.4259
730.0000	  0.4254
729.5000	  0.4256
729.0000	  0.4252
728.5000	  0.4244
728.0000	  0.4255
727.5000	  0.4250
727.0000	  0.4253
726.5000	  0.4265
726.0000	  0.4254
725.5000	  0.4257
725.0000	  0.4259
724.5000	  0.4269
724.0000	  0.4265
723.5000	  0.4269
723.0000	  0.4286
722.5000	  0.4293
722.0000	  0.4294
721.5000	  0.4294
721.0000	  0.4308
720.5000	  0.4310
720.0000	  0.4312
719.5000	  0.4326
719.0000	  0.4313
718.5000	  0.4325
718.0000	  0.4314
717.5000	  0.4298
717.0000	  0.4273
716.5000	  0.4267
716.0000	  0.4241
715.5000	  0.4227
715.0000	  0.4194
714.5000	  0.4164
714.0000	  0.4133
713.5000	  0.4100
713.0000	  0.4081
712.5000	  0.4054
712.0000	  0.4038
711.5000	  0.4010
711.0000	  0.3988
710.5000	  0.3976
710.0000	  0.3966
709.5000	  0.3940
709.0000	  0.3925
708.5000	  0.3918
708.0000	  0.3904
707.5000	  0.3885
707.0000	  0.3885
706.5000	  0.3873
706.0000	  0.3862
705.5000	  0.3858
705.0000	  0.3848
704.5000	  0.3837
704.0000	  0.3829
703.5000	  0.3827
703.0000	  0.3816
702.5000	  0.3808
702.0000	  0.3800
701.5000	  0.3791
701.0000	  0.3781
700.5000	  0.3776
700.0000	  0.3769
699.5000	  0.3754
699.0000	  0.3756
698.5000	  0.3737
698.0000	  0.3740
697.5000	  0.3723
697.0000	  0.3717
696.5000	  0.3706
696.0000	  0.3700
695.5000	  0.3693
695.0000	  0.3678
694.5000	  0.3671
694.0000	  0.3667
693.5000	  0.3659
693.0000	  0.3647
692.5000	  0.3641
692.0000	  0.3625
691.5000	  0.3615
691.0000	  0.3609
690.5000	  0.3604
690.0000	  0.3585
689.5000	  0.3586
689.0000	  0.3570
688.5000	  0.3568
688.0000	  0.3555
687.5000	  0.3544
687.0000	  0.3536
686.5000	  0.3527
686.0000	  0.3519
685.5000	  0.3506
685.0000	  0.3496
684.5000	  0.3490
684.0000	  0.3478
683.5000	  0.3468
683.0000	  0.3460
682.5000	  0.3452
682.0000	  0.3441
681.5000	  0.3437
681.0000	  0.3429
680.5000	  0.3421
680.0000	  0.3400
679.5000	  0.3403
679.0000	  0.3383
678.5000	  0.3381
678.0000	  0.3369
677.5000	  0.3362
677.0000	  0.3346
676.5000	  0.3345
676.0000	  0.3331
675.5000	  0.3320
675.0000	  0.3308
674.5000	  0.3298
674.0000	  0.3294
673.5000	  0.3282
673.0000	  0.3276
672.5000	  0.3261
672.0000	  0.3257
671.5000	  0.3245
671.0000	  0.3243
670.5000	  0.3225
670.0000	  0.3217
669.5000	  0.3204
669.0000	  0.3205
668.5000	  0.3195
668.0000	  0.3177
667.5000	  0.3178
667.0000	  0.3162
666.5000	  0.3155
666.0000	  0.3138
665.5000	  0.3136
665.0000	  0.3129
664.5000	  0.3120
664.0000	  0.3106
663.5000	  0.3100
663.0000	  0.3094
662.5000	  0.3078
662.0000	  0.3075
661.5000	  0.3057
661.0000	  0.3057
660.5000	  0.3042
660.0000	  0.3036
659.5000	  0.3023
659.0000	  0.3016
658.5000	  0.3002
658.0000	  0.2998
657.5000	  0.2987
657.0000	  0.2975
656.5000	  0.2970
656.0000	  0.2963
655.5000	  0.2949
655.0000	  0.2938
654.5000	  0.2934
654.0000	  0.2919
653.5000	  0.2914
653.0000	  0.2901
652.5000	  0.2892
652.0000	  0.2883
651.5000	  0.2876
651.0000	  0.2863
650.5000	  0.2853
650.0000	  0.2845
649.5000	  0.2836
649.0000	  0.2825
648.5000	  0.2821
648.0000	  0.2811
647.5000	  0.2796
647.0000	  0.2791
646.5000	  0.2778
646.0000	  0.2769
645.5000	  0.2758
645.0000	  0.2757
644.5000	  0.2741
644.0000	  0.2736
643.5000	  0.2725
643.0000	  0.2714
642.5000	  0.2707
642.0000	  0.2692
641.5000	  0.2686
641.0000	  0.2673
640.5000	  0.2668
640.0000	  0.2653
639.5000	  0.2650
639.0000	  0.2640
638.5000	  0.2635
638.0000	  0.2618
637.5000	  0.2612
637.0000	  0.2603
636.5000	  0.2590
636.0000	  0.2581
635.5000	  0.2573
635.0000	  0.2565
634.5000	  0.2556
634.0000	  0.2548
633.5000	  0.2538
633.0000	  0.2532
632.5000	  0.2526
632.0000	  0.2518
631.5000	  0.2511
631.0000	  0.2504
630.5000	  0.2501
630.0000	  0.2492
629.5000	  0.2494
629.0000	  0.2482
628.5000	  0.2482
628.0000	  0.2480
627.5000	  0.2475
627.0000	  0.2473
626.5000	  0.2473
626.0000	  0.2473
625.5000	  0.2466
625.0000	  0.2470
624.5000	  0.2461
624.0000	  0.2461
623.5000	  0.2460
623.0000	  0.2460
622.5000	  0.2447
622.0000	  0.2452
621.5000	  0.2450
621.0000	  0.2443
620.5000	  0.2437
620.0000	  0.2433
619.5000	  0.2434
619.0000	  0.2423
618.5000	  0.2420
618.0000	  0.2412
617.5000	  0.2402
617.0000	  0.2392
616.5000	  0.2388
616.0000	  0.2378
615.5000	  0.2372
615.0000	  0.2370
614.5000	  0.2365
614.0000	  0.2353
613.5000	  0.2346
613.0000	  0.2341
612.5000	  0.2337
612.0000	  0.2333
611.5000	  0.2321
611.0000	  0.2319
610.5000	  0.2313
610.0000	  0.2310
609.5000	  0.2301
609.0000	  0.2295
608.5000	  0.2289
608.0000	  0.2284
607.5000	  0.2276
607.0000	  0.2274
606.5000	  0.2269
606.0000	  0.2261
605.5000	  0.2261
605.0000	  0.2249
604.5000	  0.2246
604.0000	  0.2238
603.5000	  0.2234
603.0000	  0.2230
602.5000	  0.2227
602.0000	  0.2221
601.5000	  0.2217
601.0000	  0.2215
600.5000	  0.2205
600.0000	  0.2203
599.5000	  0.2196
599.0000	  0.2196
598.5000	  0.2185
598.0000	  0.2185
597.5000	  0.2179
597.0000	  0.2178
596.5000	  0.2173
596.0000	  0.2169
595.5000	  0.2163
595.0000	  0.2160
594.5000	  0.2157
594.0000	  0.2152
593.5000	  0.2149
593.0000	  0.2143
592.5000	  0.2142
592.0000	  0.2134
591.5000	  0.2136
591.0000	  0.2132
590.5000	  0.2128
590.0000	  0.2121
589.5000	  0.2122
589.0000	  0.2119
588.5000	  0.2113
588.0000	  0.2112
587.5000	  0.2109
587.0000	  0.2103
586.5000	  0.2104
586.0000	  0.2099
585.5000	  0.2094
585.0000	  0.2095
584.5000	  0.2089
584.0000	  0.2087
583.5000	  0.2081
583.0000	  0.2086
582.5000	  0.2081
582.0000	  0.2076
581.5000	  0.2074
581.0000	  0.2071
580.5000	  0.2071
580.0000	  0.2069
579.5000	  0.2067
579.0000	  0.2062
578.5000	  0.2057
578.0000	  0.2058
577.5000	  0.2061
577.0000	  0.2053
576.5000	  0.2056
576.0000	  0.2054
575.5000	  0.2046
575.0000	  0.2048
574.5000	  0.2048
574.0000	  0.2044
573.5000	  0.2043
573.0000	  0.2041
572.5000	  0.2037
572.0000	  0.2037
571.5000	  0.2038
571.0000	  0.2040
570.5000	  0.2033
570.0000	  0.2036
569.5000	  0.2035
569.0000	  0.2034
568.5000	  0.2032
568.0000	  0.2030
567.5000	  0.2031
567.0000	  0.2027
566.5000	  0.2032
566.0000	  0.2029
565.5000	  0.2028
565.0000	  0.2028
564.5000	  0.2029
564.0000	  0.2023
563.5000	  0.2024
563.0000	  0.2025
562.5000	  0.2025
562.0000	  0.2025
561.5000	  0.2023
561.0000	  0.2023
560.5000	  0.2024
560.0000	  0.2029
559.5000	  0.2029
559.0000	  0.2031
558.5000	  0.2028
558.0000	  0.2030
557.5000	  0.2030
557.0000	  0.2032
556.5000	  0.2032
556.0000	  0.2036
555.5000	  0.2036
555.0000	  0.2035
554.5000	  0.2037
554.0000	  0.2036
553.5000	  0.2040
553.0000	  0.2037
552.5000	  0.2041
552.0000	  0.2042
551.5000	  0.2044
551.0000	  0.2042
550.5000	  0.2049
550.0000	  0.2047
549.5000	  0.2053
549.0000	  0.2053
548.5000	  0.2058
548.0000	  0.2061
547.5000	  0.2060
547.0000	  0.2063
546.5000	  0.2063
546.0000	  0.2068
545.5000	  0.2069
545.0000	  0.2074
544.5000	  0.2075
544.0000	  0.2082
543.5000	  0.2080
543.0000	  0.2086
542.5000	  0.2089
542.0000	  0.2090
541.5000	  0.2095
541.0000	  0.2098
540.5000	  0.2104
540.0000	  0.2106
539.5000	  0.2111
539.0000	  0.2113
538.5000	  0.2120
538.0000	  0.2121
537.5000	  0.2127
537.0000	  0.2130
536.5000	  0.2137
536.0000	  0.2138
535.5000	  0.2142
535.0000	  0.2148
534.5000	  0.2155
534.0000	  0.2159
533.5000	  0.2163
533.0000	  0.2169
532.5000	  0.2177
532.0000	  0.2182
531.5000	  0.2185
531.0000	  0.2192
530.5000	  0.2196
530.0000	  0.2205
529.5000	  0.2211
529.0000	  0.2216
528.5000	  0.2225
528.0000	  0.2233
527.5000	  0.2240
527.0000	  0.2245
526.5000	  0.2251
526.0000	  0.2258
525.5000	  0.2270
525.0000	  0.2273
524.5000	  0.2284
524.0000	  0.2291
523.5000	  0.2299
523.0000	  0.2308
522.5000	  0.2310
522.0000	  0.2323
521.5000	  0.2330
521.0000	  0.2341
520.5000	  0.2347
520.0000	  0.2356
519.5000	  0.2364
519.0000	  0.2377
518.5000	  0.2381
518.0000	  0.2393
517.5000	  0.2402
517.0000	  0.2413
516.5000	  0.2419
516.0000	  0.2430
515.5000	  0.2444
515.0000	  0.2452
514.5000	  0.2463
514.0000	  0.2473
513.5000	  0.2481
513.0000	  0.2493
512.5000	  0.2507
512.0000	  0.2518
511.5000	  0.2529
511.0000	  0.2543
510.5000	  0.2552
510.0000	  0.2560
509.5000	  0.2574
509.0000	  0.2587
508.5000	  0.2599
508.0000	  0.2612
507.5000	  0.2625
507.0000	  0.2638
506.5000	  0.2652
506.0000	  0.2667
505.5000	  0.2676
505.0000	  0.2695
504.5000	  0.2709
504.0000	  0.2726
503.5000	  0.2733
503.0000	  0.2750
502.5000	  0.2766
502.0000	  0.2783
501.5000	  0.2797
501.0000	  0.2808
500.5000	  0.2822
500.0000	  0.2838
499.5000	  0.2858
499.0000	  0.2865
498.5000	  0.2888
498.0000	  0.2893
497.5000	  0.2911
497.0000	  0.2924
496.5000	  0.2941
496.0000	  0.2949
495.5000	  0.2966
495.0000	  0.2981
494.5000	  0.2990
494.0000	  0.3012
493.5000	  0.3021
493.0000	  0.3031
492.5000	  0.3044
492.0000	  0.3054
491.5000	  0.3071
491.0000	  0.3081
490.5000	  0.3089
490.0000	  0.3104
489.5000	  0.3117
489.0000	  0.3128
488.5000	  0.3143
488.0000	  0.3144
487.5000	  0.3160
487.0000	  0.3166
486.5000	  0.3181
486.0000	  0.3183
485.5000	  0.3195
485.0000	  0.3200
484.5000	  0.3221
484.0000	  0.3225
483.5000	  0.3240
483.0000	  0.3246
482.5000	  0.3257
482.0000	  0.3267
481.5000	  0.3269
481.0000	  0.3286
480.5000	  0.3289
480.0000	  0.3303
479.5000	  0.3309
479.0000	  0.3317
478.5000	  0.3327
478.0000	  0.3336
477.5000	  0.3341
477.0000	  0.3355
476.5000	  0.3359
476.0000	  0.3365
475.5000	  0.3374
475.0000	  0.3380
474.5000	  0.3394
474.0000	  0.3402
473.5000	  0.3409
473.0000	  0.3407
472.5000	  0.3423
472.0000	  0.3428
471.5000	  0.3444
471.0000	  0.3441
470.5000	  0.3452
470.0000	  0.3458
469.5000	  0.3468
469.0000	  0.3478
468.5000	  0.3483
468.0000	  0.3489
467.5000	  0.3497
467.0000	  0.3506
466.5000	  0.3510
466.0000	  0.3518
465.5000	  0.3525
465.0000	  0.3536
464.5000	  0.3539
464.0000	  0.3546
463.5000	  0.3554
463.0000	  0.3559
462.5000	  0.3563
462.0000	  0.3575
461.5000	  0.3582
461.0000	  0.3584
460.5000	  0.3603
460.0000	  0.3604
459.5000	  0.3607
459.0000	  0.3614
458.5000	  0.3628
458.0000	  0.3616
457.5000	  0.3621
457.0000	  0.3625
456.5000	  0.3643
456.0000	  0.3640
455.5000	  0.3642
455.0000	  0.3645
454.5000	  0.3645
454.0000	  0.3644
453.5000	  0.3639
453.0000	  0.3632
452.5000	  0.3633
452.0000	  0.3636
451.5000	  0.3631
451.0000	  0.3622
450.5000	  0.3621
450.0000	  0.3623
449.5000	  0.3610
449.0000	  0.3605
448.5000	  0.3588
448.0000	  0.3598
447.5000	  0.3582
447.0000	  0.3588
446.5000	  0.3579
446.0000	  0.3574
445.5000	  0.3562
445.0000	  0.3569
444.5000	  0.3550
444.0000	  0.3553
443.5000	  0.3549
443.0000	  0.3542
442.5000	  0.3545
442.0000	  0.3537
441.5000	  0.3541
441.0000	  0.3536
440.5000	  0.3534
440.0000	  0.3534
439.5000	  0.3532
439.0000	  0.3523
438.5000	  0.3528
438.0000	  0.3520
437.5000	  0.3517
437.0000	  0.3518
436.5000	  0.3512
436.0000	  0.3509
435.5000	  0.3515
435.0000	  0.3510
434.5000	  0.3505
434.0000	  0.3507
433.5000	  0.3506
433.0000	  0.3508
432.5000	  0.3498
432.0000	  0.3497
431.5000	  0.3505
431.0000	  0.3501
430.5000	  0.3504
430.0000	  0.3491
429.5000	  0.3496
429.0000	  0.3497
428.5000	  0.3497
428.0000	  0.3488
427.5000	  0.3490
427.0000	  0.3495
426.5000	  0.3491
426.0000	  0.3488
425.5000	  0.3486
425.0000	  0.3486
424.5000	  0.3481
424.0000	  0.3473
423.5000	  0.3478
423.0000	  0.3486
422.5000	  0.3483
422.0000	  0.3485
421.5000	  0.3482
421.0000	  0.3476
420.5000	  0.3474
420.0000	  0.3484
419.5000	  0.3478
419.0000	  0.3475
418.5000	  0.3476
418.0000	  0.3478
417.5000	  0.3472
417.0000	  0.3467
416.5000	  0.3464
416.0000	  0.3471
415.5000	  0.3462
415.0000	  0.3462
414.5000	  0.3460
414.0000	  0.3458
413.5000	  0.3458
413.0000	  0.3453
412.5000	  0.3454
412.0000	  0.3443
411.5000	  0.3452
411.0000	  0.3441
410.5000	  0.3438
410.0000	  0.3444
409.5000	  0.3435
409.0000	  0.3438
408.5000	  0.3430
408.0000	  0.3440
407.5000	  0.3434
407.0000	  0.3428
406.5000	  0.3428
406.0000	  0.3424
405.5000	  0.3430
405.0000	  0.3417
404.5000	  0.3418
404.0000	  0.3419
403.5000	  0.3412
403.0000	  0.3419
402.5000	  0.3401
402.0000	  0.3405
401.5000	  0.3404
401.0000	  0.3400
400.5000	  0.3396
400.0000	  0.3400
399.5000	  0.3391
399.0000	  0.3389
398.5000	  0.3379
398.0000	  0.3381
397.5000	  0.3381
397.0000	  0.3369
396.5000	  0.3384
396.0000	  0.3367
395.5000	  0.3372
395.0000	  0.3367
394.5000	  0.3379
394.0000	  0.3361
393.5000	  0.3366
393.0000	  0.3353
392.5000	  0.3354
392.0000	  0.3356
391.5000	  0.3358
391.0000	  0.3352
390.5000	  0.3349
390.0000	  0.3353
389.5000	  0.3343
389.0000	  0.3346
388.5000	  0.3344
388.0000	  0.3357
387.5000	  0.3342
387.0000	  0.3341
386.5000	  0.3341
386.0000	  0.3329
385.5000	  0.3347
385.0000	  0.3330
384.5000	  0.3340
384.0000	  0.3342
383.5000	  0.3336
383.0000	  0.3334
382.5000	  0.3322
382.0000	  0.3319
381.5000	  0.3333
381.0000	  0.3317
380.5000	  0.3334
380.0000	  0.3322
379.5000	  0.3338
379.0000	  0.3313
378.5000	  0.3309
378.0000	  0.3318
377.5000	  0.3317
377.0000	  0.3311
376.5000	  0.3313
376.0000	  0.3306
375.5000	  0.3294
375.0000	  0.3300
374.5000	  0.3298
374.0000	  0.3306
373.5000	  0.3304
373.0000	  0.3290
372.5000	  0.3286
372.0000	  0.3292
371.5000	  0.3280
371.0000	  0.3292
370.5000	  0.3284
370.0000	  0.3294
369.5000	  0.3272
369.0000	  0.3271
368.5000	  0.3280
368.0000	  0.3277
367.5000	  0.3270
367.0000	  0.3264
366.5000	  0.3265
366.0000	  0.3255
365.5000	  0.3270
365.0000	  0.3253
364.5000	  0.3249
364.0000	  0.3251
363.5000	  0.3255
363.0000	  0.3260
362.5000	  0.3252
362.0000	  0.3248
361.5000	  0.3233
361.0000	  0.3251
360.5000	  0.3239
360.0000	  0.3235
359.5000	  0.3219
359.0000	  0.3236
358.5000	  0.3259
358.0000	  0.3235
357.5000	  0.3241
357.0000	  0.3237
356.5000	  0.3240
356.0000	  0.3222
355.5000	  0.3224
355.0000	  0.3228
354.5000	  0.3212
354.0000	  0.3228
353.5000	  0.3236
353.0000	  0.3231
352.5000	  0.3219
352.0000	  0.3227
351.5000	  0.3235
351.0000	  0.3221
350.5000	  0.3202
350.0000	  0.3230
