31/05/2023 15.11.48
31/05/2023 15.19.09

900.0000	 55.8800

900.0000	 55.8800

900.0000	 56.7300



  1.0000
900.0000
  3.0000
340.0000
  1.0000
1101.0000
  5.0000
  6.0000
  1.0000
  1.0000
  0.0000
  0.0000
100.0000
  0.0000
  1.0000
  0.0000
500.0000
900.0000
350.0000
  4.0000
  1.0000
 18.0000
  2.0000
  1.0000
255.0000
  0.9118
  1.0000
 30.0000
  4.0000
500.0000
  0.0000
  0.0000
  4.0000
900.0000
350.0000
  0.0000
100.0000
  0.0000
  1.0000
  0.0000
500.0000
  1.0000
  1.0000
  1.0000
  1.0000
  4.0000
  0.0000
  1.0000
  1.0000
  1.0000
  1.0000
  1.0000
  2.0000
  1.0000
  1.0000
  1.0000
  3.0000
  1.0000
  1.0000
  1.0000
  4.0000
  5.0000
440.443
0.000
900.0000	  0.4962
899.5000	  0.4960
899.0000	  0.0262
898.5000	  0.6499
898.0000	  0.3896
897.5000	  0.2725
897.0000	  0.4668
896.5000	  0.5069
896.0000	  0.3570
895.5000	  0.4195
895.0000	  0.3569
894.5000	  0.3037
894.0000	  0.3077
893.5000	  0.3797
893.0000	  0.5417
892.5000	  0.3856
892.0000	  0.4774
891.5000	  0.3379
891.0000	  0.4237
890.5000	  0.3768
890.0000	  0.3803
889.5000	  0.3067
889.0000	  0.2435
888.5000	  0.3020
888.0000	  0.3767
887.5000	  0.3859
887.0000	  0.3225
886.5000	  0.3414
886.0000	  0.3242
885.5000	  0.3590
885.0000	  0.4204
884.5000	  0.4242
884.0000	  0.3776
883.5000	  0.3994
883.0000	  0.3833
882.5000	  0.3409
882.0000	  0.3799
881.5000	  0.4337
881.0000	  0.3740
880.5000	  0.4010
880.0000	  0.3719
879.5000	  0.3382
879.0000	  0.3869
878.5000	  0.3877
878.0000	  0.3566
877.5000	  0.3506
877.0000	  0.3773
876.5000	  0.3849
876.0000	  0.3659
875.5000	  0.3865
875.0000	  0.3752
874.5000	  0.3724
874.0000	  0.3724
873.5000	  0.3593
873.0000	  0.3669
872.5000	  0.3741
872.0000	  0.3777
871.5000	  0.3555
871.0000	  0.3681
870.5000	  0.3779
870.0000	  0.3633
869.5000	  0.3614
869.0000	  0.3660
868.5000	  0.3685
868.0000	  0.3747
867.5000	  0.3681
867.0000	  0.3767
866.5000	  0.3678
866.0000	  0.3709
865.5000	  0.3610
865.0000	  0.3648
864.5000	  0.3615
864.0000	  0.3578
863.5000	  0.3736
863.0000	  0.3604
862.5000	  0.3622
862.0000	  0.3696
861.5000	  0.3622
861.0000	  0.3560
860.5000	  0.3620
860.0000	  0.3680
859.5000	  0.3656
859.0000	  0.3624
858.5000	  0.3593
858.0000	  0.3645
857.5000	  0.3644
857.0000	  0.3648
856.5000	  0.3608
856.0000	  0.3643
855.5000	  0.3638
855.0000	  0.3601
854.5000	  0.3678
854.0000	  0.3660
853.5000	  0.3671
853.0000	  0.3608
852.5000	  0.3615
852.0000	  0.3579
851.5000	  0.3631
851.0000	  0.3641
850.5000	  0.3602
850.0000	  0.3614
849.5000	  0.3612
849.0000	  0.3618
848.5000	  0.3588
848.0000	  0.3622
847.5000	  0.3594
847.0000	  0.3594
846.5000	  0.3606
846.0000	  0.3619
845.5000	  0.3599
845.0000	  0.3615
844.5000	  0.3598
844.0000	  0.3609
843.5000	  0.3579
843.0000	  0.3591
842.5000	  0.3592
842.0000	  0.3592
841.5000	  0.3567
841.0000	  0.3580
840.5000	  0.3590
840.0000	  0.3579
839.5000	  0.3565
839.0000	  0.3569
838.5000	  0.3568
838.0000	  0.3555
837.5000	  0.3561
837.0000	  0.3540
836.5000	  0.3537
836.0000	  0.3550
835.5000	  0.3525
835.0000	  0.3536
834.5000	  0.3532
834.0000	  0.3531
833.5000	  0.3516
833.0000	  0.3537
832.5000	  0.3527
832.0000	  0.3519
831.5000	  0.3526
831.0000	  0.3513
830.5000	  0.3502
830.0000	  0.3498
829.5000	  0.3500
829.0000	  0.3508
828.5000	  0.3483
828.0000	  0.3483
827.5000	  0.3500
827.0000	  0.3485
826.5000	  0.3482
826.0000	  0.3470
825.5000	  0.3484
825.0000	  0.3481
824.5000	  0.3467
824.0000	  0.3473
823.5000	  0.3460
823.0000	  0.3457
822.5000	  0.3464
822.0000	  0.3458
821.5000	  0.3452
821.0000	  0.3449
820.5000	  0.3453
820.0000	  0.3443
819.5000	  0.3442
819.0000	  0.3439
818.5000	  0.3440
818.0000	  0.3429
817.5000	  0.3436
817.0000	  0.3433
816.5000	  0.3423
816.0000	  0.3428
815.5000	  0.3419
815.0000	  0.3418
814.5000	  0.3412
814.0000	  0.3413
813.5000	  0.3413
813.0000	  0.3401
812.5000	  0.3408
812.0000	  0.3397
811.5000	  0.3393
811.0000	  0.3390
810.5000	  0.3385
810.0000	  0.3391
809.5000	  0.3387
809.0000	  0.3376
808.5000	  0.3374
808.0000	  0.3380
807.5000	  0.3371
807.0000	  0.3370
806.5000	  0.3365
806.0000	  0.3368
805.5000	  0.3360
805.0000	  0.3349
804.5000	  0.3352
804.0000	  0.3344
803.5000	  0.3347
803.0000	  0.3347
802.5000	  0.3345
802.0000	  0.3337
801.5000	  0.3335
801.0000	  0.3328
800.5000	  0.3341
800.0000	  0.3326
799.5000	  0.3331
799.0000	  0.3325
798.5000	  0.3311
798.0000	  0.3315
797.5000	  0.3312
797.0000	  0.3316
796.5000	  0.3303
796.0000	  0.3304
795.5000	  0.3308
795.0000	  0.3297
794.5000	  0.3295
794.0000	  0.3296
793.5000	  0.3288
793.0000	  0.3290
792.5000	  0.3296
792.0000	  0.3275
791.5000	  0.3264
791.0000	  0.3280
790.5000	  0.3276
790.0000	  0.3268
789.5000	  0.3278
789.0000	  0.3263
788.5000	  0.3274
788.0000	  0.3268
787.5000	  0.3258
787.0000	  0.3260
786.5000	  0.3242
786.0000	  0.3252
785.5000	  0.3249
785.0000	  0.3248
784.5000	  0.3238
784.0000	  0.3239
783.5000	  0.3237
783.0000	  0.3229
782.5000	  0.3232
782.0000	  0.3223
781.5000	  0.3224
781.0000	  0.3214
780.5000	  0.3213
780.0000	  0.3208
779.5000	  0.3205
779.0000	  0.3211
778.5000	  0.3211
778.0000	  0.3205
777.5000	  0.3200
777.0000	  0.3207
776.5000	  0.3202
776.0000	  0.3190
775.5000	  0.3195
775.0000	  0.3183
774.5000	  0.3190
774.0000	  0.3174
773.5000	  0.3179
773.0000	  0.3165
772.5000	  0.3167
772.0000	  0.3169
771.5000	  0.3168
771.0000	  0.3149
770.5000	  0.3157
770.0000	  0.3159
769.5000	  0.3158
769.0000	  0.3140
768.5000	  0.3148
768.0000	  0.3142
767.5000	  0.3138
767.0000	  0.3126
766.5000	  0.3131
766.0000	  0.3128
765.5000	  0.3123
765.0000	  0.3125
764.5000	  0.3112
764.0000	  0.3109
763.5000	  0.3112
763.0000	  0.3108
762.5000	  0.3100
762.0000	  0.3102
761.5000	  0.3098
761.0000	  0.3097
760.5000	  0.3088
760.0000	  0.3092
759.5000	  0.3084
759.0000	  0.3073
758.5000	  0.3076
758.0000	  0.3069
757.5000	  0.3075
757.0000	  0.3070
756.5000	  0.3064
756.0000	  0.3063
755.5000	  0.3053
755.0000	  0.3052
754.5000	  0.3058
754.0000	  0.3061
753.5000	  0.3050
753.0000	  0.3045
752.5000	  0.3046
752.0000	  0.3037
751.5000	  0.3031
751.0000	  0.3025
750.5000	  0.3023
750.0000	  0.3022
749.5000	  0.3022
749.0000	  0.3020
748.5000	  0.3015
748.0000	  0.3013
747.5000	  0.3011
747.0000	  0.3013
746.5000	  0.3006
746.0000	  0.2994
745.5000	  0.2997
745.0000	  0.2990
744.5000	  0.2985
744.0000	  0.2988
743.5000	  0.2978
743.0000	  0.2981
742.5000	  0.2981
742.0000	  0.2973
741.5000	  0.2970
741.0000	  0.2973
740.5000	  0.2967
740.0000	  0.2961
739.5000	  0.2959
739.0000	  0.2957
738.5000	  0.2956
738.0000	  0.2952
737.5000	  0.2943
737.0000	  0.2935
736.5000	  0.2945
736.0000	  0.2936
735.5000	  0.2932
735.0000	  0.2932
734.5000	  0.2930
734.0000	  0.2932
733.5000	  0.2932
733.0000	  0.2930
732.5000	  0.2923
732.0000	  0.2924
731.5000	  0.2926
731.0000	  0.2918
730.5000	  0.2922
730.0000	  0.2914
729.5000	  0.2919
729.0000	  0.2916
728.5000	  0.2911
728.0000	  0.2909
727.5000	  0.2914
727.0000	  0.2909
726.5000	  0.2910
726.0000	  0.2911
725.5000	  0.2913
725.0000	  0.2919
724.5000	  0.2919
724.0000	  0.2926
723.5000	  0.2929
723.0000	  0.2930
722.5000	  0.2926
722.0000	  0.2949
721.5000	  0.2942
721.0000	  0.2952
720.5000	  0.2967
720.0000	  0.2961
719.5000	  0.2967
719.0000	  0.2963
718.5000	  0.2949
718.0000	  0.2966
717.5000	  0.2959
717.0000	  0.2962
716.5000	  0.2936
716.0000	  0.2925
715.5000	  0.2921
715.0000	  0.2902
714.5000	  0.2868
714.0000	  0.2872
713.5000	  0.2846
713.0000	  0.2833
712.5000	  0.2817
712.0000	  0.2797
711.5000	  0.2788
711.0000	  0.2770
710.5000	  0.2759
710.0000	  0.2750
709.5000	  0.2739
709.0000	  0.2733
708.5000	  0.2731
708.0000	  0.2722
707.5000	  0.2717
707.0000	  0.2710
706.5000	  0.2710
706.0000	  0.2697
705.5000	  0.2703
705.0000	  0.2694
704.5000	  0.2696
704.0000	  0.2690
703.5000	  0.2684
703.0000	  0.2683
702.5000	  0.2676
702.0000	  0.2673
701.5000	  0.2669
701.0000	  0.2668
700.5000	  0.2664
700.0000	  0.2662
699.5000	  0.2655
699.0000	  0.2640
698.5000	  0.2638
698.0000	  0.2647
697.5000	  0.2635
697.0000	  0.2633
696.5000	  0.2623
696.0000	  0.2619
695.5000	  0.2613
695.0000	  0.2611
694.5000	  0.2601
694.0000	  0.2597
693.5000	  0.2597
693.0000	  0.2593
692.5000	  0.2588
692.0000	  0.2585
691.5000	  0.2584
691.0000	  0.2572
690.5000	  0.2570
690.0000	  0.2566
689.5000	  0.2564
689.0000	  0.2558
688.5000	  0.2554
688.0000	  0.2543
687.5000	  0.2544
687.0000	  0.2537
686.5000	  0.2531
686.0000	  0.2529
685.5000	  0.2524
685.0000	  0.2521
684.5000	  0.2517
684.0000	  0.2512
683.5000	  0.2500
683.0000	  0.2505
682.5000	  0.2494
682.0000	  0.2494
681.5000	  0.2487
681.0000	  0.2489
680.5000	  0.2477
680.0000	  0.2476
679.5000	  0.2468
679.0000	  0.2464
678.5000	  0.2461
678.0000	  0.2449
677.5000	  0.2451
677.0000	  0.2449
676.5000	  0.2447
676.0000	  0.2440
675.5000	  0.2432
675.0000	  0.2431
674.5000	  0.2426
674.0000	  0.2420
673.5000	  0.2417
673.0000	  0.2413
672.5000	  0.2407
672.0000	  0.2399
671.5000	  0.2398
671.0000	  0.2395
670.5000	  0.2387
670.0000	  0.2384
669.5000	  0.2380
669.0000	  0.2377
668.5000	  0.2369
668.0000	  0.2371
667.5000	  0.2361
667.0000	  0.2362
666.5000	  0.2353
666.0000	  0.2353
665.5000	  0.2341
665.0000	  0.2344
664.5000	  0.2339
664.0000	  0.2334
663.5000	  0.2331
663.0000	  0.2326
662.5000	  0.2318
662.0000	  0.2315
661.5000	  0.2312
661.0000	  0.2303
660.5000	  0.2302
660.0000	  0.2296
659.5000	  0.2293
659.0000	  0.2284
658.5000	  0.2283
658.0000	  0.2279
657.5000	  0.2275
657.0000	  0.2266
656.5000	  0.2266
656.0000	  0.2263
655.5000	  0.2252
655.0000	  0.2251
654.5000	  0.2251
654.0000	  0.2246
653.5000	  0.2241
653.0000	  0.2234
652.5000	  0.2228
652.0000	  0.2228
651.5000	  0.2221
651.0000	  0.2215
650.5000	  0.2215
650.0000	  0.2206
649.5000	  0.2205
649.0000	  0.2197
648.5000	  0.2196
648.0000	  0.2188
647.5000	  0.2186
647.0000	  0.2179
646.5000	  0.2179
646.0000	  0.2166
645.5000	  0.2165
645.0000	  0.2162
644.5000	  0.2155
644.0000	  0.2154
643.5000	  0.2147
643.0000	  0.2143
642.5000	  0.2137
642.0000	  0.2132
641.5000	  0.2128
641.0000	  0.2125
640.5000	  0.2121
640.0000	  0.2118
639.5000	  0.2111
639.0000	  0.2105
638.5000	  0.2101
638.0000	  0.2098
637.5000	  0.2091
637.0000	  0.2087
636.5000	  0.2082
636.0000	  0.2083
635.5000	  0.2078
635.0000	  0.2072
634.5000	  0.2069
634.0000	  0.2067
633.5000	  0.2063
633.0000	  0.2059
632.5000	  0.2057
632.0000	  0.2055
631.5000	  0.2054
631.0000	  0.2050
630.5000	  0.2052
630.0000	  0.2049
629.5000	  0.2049
629.0000	  0.2046
628.5000	  0.2047
628.0000	  0.2047
627.5000	  0.2047
627.0000	  0.2049
626.5000	  0.2047
626.0000	  0.2049
625.5000	  0.2048
625.0000	  0.2050
624.5000	  0.2044
624.0000	  0.2043
623.5000	  0.2043
623.0000	  0.2043
622.5000	  0.2045
622.0000	  0.2044
621.5000	  0.2040
621.0000	  0.2042
620.5000	  0.2037
620.0000	  0.2032
619.5000	  0.2032
619.0000	  0.2031
618.5000	  0.2020
618.0000	  0.2023
617.5000	  0.2016
617.0000	  0.2012
616.5000	  0.2010
616.0000	  0.2003
615.5000	  0.2002
615.0000	  0.1995
614.5000	  0.1993
614.0000	  0.1990
613.5000	  0.1987
613.0000	  0.1982
612.5000	  0.1980
612.0000	  0.1980
611.5000	  0.1978
611.0000	  0.1974
610.5000	  0.1975
610.0000	  0.1968
609.5000	  0.1965
609.0000	  0.1962
608.5000	  0.1960
608.0000	  0.1963
607.5000	  0.1953
607.0000	  0.1954
606.5000	  0.1946
606.0000	  0.1948
605.5000	  0.1945
605.0000	  0.1943
604.5000	  0.1942
604.0000	  0.1937
603.5000	  0.1939
603.0000	  0.1933
602.5000	  0.1925
602.0000	  0.1928
601.5000	  0.1927
601.0000	  0.1921
600.5000	  0.1922
600.0000	  0.1917
599.5000	  0.1923
599.0000	  0.1916
598.5000	  0.1917
598.0000	  0.1913
597.5000	  0.1906
597.0000	  0.1905
596.5000	  0.1903
596.0000	  0.1901
595.5000	  0.1901
595.0000	  0.1904
594.5000	  0.1899
594.0000	  0.1899
593.5000	  0.1898
593.0000	  0.1895
592.5000	  0.1891
592.0000	  0.1892
591.5000	  0.1890
591.0000	  0.1887
590.5000	  0.1882
590.0000	  0.1884
589.5000	  0.1880
589.0000	  0.1883
588.5000	  0.1876
588.0000	  0.1878
587.5000	  0.1877
587.0000	  0.1878
586.5000	  0.1877
586.0000	  0.1873
585.5000	  0.1872
585.0000	  0.1868
584.5000	  0.1872
584.0000	  0.1868
583.5000	  0.1868
583.0000	  0.1865
582.5000	  0.1867
582.0000	  0.1860
581.5000	  0.1858
581.0000	  0.1865
580.5000	  0.1868
580.0000	  0.1859
579.5000	  0.1860
579.0000	  0.1855
578.5000	  0.1862
578.0000	  0.1860
577.5000	  0.1854
577.0000	  0.1857
576.5000	  0.1854
576.0000	  0.1857
575.5000	  0.1853
575.0000	  0.1857
574.5000	  0.1853
574.0000	  0.1854
573.5000	  0.1852
573.0000	  0.1853
572.5000	  0.1854
572.0000	  0.1852
571.5000	  0.1851
571.0000	  0.1851
570.5000	  0.1854
570.0000	  0.1848
569.5000	  0.1851
569.0000	  0.1846
568.5000	  0.1850
568.0000	  0.1851
567.5000	  0.1854
567.0000	  0.1848
566.5000	  0.1854
566.0000	  0.1854
565.5000	  0.1853
565.0000	  0.1853
564.5000	  0.1852
564.0000	  0.1855
563.5000	  0.1855
563.0000	  0.1860
562.5000	  0.1856
562.0000	  0.1857
561.5000	  0.1859
561.0000	  0.1859
560.5000	  0.1854
560.0000	  0.1849
559.5000	  0.1850
559.0000	  0.1857
558.5000	  0.1852
558.0000	  0.1856
557.5000	  0.1857
557.0000	  0.1858
556.5000	  0.1857
556.0000	  0.1863
555.5000	  0.1863
555.0000	  0.1866
554.5000	  0.1866
554.0000	  0.1868
553.5000	  0.1867
553.0000	  0.1870
552.5000	  0.1873
552.0000	  0.1874
551.5000	  0.1872
551.0000	  0.1878
550.5000	  0.1882
550.0000	  0.1880
549.5000	  0.1883
549.0000	  0.1886
548.5000	  0.1892
548.0000	  0.1891
547.5000	  0.1896
547.0000	  0.1900
546.5000	  0.1898
546.0000	  0.1904
545.5000	  0.1908
545.0000	  0.1909
544.5000	  0.1913
544.0000	  0.1917
543.5000	  0.1919
543.0000	  0.1923
542.5000	  0.1927
542.0000	  0.1930
541.5000	  0.1932
541.0000	  0.1937
540.5000	  0.1940
540.0000	  0.1944
539.5000	  0.1948
539.0000	  0.1953
538.5000	  0.1955
538.0000	  0.1961
537.5000	  0.1963
537.0000	  0.1967
536.5000	  0.1976
536.0000	  0.1979
535.5000	  0.1984
535.0000	  0.1987
534.5000	  0.1992
534.0000	  0.1999
533.5000	  0.2004
533.0000	  0.2003
532.5000	  0.2017
532.0000	  0.2018
531.5000	  0.2025
531.0000	  0.2031
530.5000	  0.2038
530.0000	  0.2048
529.5000	  0.2051
529.0000	  0.2054
528.5000	  0.2064
528.0000	  0.2068
527.5000	  0.2078
527.0000	  0.2085
526.5000	  0.2092
526.0000	  0.2099
525.5000	  0.2106
525.0000	  0.2115
524.5000	  0.2121
524.0000	  0.2133
523.5000	  0.2139
523.0000	  0.2150
522.5000	  0.2151
522.0000	  0.2164
521.5000	  0.2174
521.0000	  0.2183
520.5000	  0.2191
520.0000	  0.2198
519.5000	  0.2209
519.0000	  0.2218
518.5000	  0.2224
518.0000	  0.2232
517.5000	  0.2244
517.0000	  0.2255
516.5000	  0.2269
516.0000	  0.2275
515.5000	  0.2284
515.0000	  0.2302
514.5000	  0.2312
514.0000	  0.2319
513.5000	  0.2331
513.0000	  0.2344
512.5000	  0.2358
512.0000	  0.2363
511.5000	  0.2378
511.0000	  0.2388
510.5000	  0.2402
510.0000	  0.2415
509.5000	  0.2427
509.0000	  0.2442
508.5000	  0.2453
508.0000	  0.2467
507.5000	  0.2477
507.0000	  0.2492
506.5000	  0.2506
506.0000	  0.2524
505.5000	  0.2533
505.0000	  0.2551
504.5000	  0.2561
504.0000	  0.2576
503.5000	  0.2587
503.0000	  0.2610
502.5000	  0.2623
502.0000	  0.2637
501.5000	  0.2650
501.0000	  0.2668
500.5000	  0.2679
500.0000	  0.2697
499.5000	  0.2713
499.0000	  0.2720
498.5000	  0.2737
498.0000	  0.2753
497.5000	  0.2765
497.0000	  0.2780
496.5000	  0.2795
496.0000	  0.2804
495.5000	  0.2825
495.0000	  0.2833
494.5000	  0.2851
494.0000	  0.2854
493.5000	  0.2869
493.0000	  0.2884
492.5000	  0.2896
492.0000	  0.2912
491.5000	  0.2925
491.0000	  0.2930
490.5000	  0.2945
490.0000	  0.2957
489.5000	  0.2963
489.0000	  0.2979
488.5000	  0.2982
488.0000	  0.2993
487.5000	  0.3006
487.0000	  0.3014
486.5000	  0.3024
486.0000	  0.3034
485.5000	  0.3039
485.0000	  0.3053
484.5000	  0.3055
484.0000	  0.3068
483.5000	  0.3078
483.0000	  0.3084
482.5000	  0.3095
482.0000	  0.3098
481.5000	  0.3116
481.0000	  0.3120
480.5000	  0.3132
480.0000	  0.3131
479.5000	  0.3145
479.0000	  0.3146
478.5000	  0.3155
478.0000	  0.3163
477.5000	  0.3168
477.0000	  0.3172
476.5000	  0.3182
476.0000	  0.3191
475.5000	  0.3198
475.0000	  0.3198
474.5000	  0.3206
474.0000	  0.3214
473.5000	  0.3216
473.0000	  0.3227
472.5000	  0.3236
472.0000	  0.3246
471.5000	  0.3240
471.0000	  0.3254
470.5000	  0.3259
470.0000	  0.3264
469.5000	  0.3260
469.0000	  0.3274
468.5000	  0.3280
468.0000	  0.3285
467.5000	  0.3291
467.0000	  0.3290
466.5000	  0.3296
466.0000	  0.3308
465.5000	  0.3317
465.0000	  0.3320
464.5000	  0.3329
464.0000	  0.3335
463.5000	  0.3343
463.0000	  0.3337
462.5000	  0.3343
462.0000	  0.3352
461.5000	  0.3363
461.0000	  0.3366
460.5000	  0.3372
460.0000	  0.3373
459.5000	  0.3383
459.0000	  0.3380
458.5000	  0.3376
458.0000	  0.3388
457.5000	  0.3397
457.0000	  0.3398
456.5000	  0.3382
456.0000	  0.3398
455.5000	  0.3399
455.0000	  0.3399
454.5000	  0.3394
454.0000	  0.3391
453.5000	  0.3388
453.0000	  0.3391
452.5000	  0.3376
452.0000	  0.3369
451.5000	  0.3379
451.0000	  0.3364
450.5000	  0.3363
450.0000	  0.3352
449.5000	  0.3356
449.0000	  0.3334
448.5000	  0.3330
448.0000	  0.3325
447.5000	  0.3320
447.0000	  0.3318
446.5000	  0.3316
446.0000	  0.3295
445.5000	  0.3297
445.0000	  0.3285
444.5000	  0.3293
444.0000	  0.3286
443.5000	  0.3282
443.0000	  0.3282
442.5000	  0.3276
442.0000	  0.3275
441.5000	  0.3263
441.0000	  0.3267
440.5000	  0.3263
440.0000	  0.3260
439.5000	  0.3253
439.0000	  0.3249
438.5000	  0.3250
438.0000	  0.3249
437.5000	  0.3238
437.0000	  0.3248
436.5000	  0.3241
436.0000	  0.3238
435.5000	  0.3234
435.0000	  0.3245
434.5000	  0.3233
434.0000	  0.3234
433.5000	  0.3237
433.0000	  0.3220
432.5000	  0.3227
432.0000	  0.3229
431.5000	  0.3222
431.0000	  0.3221
430.5000	  0.3216
430.0000	  0.3213
429.5000	  0.3219
429.0000	  0.3216
428.5000	  0.3214
428.0000	  0.3216
427.5000	  0.3215
427.0000	  0.3209
426.5000	  0.3208
426.0000	  0.3213
425.5000	  0.3219
425.0000	  0.3207
424.5000	  0.3210
424.0000	  0.3204
423.5000	  0.3201
423.0000	  0.3215
422.5000	  0.3210
422.0000	  0.3205
421.5000	  0.3209
421.0000	  0.3198
420.5000	  0.3207
420.0000	  0.3193
419.5000	  0.3196
419.0000	  0.3194
418.5000	  0.3190
418.0000	  0.3187
417.5000	  0.3186
417.0000	  0.3177
416.5000	  0.3186
416.0000	  0.3180
415.5000	  0.3178
415.0000	  0.3180
414.5000	  0.3178
414.0000	  0.3165
413.5000	  0.3172
413.0000	  0.3170
412.5000	  0.3176
412.0000	  0.3164
411.5000	  0.3160
411.0000	  0.3159
410.5000	  0.3162
410.0000	  0.3146
409.5000	  0.3146
409.0000	  0.3152
408.5000	  0.3134
408.0000	  0.3154
407.5000	  0.3138
407.0000	  0.3137
406.5000	  0.3143
406.0000	  0.3142
405.5000	  0.3139
405.0000	  0.3135
404.5000	  0.3136
404.0000	  0.3130
403.5000	  0.3124
403.0000	  0.3125
402.5000	  0.3127
402.0000	  0.3116
401.5000	  0.3119
401.0000	  0.3116
400.5000	  0.3118
400.0000	  0.3109
399.5000	  0.3112
399.0000	  0.3100
398.5000	  0.3102
398.0000	  0.3096
397.5000	  0.3096
397.0000	  0.3092
396.5000	  0.3086
396.0000	  0.3092
395.5000	  0.3086
395.0000	  0.3094
394.5000	  0.3073
394.0000	  0.3082
393.5000	  0.3079
393.0000	  0.3077
392.5000	  0.3069
392.0000	  0.3077
391.5000	  0.3073
391.0000	  0.3086
390.5000	  0.3051
390.0000	  0.3056
389.5000	  0.3059
389.0000	  0.3062
388.5000	  0.3049
388.0000	  0.3055
387.5000	  0.3070
387.0000	  0.3060
386.5000	  0.3071
386.0000	  0.3072
385.5000	  0.3055
385.0000	  0.3048
384.5000	  0.3060
384.0000	  0.3064
383.5000	  0.3062
383.0000	  0.3045
382.5000	  0.3052
382.0000	  0.3051
381.5000	  0.3059
381.0000	  0.3045
380.5000	  0.3053
380.0000	  0.3051
379.5000	  0.3036
379.0000	  0.3043
378.5000	  0.3046
378.0000	  0.3050
377.5000	  0.3026
377.0000	  0.3047
376.5000	  0.3034
376.0000	  0.3033
375.5000	  0.3035
375.0000	  0.3042
374.5000	  0.3021
374.0000	  0.3026
373.5000	  0.3024
373.0000	  0.3020
372.5000	  0.3010
372.0000	  0.3026
371.5000	  0.3028
371.0000	  0.3009
370.5000	  0.3010
370.0000	  0.3015
369.5000	  0.3017
369.0000	  0.3010
368.5000	  0.3009
368.0000	  0.2995
367.5000	  0.2994
367.0000	  0.3001
366.5000	  0.2984
366.0000	  0.3016
365.5000	  0.3001
365.0000	  0.2972
364.5000	  0.2969
364.0000	  0.2979
363.5000	  0.2991
363.0000	  0.3004
362.5000	  0.2986
362.0000	  0.2999
361.5000	  0.2998
361.0000	  0.2987
360.5000	  0.2999
360.0000	  0.2981
359.5000	  0.2991
359.0000	  0.2986
358.5000	  0.2964
358.0000	  0.2992
357.5000	  0.2996
357.0000	  0.2987
356.5000	  0.2997
356.0000	  0.2973
355.5000	  0.2958
355.0000	  0.2986
354.5000	  0.2972
354.0000	  0.2954
353.5000	  0.2959
353.0000	  0.2992
352.5000	  0.2974
352.0000	  0.2961
351.5000	  0.2964
351.0000	  0.2972
350.5000	  0.3004
350.0000	  0.2994
