02/05/2023 15.44.53
02/05/2023 15.52.14

900.0000	 66.5100

900.0000	 66.5100

900.0000	 71.3500



  1.0000
900.0000
  3.0000
340.0000
  1.0000
1101.0000
  5.0000
  6.0000
  1.0000
  1.0000
  0.0000
  0.0000
100.0000
  0.0000
  1.0000
  0.0000
500.0000
900.0000
350.0000
  4.0000
  1.0000
 18.0000
  2.0000
  1.0000
  0.0000
  0.0000
  1.0000
 30.0000
  4.0000
500.0000
  0.0000
  0.0000
  4.0000
900.0000
350.0000
  0.0000
100.0000
  0.0000
  1.0000
  0.0000
500.0000
  1.0000
  1.0000
  1.0000
  1.0000
  4.0000
  0.0000
  1.0000
  1.0000
  1.0000
  1.0000
  1.0000
  2.0000
  1.0000
  1.0000
  1.0000
  3.0000
  1.0000
  1.0000
  1.0000
  4.0000
  5.0000
440.228
0.000
900.0000	  0.6520
899.5000	  0.8033
899.0000	  0.5970
898.5000	  0.8664
898.0000	  0.8466
897.5000	  0.6653
897.0000	  0.5763
896.5000	  0.7487
896.0000	  0.9590
895.5000	  0.8639
895.0000	  1.0106
894.5000	  0.6998
894.0000	  1.0173
893.5000	  0.7166
893.0000	  0.6904
892.5000	  0.6407
892.0000	  0.8175
891.5000	  0.7567
891.0000	  0.8944
890.5000	  0.8812
890.0000	  0.8623
889.5000	  0.8584
889.0000	  0.9434
888.5000	  0.8051
888.0000	  0.7791
887.5000	  0.8490
887.0000	  1.0118
886.5000	  0.5995
886.0000	  0.8194
885.5000	  0.8702
885.0000	  0.8732
884.5000	  0.7635
884.0000	  0.7432
883.5000	  0.8450
883.0000	  0.8812
882.5000	  0.8285
882.0000	  0.7398
881.5000	  0.7512
881.0000	  0.8362
880.5000	  0.8821
880.0000	  0.8371
879.5000	  0.7890
879.0000	  0.7937
878.5000	  0.8764
878.0000	  0.7934
877.5000	  0.9239
877.0000	  0.8012
876.5000	  0.8435
876.0000	  0.7816
875.5000	  0.7737
875.0000	  0.7960
874.5000	  0.8143
874.0000	  0.7854
873.5000	  0.7903
873.0000	  0.8006
872.5000	  0.8407
872.0000	  0.7814
871.5000	  0.8284
871.0000	  0.8417
870.5000	  0.8253
870.0000	  0.8091
869.5000	  0.8249
869.0000	  0.8052
868.5000	  0.7868
868.0000	  0.8294
867.5000	  0.8314
867.0000	  0.8267
866.5000	  0.8203
866.0000	  0.8162
865.5000	  0.8310
865.0000	  0.8165
864.5000	  0.8107
864.0000	  0.8102
863.5000	  0.8077
863.0000	  0.8113
862.5000	  0.8167
862.0000	  0.8188
861.5000	  0.8180
861.0000	  0.8036
860.5000	  0.8251
860.0000	  0.8378
859.5000	  0.8217
859.0000	  0.8083
858.5000	  0.8156
858.0000	  0.8260
857.5000	  0.8170
857.0000	  0.8089
856.5000	  0.8256
856.0000	  0.8174
855.5000	  0.8220
855.0000	  0.8168
854.5000	  0.8288
854.0000	  0.8203
853.5000	  0.8229
853.0000	  0.8266
852.5000	  0.8277
852.0000	  0.8254
851.5000	  0.8190
851.0000	  0.8188
850.5000	  0.8280
850.0000	  0.8279
849.5000	  0.8233
849.0000	  0.8249
848.5000	  0.8206
848.0000	  0.8298
847.5000	  0.8248
847.0000	  0.8250
846.5000	  0.8296
846.0000	  0.8262
845.5000	  0.8269
845.0000	  0.8252
844.5000	  0.8278
844.0000	  0.8273
843.5000	  0.8304
843.0000	  0.8246
842.5000	  0.8282
842.0000	  0.8286
841.5000	  0.8301
841.0000	  0.8259
840.5000	  0.8289
840.0000	  0.8274
839.5000	  0.8296
839.0000	  0.8293
838.5000	  0.8294
838.0000	  0.8267
837.5000	  0.8282
837.0000	  0.8256
836.5000	  0.8286
836.0000	  0.8309
835.5000	  0.8292
835.0000	  0.8279
834.5000	  0.8291
834.0000	  0.8275
833.5000	  0.8273
833.0000	  0.8262
832.5000	  0.8252
832.0000	  0.8270
831.5000	  0.8271
831.0000	  0.8264
830.5000	  0.8271
830.0000	  0.8279
829.5000	  0.8277
829.0000	  0.8267
828.5000	  0.8262
828.0000	  0.8254
827.5000	  0.8274
827.0000	  0.8252
826.5000	  0.8262
826.0000	  0.8246
825.5000	  0.8261
825.0000	  0.8257
824.5000	  0.8253
824.0000	  0.8259
823.5000	  0.8268
823.0000	  0.8246
822.5000	  0.8220
822.0000	  0.8262
821.5000	  0.8259
821.0000	  0.8245
820.5000	  0.8223
820.0000	  0.8231
819.5000	  0.8246
819.0000	  0.8245
818.5000	  0.8246
818.0000	  0.8251
817.5000	  0.8247
817.0000	  0.8249
816.5000	  0.8238
816.0000	  0.8245
815.5000	  0.8247
815.0000	  0.8239
814.5000	  0.8230
814.0000	  0.8235
813.5000	  0.8261
813.0000	  0.8231
812.5000	  0.8227
812.0000	  0.8247
811.5000	  0.8258
811.0000	  0.8235
810.5000	  0.8240
810.0000	  0.8243
809.5000	  0.8248
809.0000	  0.8236
808.5000	  0.8247
808.0000	  0.8244
807.5000	  0.8251
807.0000	  0.8252
806.5000	  0.8248
806.0000	  0.8243
805.5000	  0.8270
805.0000	  0.8246
804.5000	  0.8244
804.0000	  0.8248
803.5000	  0.8247
803.0000	  0.8252
802.5000	  0.8254
802.0000	  0.8269
801.5000	  0.8251
801.0000	  0.8255
800.5000	  0.8246
800.0000	  0.8265
799.5000	  0.8260
799.0000	  0.8242
798.5000	  0.8262
798.0000	  0.8264
797.5000	  0.8258
797.0000	  0.8257
796.5000	  0.8240
796.0000	  0.8267
795.5000	  0.8263
795.0000	  0.8245
794.5000	  0.8259
794.0000	  0.8273
793.5000	  0.8272
793.0000	  0.8268
792.5000	  0.8264
792.0000	  0.8262
791.5000	  0.8265
791.0000	  0.8259
790.5000	  0.8261
790.0000	  0.8286
789.5000	  0.8268
789.0000	  0.8262
788.5000	  0.8267
788.0000	  0.8268
787.5000	  0.8284
787.0000	  0.8285
786.5000	  0.8279
786.0000	  0.8277
785.5000	  0.8280
785.0000	  0.8274
784.5000	  0.8276
784.0000	  0.8280
783.5000	  0.8284
783.0000	  0.8273
782.5000	  0.8281
782.0000	  0.8280
781.5000	  0.8300
781.0000	  0.8277
780.5000	  0.8292
780.0000	  0.8287
779.5000	  0.8290
779.0000	  0.8286
778.5000	  0.8289
778.0000	  0.8289
777.5000	  0.8299
777.0000	  0.8286
776.5000	  0.8304
776.0000	  0.8282
775.5000	  0.8288
775.0000	  0.8307
774.5000	  0.8296
774.0000	  0.8289
773.5000	  0.8310
773.0000	  0.8292
772.5000	  0.8297
772.0000	  0.8306
771.5000	  0.8308
771.0000	  0.8300
770.5000	  0.8299
770.0000	  0.8308
769.5000	  0.8313
769.0000	  0.8313
768.5000	  0.8300
768.0000	  0.8311
767.5000	  0.8306
767.0000	  0.8315
766.5000	  0.8319
766.0000	  0.8311
765.5000	  0.8309
765.0000	  0.8320
764.5000	  0.8312
764.0000	  0.8312
763.5000	  0.8325
763.0000	  0.8319
762.5000	  0.8314
762.0000	  0.8315
761.5000	  0.8328
761.0000	  0.8312
760.5000	  0.8310
760.0000	  0.8311
759.5000	  0.8326
759.0000	  0.8322
758.5000	  0.8308
758.0000	  0.8328
757.5000	  0.8326
757.0000	  0.8310
756.5000	  0.8320
756.0000	  0.8333
755.5000	  0.8332
755.0000	  0.8336
754.5000	  0.8334
754.0000	  0.8330
753.5000	  0.8334
753.0000	  0.8328
752.5000	  0.8324
752.0000	  0.8333
751.5000	  0.8343
751.0000	  0.8340
750.5000	  0.8344
750.0000	  0.8341
749.5000	  0.8346
749.0000	  0.8348
748.5000	  0.8337
748.0000	  0.8356
747.5000	  0.8346
747.0000	  0.8346
746.5000	  0.8344
746.0000	  0.8346
745.5000	  0.8361
745.0000	  0.8363
744.5000	  0.8357
744.0000	  0.8349
743.5000	  0.8349
743.0000	  0.8370
742.5000	  0.8344
742.0000	  0.8356
741.5000	  0.8370
741.0000	  0.8373
740.5000	  0.8369
740.0000	  0.8370
739.5000	  0.8384
739.0000	  0.8389
738.5000	  0.8390
738.0000	  0.8377
737.5000	  0.8385
737.0000	  0.8403
736.5000	  0.8393
736.0000	  0.8383
735.5000	  0.8390
735.0000	  0.8404
734.5000	  0.8404
734.0000	  0.8417
733.5000	  0.8416
733.0000	  0.8423
732.5000	  0.8425
732.0000	  0.8429
731.5000	  0.8444
731.0000	  0.8451
730.5000	  0.8452
730.0000	  0.8457
729.5000	  0.8470
729.0000	  0.8491
728.5000	  0.8488
728.0000	  0.8495
727.5000	  0.8515
727.0000	  0.8520
726.5000	  0.8524
726.0000	  0.8537
725.5000	  0.8551
725.0000	  0.8575
724.5000	  0.8590
724.0000	  0.8603
723.5000	  0.8634
723.0000	  0.8656
722.5000	  0.8676
722.0000	  0.8684
721.5000	  0.8714
721.0000	  0.8752
720.5000	  0.8761
720.0000	  0.8793
719.5000	  0.8828
719.0000	  0.8848
718.5000	  0.8844
718.0000	  0.8851
717.5000	  0.8865
717.0000	  0.8871
716.5000	  0.8851
716.0000	  0.8819
715.5000	  0.8808
715.0000	  0.8781
714.5000	  0.8743
714.0000	  0.8717
713.5000	  0.8680
713.0000	  0.8664
712.5000	  0.8634
712.0000	  0.8608
711.5000	  0.8575
711.0000	  0.8546
710.5000	  0.8526
710.0000	  0.8511
709.5000	  0.8494
709.0000	  0.8473
708.5000	  0.8459
708.0000	  0.8442
707.5000	  0.8440
707.0000	  0.8424
706.5000	  0.8413
706.0000	  0.8415
705.5000	  0.8424
705.0000	  0.8430
704.5000	  0.8438
704.0000	  0.8438
703.5000	  0.8427
703.0000	  0.8429
702.5000	  0.8424
702.0000	  0.8423
701.5000	  0.8438
701.0000	  0.8437
700.5000	  0.8428
700.0000	  0.8425
699.5000	  0.8437
699.0000	  0.8431
698.5000	  0.8427
698.0000	  0.8422
697.5000	  0.8433
697.0000	  0.8423
696.5000	  0.8435
696.0000	  0.8436
695.5000	  0.8421
695.0000	  0.8425
694.5000	  0.8416
694.0000	  0.8420
693.5000	  0.8425
693.0000	  0.8416
692.5000	  0.8422
692.0000	  0.8432
691.5000	  0.8412
691.0000	  0.8426
690.5000	  0.8413
690.0000	  0.8430
689.5000	  0.8405
689.0000	  0.8426
688.5000	  0.8423
688.0000	  0.8426
687.5000	  0.8416
687.0000	  0.8420
686.5000	  0.8423
686.0000	  0.8422
685.5000	  0.8413
685.0000	  0.8421
684.5000	  0.8418
684.0000	  0.8425
683.5000	  0.8413
683.0000	  0.8410
682.5000	  0.8419
682.0000	  0.8420
681.5000	  0.8419
681.0000	  0.8422
680.5000	  0.8409
680.0000	  0.8414
679.5000	  0.8425
679.0000	  0.8420
678.5000	  0.8425
678.0000	  0.8413
677.5000	  0.8419
677.0000	  0.8409
676.5000	  0.8420
676.0000	  0.8415
675.5000	  0.8413
675.0000	  0.8408
674.5000	  0.8400
674.0000	  0.8416
673.5000	  0.8416
673.0000	  0.8410
672.5000	  0.8399
672.0000	  0.8409
671.5000	  0.8422
671.0000	  0.8400
670.5000	  0.8404
670.0000	  0.8404
669.5000	  0.8417
669.0000	  0.8407
668.5000	  0.8404
668.0000	  0.8410
667.5000	  0.8412
667.0000	  0.8414
666.5000	  0.8405
666.0000	  0.8409
665.5000	  0.8411
665.0000	  0.8405
664.5000	  0.8405
664.0000	  0.8414
663.5000	  0.8413
663.0000	  0.8405
662.5000	  0.8406
662.0000	  0.8414
661.5000	  0.8408
661.0000	  0.8401
660.5000	  0.8399
660.0000	  0.8410
659.5000	  0.8408
659.0000	  0.8392
658.5000	  0.8394
658.0000	  0.8406
657.5000	  0.8403
657.0000	  0.8398
656.5000	  0.8392
656.0000	  0.8399
655.5000	  0.8400
655.0000	  0.8396
654.5000	  0.8396
654.0000	  0.8397
653.5000	  0.8402
653.0000	  0.8385
652.5000	  0.8381
652.0000	  0.8398
651.5000	  0.8397
651.0000	  0.8384
650.5000	  0.8383
650.0000	  0.8383
649.5000	  0.8391
649.0000	  0.8380
648.5000	  0.8381
648.0000	  0.8392
647.5000	  0.8389
647.0000	  0.8380
646.5000	  0.8367
646.0000	  0.8371
645.5000	  0.8367
645.0000	  0.8367
644.5000	  0.8358
644.0000	  0.8369
643.5000	  0.8367
643.0000	  0.8354
642.5000	  0.8347
642.0000	  0.8358
641.5000	  0.8344
641.0000	  0.8341
640.5000	  0.8338
640.0000	  0.8338
639.5000	  0.8332
639.0000	  0.8329
638.5000	  0.8318
638.0000	  0.8334
637.5000	  0.8318
637.0000	  0.8300
636.5000	  0.8307
636.0000	  0.8305
635.5000	  0.8309
635.0000	  0.8289
634.5000	  0.8285
634.0000	  0.8295
633.5000	  0.8287
633.0000	  0.8283
632.5000	  0.8267
632.0000	  0.8275
631.5000	  0.8285
631.0000	  0.8278
630.5000	  0.8278
630.0000	  0.8295
629.5000	  0.8302
629.0000	  0.8310
628.5000	  0.8314
628.0000	  0.8345
627.5000	  0.8355
627.0000	  0.8373
626.5000	  0.8386
626.0000	  0.8421
625.5000	  0.8431
625.0000	  0.8437
624.5000	  0.8458
624.0000	  0.8486
623.5000	  0.8498
623.0000	  0.8502
622.5000	  0.8515
622.0000	  0.8532
621.5000	  0.8541
621.0000	  0.8546
620.5000	  0.8562
620.0000	  0.8577
619.5000	  0.8584
619.0000	  0.8591
618.5000	  0.8599
618.0000	  0.8603
617.5000	  0.8589
617.0000	  0.8575
616.5000	  0.8574
616.0000	  0.8580
615.5000	  0.8574
615.0000	  0.8573
614.5000	  0.8573
614.0000	  0.8579
613.5000	  0.8570
613.0000	  0.8567
612.5000	  0.8573
612.0000	  0.8570
611.5000	  0.8568
611.0000	  0.8569
610.5000	  0.8570
610.0000	  0.8584
609.5000	  0.8575
609.0000	  0.8578
608.5000	  0.8574
608.0000	  0.8582
607.5000	  0.8574
607.0000	  0.8581
606.5000	  0.8579
606.0000	  0.8589
605.5000	  0.8581
605.0000	  0.8585
604.5000	  0.8576
604.0000	  0.8584
603.5000	  0.8587
603.0000	  0.8585
602.5000	  0.8587
602.0000	  0.8593
601.5000	  0.8594
601.0000	  0.8606
600.5000	  0.8596
600.0000	  0.8598
599.5000	  0.8590
599.0000	  0.8603
598.5000	  0.8597
598.0000	  0.8610
597.5000	  0.8605
597.0000	  0.8608
596.5000	  0.8605
596.0000	  0.8608
595.5000	  0.8608
595.0000	  0.8611
594.5000	  0.8601
594.0000	  0.8607
593.5000	  0.8617
593.0000	  0.8615
592.5000	  0.8618
592.0000	  0.8614
591.5000	  0.8625
591.0000	  0.8623
590.5000	  0.8622
590.0000	  0.8616
589.5000	  0.8641
589.0000	  0.8636
588.5000	  0.8620
588.0000	  0.8618
587.5000	  0.8629
587.0000	  0.8643
586.5000	  0.8638
586.0000	  0.8636
585.5000	  0.8637
585.0000	  0.8641
584.5000	  0.8633
584.0000	  0.8635
583.5000	  0.8649
583.0000	  0.8640
582.5000	  0.8642
582.0000	  0.8649
581.5000	  0.8649
581.0000	  0.8649
580.5000	  0.8658
580.0000	  0.8655
579.5000	  0.8644
579.0000	  0.8654
578.5000	  0.8657
578.0000	  0.8656
577.5000	  0.8661
577.0000	  0.8657
576.5000	  0.8665
576.0000	  0.8662
575.5000	  0.8663
575.0000	  0.8668
574.5000	  0.8674
574.0000	  0.8657
573.5000	  0.8671
573.0000	  0.8671
572.5000	  0.8680
572.0000	  0.8674
571.5000	  0.8671
571.0000	  0.8675
570.5000	  0.8682
570.0000	  0.8678
569.5000	  0.8681
569.0000	  0.8680
568.5000	  0.8683
568.0000	  0.8683
567.5000	  0.8683
567.0000	  0.8694
566.5000	  0.8698
566.0000	  0.8699
565.5000	  0.8695
565.0000	  0.8700
564.5000	  0.8707
564.0000	  0.8698
563.5000	  0.8706
563.0000	  0.8703
562.5000	  0.8696
562.0000	  0.8707
561.5000	  0.8713
561.0000	  0.8710
560.5000	  0.8708
560.0000	  0.8694
559.5000	  0.8702
559.0000	  0.8704
558.5000	  0.8701
558.0000	  0.8701
557.5000	  0.8708
557.0000	  0.8713
556.5000	  0.8716
556.0000	  0.8719
555.5000	  0.8704
555.0000	  0.8711
554.5000	  0.8719
554.0000	  0.8725
553.5000	  0.8718
553.0000	  0.8717
552.5000	  0.8729
552.0000	  0.8718
551.5000	  0.8725
551.0000	  0.8728
550.5000	  0.8733
550.0000	  0.8745
549.5000	  0.8722
549.0000	  0.8733
548.5000	  0.8738
548.0000	  0.8741
547.5000	  0.8745
547.0000	  0.8740
546.5000	  0.8746
546.0000	  0.8751
545.5000	  0.8751
545.0000	  0.8744
544.5000	  0.8755
544.0000	  0.8759
543.5000	  0.8745
543.0000	  0.8751
542.5000	  0.8756
542.0000	  0.8757
541.5000	  0.8763
541.0000	  0.8754
540.5000	  0.8768
540.0000	  0.8765
539.5000	  0.8761
539.0000	  0.8760
538.5000	  0.8768
538.0000	  0.8768
537.5000	  0.8768
537.0000	  0.8770
536.5000	  0.8780
536.0000	  0.8778
535.5000	  0.8779
535.0000	  0.8778
534.5000	  0.8779
534.0000	  0.8775
533.5000	  0.8779
533.0000	  0.8783
532.5000	  0.8785
532.0000	  0.8785
531.5000	  0.8786
531.0000	  0.8784
530.5000	  0.8786
530.0000	  0.8789
529.5000	  0.8785
529.0000	  0.8786
528.5000	  0.8786
528.0000	  0.8796
527.5000	  0.8790
527.0000	  0.8784
526.5000	  0.8790
526.0000	  0.8799
525.5000	  0.8797
525.0000	  0.8793
524.5000	  0.8797
524.0000	  0.8803
523.5000	  0.8802
523.0000	  0.8797
522.5000	  0.8800
522.0000	  0.8801
521.5000	  0.8807
521.0000	  0.8786
520.5000	  0.8791
520.0000	  0.8797
519.5000	  0.8809
519.0000	  0.8796
518.5000	  0.8796
518.0000	  0.8792
517.5000	  0.8801
517.0000	  0.8791
516.5000	  0.8788
516.0000	  0.8791
515.5000	  0.8798
515.0000	  0.8778
514.5000	  0.8794
514.0000	  0.8784
513.5000	  0.8798
513.0000	  0.8786
512.5000	  0.8790
512.0000	  0.8786
511.5000	  0.8796
511.0000	  0.8784
510.5000	  0.8796
510.0000	  0.8798
509.5000	  0.8803
509.0000	  0.8790
508.5000	  0.8803
508.0000	  0.8811
507.5000	  0.8816
507.0000	  0.8816
506.5000	  0.8825
506.0000	  0.8842
505.5000	  0.8855
505.0000	  0.8858
504.5000	  0.8866
504.0000	  0.8880
503.5000	  0.8890
503.0000	  0.8914
502.5000	  0.8918
502.0000	  0.8943
501.5000	  0.8942
501.0000	  0.8951
500.5000	  0.8963
500.0000	  0.8985
499.5000	  0.8994
499.0000	  0.9000
498.5000	  0.9011
498.0000	  0.9036
497.5000	  0.9045
497.0000	  0.9045
496.5000	  0.9062
496.0000	  0.9077
495.5000	  0.9075
495.0000	  0.9087
494.5000	  0.9080
494.0000	  0.9104
493.5000	  0.9102
493.0000	  0.9101
492.5000	  0.9112
492.0000	  0.9129
491.5000	  0.9121
491.0000	  0.9137
490.5000	  0.9137
490.0000	  0.9148
489.5000	  0.9157
489.0000	  0.9147
488.5000	  0.9145
488.0000	  0.9154
487.5000	  0.9146
487.0000	  0.9155
486.5000	  0.9147
486.0000	  0.9160
485.5000	  0.9161
485.0000	  0.9165
484.5000	  0.9175
484.0000	  0.9183
483.5000	  0.9181
483.0000	  0.9190
482.5000	  0.9199
482.0000	  0.9205
481.5000	  0.9221
481.0000	  0.9206
480.5000	  0.9226
480.0000	  0.9233
479.5000	  0.9235
479.0000	  0.9230
478.5000	  0.9254
478.0000	  0.9259
477.5000	  0.9268
477.0000	  0.9270
476.5000	  0.9275
476.0000	  0.9284
475.5000	  0.9303
475.0000	  0.9297
474.5000	  0.9305
474.0000	  0.9331
473.5000	  0.9347
473.0000	  0.9338
472.5000	  0.9353
472.0000	  0.9361
471.5000	  0.9380
471.0000	  0.9387
470.5000	  0.9398
470.0000	  0.9418
469.5000	  0.9425
469.0000	  0.9440
468.5000	  0.9447
468.0000	  0.9473
467.5000	  0.9482
467.0000	  0.9480
466.5000	  0.9505
466.0000	  0.9519
465.5000	  0.9551
465.0000	  0.9550
464.5000	  0.9551
464.0000	  0.9575
463.5000	  0.9584
463.0000	  0.9609
462.5000	  0.9619
462.0000	  0.9634
461.5000	  0.9657
461.0000	  0.9650
460.5000	  0.9670
460.0000	  0.9691
459.5000	  0.9705
459.0000	  0.9709
458.5000	  0.9722
458.0000	  0.9730
457.5000	  0.9730
457.0000	  0.9714
456.5000	  0.9725
456.0000	  0.9735
455.5000	  0.9731
455.0000	  0.9715
454.5000	  0.9720
454.0000	  0.9726
453.5000	  0.9703
453.0000	  0.9688
452.5000	  0.9677
452.0000	  0.9683
451.5000	  0.9659
451.0000	  0.9646
450.5000	  0.9623
450.0000	  0.9609
449.5000	  0.9606
449.0000	  0.9594
448.5000	  0.9568
448.0000	  0.9562
447.5000	  0.9551
447.0000	  0.9538
446.5000	  0.9517
446.0000	  0.9522
445.5000	  0.9507
445.0000	  0.9479
444.5000	  0.9493
444.0000	  0.9492
443.5000	  0.9465
443.0000	  0.9449
442.5000	  0.9467
442.0000	  0.9464
441.5000	  0.9466
441.0000	  0.9460
440.5000	  0.9447
440.0000	  0.9467
439.5000	  0.9456
439.0000	  0.9435
438.5000	  0.9436
438.0000	  0.9451
437.5000	  0.9444
437.0000	  0.9443
436.5000	  0.9444
436.0000	  0.9439
435.5000	  0.9457
435.0000	  0.9433
434.5000	  0.9438
434.0000	  0.9440
433.5000	  0.9448
433.0000	  0.9423
432.5000	  0.9446
432.0000	  0.9446
431.5000	  0.9465
431.0000	  0.9460
430.5000	  0.9471
430.0000	  0.9476
429.5000	  0.9474
429.0000	  0.9469
428.5000	  0.9479
428.0000	  0.9480
427.5000	  0.9503
427.0000	  0.9491
426.5000	  0.9481
426.0000	  0.9515
425.5000	  0.9503
425.0000	  0.9486
424.5000	  0.9514
424.0000	  0.9518
423.5000	  0.9532
423.0000	  0.9529
422.5000	  0.9526
422.0000	  0.9551
421.5000	  0.9562
421.0000	  0.9554
420.5000	  0.9555
420.0000	  0.9568
419.5000	  0.9573
419.0000	  0.9575
418.5000	  0.9565
418.0000	  0.9582
417.5000	  0.9596
417.0000	  0.9585
416.5000	  0.9601
416.0000	  0.9603
415.5000	  0.9617
415.0000	  0.9615
414.5000	  0.9619
414.0000	  0.9608
413.5000	  0.9623
413.0000	  0.9639
412.5000	  0.9645
412.0000	  0.9640
411.5000	  0.9656
411.0000	  0.9638
410.5000	  0.9646
410.0000	  0.9645
409.5000	  0.9655
409.0000	  0.9665
408.5000	  0.9668
408.0000	  0.9685
407.5000	  0.9676
407.0000	  0.9677
406.5000	  0.9658
406.0000	  0.9704
405.5000	  0.9692
405.0000	  0.9695
404.5000	  0.9690
404.0000	  0.9725
403.5000	  0.9718
403.0000	  0.9717
402.5000	  0.9698
402.0000	  0.9726
401.5000	  0.9725
401.0000	  0.9732
400.5000	  0.9736
400.0000	  0.9738
399.5000	  0.9729
399.0000	  0.9746
398.5000	  0.9746
398.0000	  0.9737
397.5000	  0.9753
397.0000	  0.9768
396.5000	  0.9758
396.0000	  0.9766
395.5000	  0.9754
395.0000	  0.9792
394.5000	  0.9778
394.0000	  0.9791
393.5000	  0.9806
393.0000	  0.9794
392.5000	  0.9797
392.0000	  0.9823
391.5000	  0.9801
391.0000	  0.9829
390.5000	  0.9854
390.0000	  0.9844
389.5000	  0.9870
389.0000	  0.9853
388.5000	  0.9885
388.0000	  0.9912
387.5000	  0.9915
387.0000	  0.9944
386.5000	  0.9940
386.0000	  0.9945
385.5000	  0.9935
385.0000	  0.9973
384.5000	  0.9970
384.0000	  1.0000
383.5000	  1.0012
383.0000	  1.0008
382.5000	  0.9995
382.0000	  1.0034
381.5000	  1.0028
381.0000	  1.0045
380.5000	  1.0024
380.0000	  1.0107
379.5000	  1.0079
379.0000	  1.0076
378.5000	  1.0081
378.0000	  1.0101
377.5000	  1.0101
377.0000	  1.0125
376.5000	  1.0096
376.0000	  1.0143
375.5000	  1.0133
375.0000	  1.0165
374.5000	  1.0128
374.0000	  1.0154
373.5000	  1.0179
373.0000	  1.0160
372.5000	  1.0189
372.0000	  1.0201
371.5000	  1.0189
371.0000	  1.0185
370.5000	  1.0191
370.0000	  1.0239
369.5000	  1.0206
369.0000	  1.0209
368.5000	  1.0190
368.0000	  1.0225
367.5000	  1.0300
367.0000	  1.0248
366.5000	  1.0273
366.0000	  1.0274
365.5000	  1.0246
365.0000	  1.0292
364.5000	  1.0258
364.0000	  1.0329
363.5000	  1.0320
363.0000	  1.0283
362.5000	  1.0336
362.0000	  1.0343
361.5000	  1.0308
361.0000	  1.0339
360.5000	  1.0386
360.0000	  1.0352
359.5000	  1.0414
359.0000	  1.0366
358.5000	  1.0421
358.0000	  1.0399
357.5000	  1.0416
357.0000	  1.0382
356.5000	  1.0387
356.0000	  1.0396
355.5000	  1.0416
355.0000	  1.0459
354.5000	  1.0455
354.0000	  1.0438
353.5000	  1.0436
353.0000	  1.0464
352.5000	  1.0485
352.0000	  1.0522
351.5000	  1.0530
351.0000	  1.0471
350.5000	  1.0510
350.0000	  1.0550
