02/05/2023 15.29.41
02/05/2023 15.37.05

500.0000	  0.0499

500.0000	  0.0499

900.0000	  0.0109



  1.0000
900.0000
  3.0000
340.0000
  1.0000
1101.0000
  5.0000
  6.0000
  2.0000
  1.0000
  0.0000
  0.0000
100.0000
  0.0000
  1.0000
  0.0000
500.0000
900.0000
350.0000
  4.0000
  1.0000
 18.0000
  2.0000
  1.0000
  0.0000
  0.0000
  1.0000
 30.0000
  4.0000
500.0000
  0.0000
  0.0000
  4.0000
900.0000
350.0000
  0.0000
100.0000
  0.0000
  1.0000
  0.0000
500.0000
  1.0000
  1.0000
  1.0000
  1.0000
  4.0000
  0.0000
  1.0000
  1.0000
  1.0000
  1.0000
  1.0000
  2.0000
  1.0000
  1.0000
  1.0000
  3.0000
  1.0000
  1.0000
  1.0000
  4.0000
  5.0000
443.980
0.000
900.0000	  0.1993
899.5000	  0.2586
899.0000	  0.3560
898.5000	  0.1468
898.0000	 -0.0443
897.5000	  0.1373
897.0000	 -0.0251
896.5000	  0.2602
896.0000	 -0.0762
895.5000	 -0.0677
895.0000	  0.2174
894.5000	 -0.0351
894.0000	  0.1669
893.5000	  0.1705
893.0000	 -0.0217
892.5000	  0.0904
892.0000	  0.0304
891.5000	 -0.0499
891.0000	  0.0344
890.5000	  0.1512
890.0000	 -0.0555
889.5000	  0.0755
889.0000	  0.0719
888.5000	  0.1042
888.0000	  0.0650
887.5000	  0.1446
887.0000	  0.1010
886.5000	  0.1101
886.0000	  0.1000
885.5000	  0.1429
885.0000	  0.1183
884.5000	  0.0762
884.0000	  0.0961
883.5000	  0.0709
883.0000	  0.0480
882.5000	  0.0271
882.0000	  0.1403
881.5000	  0.1047
881.0000	  0.0731
880.5000	  0.1013
880.0000	  0.1293
879.5000	  0.1009
879.0000	  0.0984
878.5000	  0.0762
878.0000	  0.1091
877.5000	  0.1117
877.0000	  0.1015
876.5000	  0.1068
876.0000	  0.0908
875.5000	  0.1056
875.0000	  0.0962
874.5000	  0.1175
874.0000	  0.0765
873.5000	  0.0792
873.0000	  0.0815
872.5000	  0.0728
872.0000	  0.1124
871.5000	  0.1084
871.0000	  0.1044
870.5000	  0.0969
870.0000	  0.0951
869.5000	  0.0915
869.0000	  0.0897
868.5000	  0.0979
868.0000	  0.0771
867.5000	  0.0880
867.0000	  0.0975
866.5000	  0.0941
866.0000	  0.0864
865.5000	  0.0856
865.0000	  0.1001
864.5000	  0.0898
864.0000	  0.0895
863.5000	  0.0922
863.0000	  0.0923
862.5000	  0.1027
862.0000	  0.0964
861.5000	  0.0889
861.0000	  0.0876
860.5000	  0.0972
860.0000	  0.0867
859.5000	  0.0878
859.0000	  0.0863
858.5000	  0.0822
858.0000	  0.0839
857.5000	  0.0903
857.0000	  0.0888
856.5000	  0.0936
856.0000	  0.0886
855.5000	  0.0926
855.0000	  0.0868
854.5000	  0.0906
854.0000	  0.0884
853.5000	  0.0846
853.0000	  0.0897
852.5000	  0.0878
852.0000	  0.0826
851.5000	  0.0864
851.0000	  0.0866
850.5000	  0.0861
850.0000	  0.0837
849.5000	  0.0874
849.0000	  0.0876
848.5000	  0.0879
848.0000	  0.0881
847.5000	  0.0856
847.0000	  0.0842
846.5000	  0.0819
846.0000	  0.0851
845.5000	  0.0840
845.0000	  0.0842
844.5000	  0.0827
844.0000	  0.0836
843.5000	  0.0825
843.0000	  0.0842
842.5000	  0.0840
842.0000	  0.0845
841.5000	  0.0835
841.0000	  0.0839
840.5000	  0.0834
840.0000	  0.0849
839.5000	  0.0830
839.0000	  0.0837
838.5000	  0.0831
838.0000	  0.0837
837.5000	  0.0853
837.0000	  0.0842
836.5000	  0.0832
836.0000	  0.0848
835.5000	  0.0854
835.0000	  0.0834
834.5000	  0.0833
834.0000	  0.0841
833.5000	  0.0860
833.0000	  0.0849
832.5000	  0.0830
832.0000	  0.0840
831.5000	  0.0852
831.0000	  0.0864
830.5000	  0.0844
830.0000	  0.0850
829.5000	  0.0855
829.0000	  0.0842
828.5000	  0.0835
828.0000	  0.0844
827.5000	  0.0854
827.0000	  0.0851
826.5000	  0.0856
826.0000	  0.0851
825.5000	  0.0853
825.0000	  0.0858
824.5000	  0.0855
824.0000	  0.0841
823.5000	  0.0851
823.0000	  0.0851
822.5000	  0.0853
822.0000	  0.0853
821.5000	  0.0865
821.0000	  0.0861
820.5000	  0.0848
820.0000	  0.0848
819.5000	  0.0874
819.0000	  0.0871
818.5000	  0.0862
818.0000	  0.0856
817.5000	  0.0867
817.0000	  0.0864
816.5000	  0.0861
816.0000	  0.0860
815.5000	  0.0865
815.0000	  0.0861
814.5000	  0.0856
814.0000	  0.0865
813.5000	  0.0860
813.0000	  0.0860
812.5000	  0.0854
812.0000	  0.0862
811.5000	  0.0855
811.0000	  0.0858
810.5000	  0.0861
810.0000	  0.0865
809.5000	  0.0861
809.0000	  0.0866
808.5000	  0.0864
808.0000	  0.0856
807.5000	  0.0855
807.0000	  0.0861
806.5000	  0.0865
806.0000	  0.0863
805.5000	  0.0853
805.0000	  0.0864
804.5000	  0.0861
804.0000	  0.0854
803.5000	  0.0851
803.0000	  0.0873
802.5000	  0.0855
802.0000	  0.0854
801.5000	  0.0855
801.0000	  0.0867
800.5000	  0.0862
800.0000	  0.0857
799.5000	  0.0852
799.0000	  0.0863
798.5000	  0.0851
798.0000	  0.0854
797.5000	  0.0855
797.0000	  0.0847
796.5000	  0.0862
796.0000	  0.0849
795.5000	  0.0844
795.0000	  0.0852
794.5000	  0.0850
794.0000	  0.0853
793.5000	  0.0851
793.0000	  0.0846
792.5000	  0.0857
792.0000	  0.0849
791.5000	  0.0837
791.0000	  0.0844
790.5000	  0.0853
790.0000	  0.0845
789.5000	  0.0847
789.0000	  0.0848
788.5000	  0.0846
788.0000	  0.0841
787.5000	  0.0844
787.0000	  0.0846
786.5000	  0.0843
786.0000	  0.0846
785.5000	  0.0834
785.0000	  0.0839
784.5000	  0.0838
784.0000	  0.0839
783.5000	  0.0838
783.0000	  0.0840
782.5000	  0.0841
782.0000	  0.0847
781.5000	  0.0841
781.0000	  0.0840
780.5000	  0.0836
780.0000	  0.0832
779.5000	  0.0831
779.0000	  0.0830
778.5000	  0.0828
778.0000	  0.0838
777.5000	  0.0835
777.0000	  0.0838
776.5000	  0.0834
776.0000	  0.0831
775.5000	  0.0842
775.0000	  0.0839
774.5000	  0.0827
774.0000	  0.0842
773.5000	  0.0835
773.0000	  0.0837
772.5000	  0.0829
772.0000	  0.0838
771.5000	  0.0828
771.0000	  0.0831
770.5000	  0.0831
770.0000	  0.0834
769.5000	  0.0833
769.0000	  0.0830
768.5000	  0.0829
768.0000	  0.0828
767.5000	  0.0833
767.0000	  0.0827
766.5000	  0.0823
766.0000	  0.0830
765.5000	  0.0832
765.0000	  0.0826
764.5000	  0.0833
764.0000	  0.0825
763.5000	  0.0825
763.0000	  0.0822
762.5000	  0.0824
762.0000	  0.0825
761.5000	  0.0830
761.0000	  0.0818
760.5000	  0.0826
760.0000	  0.0814
759.5000	  0.0828
759.0000	  0.0820
758.5000	  0.0820
758.0000	  0.0821
757.5000	  0.0829
757.0000	  0.0820
756.5000	  0.0819
756.0000	  0.0816
755.5000	  0.0818
755.0000	  0.0814
754.5000	  0.0812
754.0000	  0.0813
753.5000	  0.0821
753.0000	  0.0813
752.5000	  0.0819
752.0000	  0.0811
751.5000	  0.0811
751.0000	  0.0811
750.5000	  0.0810
750.0000	  0.0808
749.5000	  0.0818
749.0000	  0.0813
748.5000	  0.0808
748.0000	  0.0803
747.5000	  0.0809
747.0000	  0.0806
746.5000	  0.0814
746.0000	  0.0801
745.5000	  0.0810
745.0000	  0.0803
744.5000	  0.0801
744.0000	  0.0792
743.5000	  0.0805
743.0000	  0.0800
742.5000	  0.0798
742.0000	  0.0794
741.5000	  0.0793
741.0000	  0.0797
740.5000	  0.0790
740.0000	  0.0786
739.5000	  0.0801
739.0000	  0.0787
738.5000	  0.0785
738.0000	  0.0784
737.5000	  0.0794
737.0000	  0.0791
736.5000	  0.0786
736.0000	  0.0775
735.5000	  0.0786
735.0000	  0.0780
734.5000	  0.0776
734.0000	  0.0778
733.5000	  0.0772
733.0000	  0.0772
732.5000	  0.0762
732.0000	  0.0756
731.5000	  0.0763
731.0000	  0.0755
730.5000	  0.0748
730.0000	  0.0751
729.5000	  0.0755
729.0000	  0.0742
728.5000	  0.0735
728.0000	  0.0729
727.5000	  0.0729
727.0000	  0.0717
726.5000	  0.0709
726.0000	  0.0706
725.5000	  0.0702
725.0000	  0.0690
724.5000	  0.0680
724.0000	  0.0673
723.5000	  0.0660
723.0000	  0.0649
722.5000	  0.0639
722.0000	  0.0625
721.5000	  0.0619
721.0000	  0.0603
720.5000	  0.0586
720.0000	  0.0573
719.5000	  0.0571
719.0000	  0.0558
718.5000	  0.0544
718.0000	  0.0544
717.5000	  0.0542
717.0000	  0.0538
716.5000	  0.0548
716.0000	  0.0554
715.5000	  0.0571
715.0000	  0.0581
714.5000	  0.0591
714.0000	  0.0610
713.5000	  0.0637
713.0000	  0.0655
712.5000	  0.0661
712.0000	  0.0676
711.5000	  0.0684
711.0000	  0.0706
710.5000	  0.0711
710.0000	  0.0724
709.5000	  0.0738
709.0000	  0.0746
708.5000	  0.0747
708.0000	  0.0756
707.5000	  0.0758
707.0000	  0.0767
706.5000	  0.0765
706.0000	  0.0766
705.5000	  0.0761
705.0000	  0.0764
704.5000	  0.0761
704.0000	  0.0765
703.5000	  0.0765
703.0000	  0.0762
702.5000	  0.0768
702.0000	  0.0767
701.5000	  0.0761
701.0000	  0.0762
700.5000	  0.0764
700.0000	  0.0762
699.5000	  0.0761
699.0000	  0.0768
698.5000	  0.0764
698.0000	  0.0763
697.5000	  0.0764
697.0000	  0.0764
696.5000	  0.0768
696.0000	  0.0767
695.5000	  0.0761
695.0000	  0.0773
694.5000	  0.0762
694.0000	  0.0770
693.5000	  0.0761
693.0000	  0.0769
692.5000	  0.0770
692.0000	  0.0769
691.5000	  0.0766
691.0000	  0.0769
690.5000	  0.0766
690.0000	  0.0766
689.5000	  0.0765
689.0000	  0.0769
688.5000	  0.0765
688.0000	  0.0773
687.5000	  0.0769
687.0000	  0.0773
686.5000	  0.0767
686.0000	  0.0771
685.5000	  0.0771
685.0000	  0.0774
684.5000	  0.0771
684.0000	  0.0772
683.5000	  0.0766
683.0000	  0.0775
682.5000	  0.0770
682.0000	  0.0774
681.5000	  0.0769
681.0000	  0.0778
680.5000	  0.0770
680.0000	  0.0774
679.5000	  0.0773
679.0000	  0.0780
678.5000	  0.0770
678.0000	  0.0775
677.5000	  0.0768
677.0000	  0.0774
676.5000	  0.0770
676.0000	  0.0771
675.5000	  0.0771
675.0000	  0.0773
674.5000	  0.0777
674.0000	  0.0770
673.5000	  0.0769
673.0000	  0.0775
672.5000	  0.0775
672.0000	  0.0772
671.5000	  0.0769
671.0000	  0.0776
670.5000	  0.0777
670.0000	  0.0776
669.5000	  0.0769
669.0000	  0.0776
668.5000	  0.0778
668.0000	  0.0776
667.5000	  0.0769
667.0000	  0.0779
666.5000	  0.0773
666.0000	  0.0778
665.5000	  0.0768
665.0000	  0.0781
664.5000	  0.0775
664.0000	  0.0782
663.5000	  0.0771
663.0000	  0.0783
662.5000	  0.0780
662.0000	  0.0781
661.5000	  0.0772
661.0000	  0.0781
660.5000	  0.0782
660.0000	  0.0782
659.5000	  0.0780
659.0000	  0.0780
658.5000	  0.0775
658.0000	  0.0777
657.5000	  0.0775
657.0000	  0.0782
656.5000	  0.0780
656.0000	  0.0780
655.5000	  0.0780
655.0000	  0.0788
654.5000	  0.0784
654.0000	  0.0778
653.5000	  0.0777
653.0000	  0.0791
652.5000	  0.0788
652.0000	  0.0788
651.5000	  0.0784
651.0000	  0.0786
650.5000	  0.0784
650.0000	  0.0786
649.5000	  0.0783
649.0000	  0.0794
648.5000	  0.0790
648.0000	  0.0794
647.5000	  0.0788
647.0000	  0.0800
646.5000	  0.0795
646.0000	  0.0789
645.5000	  0.0794
645.0000	  0.0799
644.5000	  0.0798
644.0000	  0.0800
643.5000	  0.0799
643.0000	  0.0805
642.5000	  0.0805
642.0000	  0.0802
641.5000	  0.0810
641.0000	  0.0811
640.5000	  0.0810
640.0000	  0.0818
639.5000	  0.0818
639.0000	  0.0821
638.5000	  0.0824
638.0000	  0.0823
637.5000	  0.0828
637.0000	  0.0830
636.5000	  0.0833
636.0000	  0.0832
635.5000	  0.0837
635.0000	  0.0837
634.5000	  0.0845
634.0000	  0.0846
633.5000	  0.0846
633.0000	  0.0846
632.5000	  0.0851
632.0000	  0.0845
631.5000	  0.0849
631.0000	  0.0846
630.5000	  0.0845
630.0000	  0.0839
629.5000	  0.0839
629.0000	  0.0831
628.5000	  0.0827
628.0000	  0.0819
627.5000	  0.0814
627.0000	  0.0803
626.5000	  0.0792
626.0000	  0.0782
625.5000	  0.0770
625.0000	  0.0759
624.5000	  0.0755
624.0000	  0.0744
623.5000	  0.0740
623.0000	  0.0722
622.5000	  0.0725
622.0000	  0.0712
621.5000	  0.0706
621.0000	  0.0701
620.5000	  0.0706
620.0000	  0.0687
619.5000	  0.0693
619.0000	  0.0685
618.5000	  0.0686
618.0000	  0.0682
617.5000	  0.0688
617.0000	  0.0687
616.5000	  0.0693
616.0000	  0.0693
615.5000	  0.0697
615.0000	  0.0686
614.5000	  0.0703
614.0000	  0.0692
613.5000	  0.0696
613.0000	  0.0692
612.5000	  0.0691
612.0000	  0.0692
611.5000	  0.0691
611.0000	  0.0690
610.5000	  0.0697
610.0000	  0.0693
609.5000	  0.0692
609.0000	  0.0685
608.5000	  0.0692
608.0000	  0.0691
607.5000	  0.0688
607.0000	  0.0688
606.5000	  0.0697
606.0000	  0.0694
605.5000	  0.0686
605.0000	  0.0682
604.5000	  0.0691
604.0000	  0.0689
603.5000	  0.0685
603.0000	  0.0682
602.5000	  0.0685
602.0000	  0.0686
601.5000	  0.0677
601.0000	  0.0685
600.5000	  0.0679
600.0000	  0.0683
599.5000	  0.0677
599.0000	  0.0680
598.5000	  0.0678
598.0000	  0.0678
597.5000	  0.0669
597.0000	  0.0678
596.5000	  0.0675
596.0000	  0.0677
595.5000	  0.0668
595.0000	  0.0673
594.5000	  0.0671
594.0000	  0.0669
593.5000	  0.0669
593.0000	  0.0672
592.5000	  0.0669
592.0000	  0.0668
591.5000	  0.0666
591.0000	  0.0672
590.5000	  0.0667
590.0000	  0.0668
589.5000	  0.0668
589.0000	  0.0665
588.5000	  0.0668
588.0000	  0.0668
587.5000	  0.0668
587.0000	  0.0666
586.5000	  0.0661
586.0000	  0.0667
585.5000	  0.0656
585.0000	  0.0661
584.5000	  0.0656
584.0000	  0.0660
583.5000	  0.0657
583.0000	  0.0657
582.5000	  0.0656
582.0000	  0.0657
581.5000	  0.0655
581.0000	  0.0656
580.5000	  0.0659
580.0000	  0.0652
579.5000	  0.0655
579.0000	  0.0651
578.5000	  0.0645
578.0000	  0.0655
577.5000	  0.0649
577.0000	  0.0645
576.5000	  0.0652
576.0000	  0.0651
575.5000	  0.0644
575.0000	  0.0646
574.5000	  0.0642
574.0000	  0.0648
573.5000	  0.0640
573.0000	  0.0642
572.5000	  0.0638
572.0000	  0.0647
571.5000	  0.0634
571.0000	  0.0640
570.5000	  0.0636
570.0000	  0.0640
569.5000	  0.0637
569.0000	  0.0636
568.5000	  0.0631
568.0000	  0.0637
567.5000	  0.0634
567.0000	  0.0632
566.5000	  0.0629
566.0000	  0.0637
565.5000	  0.0630
565.0000	  0.0631
564.5000	  0.0624
564.0000	  0.0632
563.5000	  0.0621
563.0000	  0.0623
562.5000	  0.0624
562.0000	  0.0625
561.5000	  0.0628
561.0000	  0.0629
560.5000	  0.0618
560.0000	  0.0630
559.5000	  0.0632
559.0000	  0.0630
558.5000	  0.0623
558.0000	  0.0626
557.5000	  0.0629
557.0000	  0.0627
556.5000	  0.0622
556.0000	  0.0619
555.5000	  0.0623
555.0000	  0.0623
554.5000	  0.0616
554.0000	  0.0617
553.5000	  0.0620
553.0000	  0.0619
552.5000	  0.0615
552.0000	  0.0609
551.5000	  0.0619
551.0000	  0.0612
550.5000	  0.0614
550.0000	  0.0614
549.5000	  0.0614
549.0000	  0.0611
548.5000	  0.0610
548.0000	  0.0612
547.5000	  0.0613
547.0000	  0.0608
546.5000	  0.0607
546.0000	  0.0605
545.5000	  0.0610
545.0000	  0.0604
544.5000	  0.0603
544.0000	  0.0606
543.5000	  0.0607
543.0000	  0.0603
542.5000	  0.0598
542.0000	  0.0601
541.5000	  0.0601
541.0000	  0.0601
540.5000	  0.0597
540.0000	  0.0600
539.5000	  0.0602
539.0000	  0.0594
538.5000	  0.0596
538.0000	  0.0594
537.5000	  0.0595
537.0000	  0.0594
536.5000	  0.0593
536.0000	  0.0592
535.5000	  0.0596
535.0000	  0.0594
534.5000	  0.0589
534.0000	  0.0593
533.5000	  0.0590
533.0000	  0.0588
532.5000	  0.0588
532.0000	  0.0588
531.5000	  0.0587
531.0000	  0.0589
530.5000	  0.0587
530.0000	  0.0587
529.5000	  0.0586
529.0000	  0.0588
528.5000	  0.0578
528.0000	  0.0586
527.5000	  0.0584
527.0000	  0.0586
526.5000	  0.0581
526.0000	  0.0586
525.5000	  0.0584
525.0000	  0.0581
524.5000	  0.0578
524.0000	  0.0584
523.5000	  0.0585
523.0000	  0.0583
522.5000	  0.0582
522.0000	  0.0584
521.5000	  0.0582
521.0000	  0.0586
520.5000	  0.0580
520.0000	  0.0586
519.5000	  0.0581
519.0000	  0.0585
518.5000	  0.0581
518.0000	  0.0584
517.5000	  0.0577
517.0000	  0.0587
516.5000	  0.0583
516.0000	  0.0586
515.5000	  0.0582
515.0000	  0.0588
514.5000	  0.0585
514.0000	  0.0590
513.5000	  0.0586
513.0000	  0.0592
512.5000	  0.0585
512.0000	  0.0590
511.5000	  0.0587
511.0000	  0.0590
510.5000	  0.0592
510.0000	  0.0589
509.5000	  0.0585
509.0000	  0.0585
508.5000	  0.0580
508.0000	  0.0579
507.5000	  0.0572
507.0000	  0.0576
506.5000	  0.0566
506.0000	  0.0566
505.5000	  0.0553
505.0000	  0.0560
504.5000	  0.0549
504.0000	  0.0542
503.5000	  0.0534
503.0000	  0.0529
502.5000	  0.0520
502.0000	  0.0517
501.5000	  0.0504
501.0000	  0.0509
500.5000	  0.0498
500.0000	  0.0493
499.5000	  0.0479
499.0000	  0.0480
498.5000	  0.0473
498.0000	  0.0470
497.5000	  0.0460
497.0000	  0.0461
496.5000	  0.0455
496.0000	  0.0451
495.5000	  0.0440
495.0000	  0.0443
494.5000	  0.0440
494.0000	  0.0440
493.5000	  0.0426
493.0000	  0.0430
492.5000	  0.0420
492.0000	  0.0420
491.5000	  0.0412
491.0000	  0.0423
490.5000	  0.0411
490.0000	  0.0413
489.5000	  0.0410
489.0000	  0.0417
488.5000	  0.0410
488.0000	  0.0409
487.5000	  0.0406
487.0000	  0.0414
486.5000	  0.0400
486.0000	  0.0400
485.5000	  0.0394
485.0000	  0.0405
484.5000	  0.0396
484.0000	  0.0390
483.5000	  0.0385
483.0000	  0.0388
482.5000	  0.0385
482.0000	  0.0383
481.5000	  0.0387
481.0000	  0.0379
480.5000	  0.0376
480.0000	  0.0377
479.5000	  0.0370
479.0000	  0.0367
478.5000	  0.0365
478.0000	  0.0354
477.5000	  0.0359
477.0000	  0.0349
476.5000	  0.0345
476.0000	  0.0336
475.5000	  0.0336
475.0000	  0.0333
474.5000	  0.0331
474.0000	  0.0324
473.5000	  0.0327
473.0000	  0.0315
472.5000	  0.0311
472.0000	  0.0306
471.5000	  0.0306
471.0000	  0.0290
470.5000	  0.0295
470.0000	  0.0288
469.5000	  0.0279
469.0000	  0.0267
468.5000	  0.0274
468.0000	  0.0264
467.5000	  0.0254
467.0000	  0.0241
466.5000	  0.0247
466.0000	  0.0231
465.5000	  0.0227
465.0000	  0.0218
464.5000	  0.0224
464.0000	  0.0212
463.5000	  0.0202
463.0000	  0.0195
462.5000	  0.0189
462.0000	  0.0180
461.5000	  0.0174
461.0000	  0.0170
460.5000	  0.0167
460.0000	  0.0160
459.5000	  0.0152
459.0000	  0.0150
458.5000	  0.0153
458.0000	  0.0141
457.5000	  0.0133
457.0000	  0.0138
456.5000	  0.0140
456.0000	  0.0142
455.5000	  0.0133
455.0000	  0.0140
454.5000	  0.0152
454.0000	  0.0147
453.5000	  0.0151
453.0000	  0.0148
452.5000	  0.0166
452.0000	  0.0165
451.5000	  0.0172
451.0000	  0.0176
450.5000	  0.0184
450.0000	  0.0189
449.5000	  0.0211
449.0000	  0.0205
448.5000	  0.0220
448.0000	  0.0214
447.5000	  0.0220
447.0000	  0.0227
446.5000	  0.0241
446.0000	  0.0242
445.5000	  0.0245
445.0000	  0.0256
444.5000	  0.0250
444.0000	  0.0256
443.5000	  0.0255
443.0000	  0.0262
442.5000	  0.0267
442.0000	  0.0264
441.5000	  0.0267
441.0000	  0.0271
440.5000	  0.0270
440.0000	  0.0271
439.5000	  0.0273
439.0000	  0.0267
438.5000	  0.0271
438.0000	  0.0269
437.5000	  0.0270
437.0000	  0.0276
436.5000	  0.0272
436.0000	  0.0279
435.5000	  0.0269
435.0000	  0.0276
434.5000	  0.0270
434.0000	  0.0272
433.5000	  0.0267
433.0000	  0.0271
432.5000	  0.0265
432.0000	  0.0267
431.5000	  0.0265
431.0000	  0.0267
430.5000	  0.0261
430.0000	  0.0264
429.5000	  0.0262
429.0000	  0.0255
428.5000	  0.0255
428.0000	  0.0258
427.5000	  0.0259
427.0000	  0.0254
426.5000	  0.0251
426.0000	  0.0245
425.5000	  0.0243
425.0000	  0.0239
424.5000	  0.0235
424.0000	  0.0236
423.5000	  0.0237
423.0000	  0.0237
422.5000	  0.0221
422.0000	  0.0228
421.5000	  0.0223
421.0000	  0.0224
420.5000	  0.0208
420.0000	  0.0216
419.5000	  0.0215
419.0000	  0.0213
418.5000	  0.0203
418.0000	  0.0212
417.5000	  0.0207
417.0000	  0.0201
416.5000	  0.0194
416.0000	  0.0206
415.5000	  0.0200
415.0000	  0.0201
414.5000	  0.0185
414.0000	  0.0192
413.5000	  0.0190
413.0000	  0.0190
412.5000	  0.0184
412.0000	  0.0195
411.5000	  0.0181
411.0000	  0.0181
410.5000	  0.0171
410.0000	  0.0176
409.5000	  0.0178
409.0000	  0.0166
408.5000	  0.0169
408.0000	  0.0171
407.5000	  0.0166
407.0000	  0.0165
406.5000	  0.0159
406.0000	  0.0169
405.5000	  0.0158
405.0000	  0.0156
404.5000	  0.0146
404.0000	  0.0163
403.5000	  0.0147
403.0000	  0.0141
402.5000	  0.0138
402.0000	  0.0148
401.5000	  0.0148
401.0000	  0.0133
400.5000	  0.0143
400.0000	  0.0133
399.5000	  0.0140
399.0000	  0.0134
398.5000	  0.0114
398.0000	  0.0135
397.5000	  0.0134
397.0000	  0.0135
396.5000	  0.0120
396.0000	  0.0128
395.5000	  0.0117
395.0000	  0.0128
394.5000	  0.0125
394.0000	  0.0129
393.5000	  0.0111
393.0000	  0.0100
392.5000	  0.0101
392.0000	  0.0112
391.5000	  0.0101
391.0000	  0.0095
390.5000	  0.0093
390.0000	  0.0081
389.5000	  0.0099
389.0000	  0.0085
388.5000	  0.0056
388.0000	  0.0071
387.5000	  0.0059
387.0000	  0.0069
386.5000	  0.0054
386.0000	  0.0051
385.5000	  0.0045
385.0000	  0.0042
384.5000	  0.0031
384.0000	  0.0034
383.5000	  0.0016
383.0000	  0.0019
382.5000	  0.0019
382.0000	  0.0000
381.5000	  0.0005
381.0000	  0.0011
380.5000	 -0.0008
380.0000	 -0.0010
379.5000	 -0.0013
379.0000	 -0.0022
378.5000	 -0.0021
378.0000	 -0.0021
377.5000	 -0.0029
377.0000	 -0.0032
376.5000	 -0.0041
376.0000	 -0.0030
375.5000	 -0.0036
375.0000	 -0.0049
374.5000	 -0.0048
374.0000	 -0.0053
373.5000	 -0.0049
373.0000	 -0.0059
372.5000	 -0.0052
372.0000	 -0.0061
371.5000	 -0.0071
371.0000	 -0.0073
370.5000	 -0.0066
370.0000	 -0.0058
369.5000	 -0.0072
369.0000	 -0.0079
368.5000	 -0.0071
368.0000	 -0.0089
367.5000	 -0.0085
367.0000	 -0.0080
366.5000	 -0.0105
366.0000	 -0.0094
365.5000	 -0.0079
365.0000	 -0.0099
364.5000	 -0.0109
364.0000	 -0.0107
363.5000	 -0.0112
363.0000	 -0.0111
362.5000	 -0.0112
362.0000	 -0.0112
361.5000	 -0.0142
361.0000	 -0.0136
360.5000	 -0.0134
360.0000	 -0.0139
359.5000	 -0.0147
359.0000	 -0.0120
358.5000	 -0.0144
358.0000	 -0.0165
357.5000	 -0.0131
357.0000	 -0.0150
356.5000	 -0.0179
356.0000	 -0.0166
355.5000	 -0.0161
355.0000	 -0.0160
354.5000	 -0.0150
354.0000	 -0.0195
353.5000	 -0.0179
353.0000	 -0.0183
352.5000	 -0.0183
352.0000	 -0.0178
351.5000	 -0.0197
351.0000	 -0.0208
350.5000	 -0.0201
350.0000	 -0.0206
