02/05/2023 16.59.15
02/05/2023 17.06.36

900.0000	  4.1200

900.0000	  4.1200

900.0000	  3.6500



  1.0000
900.0000
  3.0000
340.0000
  1.0000
1101.0000
  5.0000
  6.0000
  1.0000
  1.0000
  0.0000
  0.0000
100.0000
  0.0000
  1.0000
  0.0000
500.0000
900.0000
350.0000
  4.0000
  1.0000
 18.0000
  2.0000
  1.0000
  0.0000
  0.0000
  1.0000
 30.0000
  4.0000
500.0000
  0.0000
  0.0000
  4.0000
900.0000
350.0000
  0.0000
100.0000
  0.0000
  1.0000
  0.0000
500.0000
  1.0000
  1.0000
  1.0000
  1.0000
  4.0000
  0.0000
  1.0000
  1.0000
  1.0000
  1.0000
  1.0000
  2.0000
  1.0000
  1.0000
  1.0000
  3.0000
  1.0000
  1.0000
  1.0000
  4.0000
  5.0000
440.407
0.000
900.0000	  0.0406
899.5000	 -0.0101
899.0000	  0.0131
898.5000	  0.0742
898.0000	 -0.1289
897.5000	 -0.0304
897.0000	 -0.0060
896.5000	 -0.0198
896.0000	 -0.0810
895.5000	  0.0129
895.0000	 -0.0949
894.5000	  0.0494
894.0000	  0.0070
893.5000	  0.0445
893.0000	 -0.0165
892.5000	 -0.0282
892.0000	  0.0180
891.5000	 -0.0111
891.0000	  0.0019
890.5000	 -0.0197
890.0000	  0.0373
889.5000	 -0.0277
889.0000	  0.0110
888.5000	 -0.0104
888.0000	 -0.0114
887.5000	  0.0386
887.0000	 -0.0037
886.5000	  0.0290
886.0000	  0.0051
885.5000	 -0.0199
885.0000	  0.0051
884.5000	 -0.0011
884.0000	 -0.0013
883.5000	 -0.0214
883.0000	 -0.0322
882.5000	 -0.0129
882.0000	 -0.0014
881.5000	  0.0131
881.0000	 -0.0069
880.5000	  0.0069
880.0000	  0.0294
879.5000	  0.0117
879.0000	  0.0018
878.5000	 -0.0077
878.0000	 -0.0012
877.5000	  0.0300
877.0000	  0.0045
876.5000	 -0.0078
876.0000	 -0.0088
875.5000	 -0.0005
875.0000	  0.0062
874.5000	 -0.0108
874.0000	  0.0085
873.5000	  0.0018
873.0000	 -0.0025
872.5000	 -0.0122
872.0000	  0.0023
871.5000	 -0.0024
871.0000	  0.0011
870.5000	 -0.0063
870.0000	  0.0052
869.5000	  0.0041
869.0000	 -0.0037
868.5000	 -0.0029
868.0000	 -0.0048
867.5000	  0.0052
867.0000	 -0.0032
866.5000	  0.0018
866.0000	 -0.0008
865.5000	  0.0026
865.0000	 -0.0024
864.5000	  0.0011
864.0000	  0.0015
863.5000	 -0.0003
863.0000	 -0.0027
862.5000	 -0.0010
862.0000	  0.0011
861.5000	  0.0021
861.0000	  0.0015
860.5000	  0.0022
860.0000	  0.0012
859.5000	 -0.0022
859.0000	  0.0008
858.5000	  0.0011
858.0000	  0.0020
857.5000	  0.0018
857.0000	  0.0013
856.5000	  0.0013
856.0000	 -0.0002
855.5000	  0.0017
855.0000	  0.0003
854.5000	  0.0013
854.0000	  0.0008
853.5000	  0.0020
853.0000	  0.0013
852.5000	  0.0007
852.0000	  0.0006
851.5000	  0.0007
851.0000	  0.0015
850.5000	  0.0010
850.0000	  0.0014
849.5000	  0.0004
849.0000	  0.0008
848.5000	  0.0012
848.0000	  0.0019
847.5000	  0.0013
847.0000	  0.0010
846.5000	  0.0011
846.0000	  0.0009
845.5000	  0.0015
845.0000	  0.0013
844.5000	  0.0012
844.0000	  0.0017
843.5000	  0.0012
843.0000	  0.0007
842.5000	  0.0011
842.0000	  0.0009
841.5000	  0.0013
841.0000	  0.0013
840.5000	  0.0010
840.0000	  0.0011
839.5000	  0.0007
839.0000	 -0.0003
838.5000	  0.0007
838.0000	  0.0006
837.5000	  0.0012
837.0000	  0.0012
836.5000	  0.0012
836.0000	  0.0013
835.5000	  0.0030
835.0000	  0.0010
834.5000	  0.0012
834.0000	  0.0012
833.5000	  0.0010
833.0000	  0.0013
832.5000	  0.0009
832.0000	  0.0010
831.5000	  0.0012
831.0000	  0.0011
830.5000	  0.0012
830.0000	  0.0011
829.5000	  0.0011
829.0000	  0.0010
828.5000	  0.0010
828.0000	  0.0011
827.5000	  0.0008
827.0000	  0.0010
826.5000	  0.0011
826.0000	  0.0010
825.5000	  0.0011
825.0000	  0.0012
824.5000	  0.0012
824.0000	  0.0008
823.5000	  0.0012
823.0000	  0.0010
822.5000	  0.0011
822.0000	  0.0009
821.5000	  0.0010
821.0000	  0.0009
820.5000	  0.0012
820.0000	  0.0009
819.5000	  0.0010
819.0000	  0.0011
818.5000	  0.0009
818.0000	  0.0009
817.5000	  0.0010
817.0000	  0.0009
816.5000	  0.0009
816.0000	  0.0009
815.5000	  0.0010
815.0000	  0.0010
814.5000	  0.0011
814.0000	  0.0011
813.5000	  0.0011
813.0000	  0.0009
812.5000	  0.0008
812.0000	  0.0009
811.5000	  0.0009
811.0000	  0.0009
810.5000	  0.0009
810.0000	  0.0010
809.5000	  0.0008
809.0000	  0.0011
808.5000	  0.0010
808.0000	  0.0008
807.5000	  0.0009
807.0000	  0.0008
806.5000	  0.0009
806.0000	  0.0008
805.5000	  0.0010
805.0000	  0.0009
804.5000	  0.0008
804.0000	  0.0008
803.5000	  0.0009
803.0000	  0.0008
802.5000	  0.0007
802.0000	  0.0008
801.5000	  0.0008
801.0000	  0.0008
800.5000	  0.0008
800.0000	  0.0008
799.5000	  0.0009
799.0000	  0.0008
798.5000	  0.0008
798.0000	  0.0010
797.5000	  0.0008
797.0000	  0.0008
796.5000	  0.0009
796.0000	  0.0009
795.5000	  0.0009
795.0000	  0.0007
794.5000	  0.0007
794.0000	  0.0008
793.5000	  0.0008
793.0000	  0.0008
792.5000	  0.0009
792.0000	  0.0008
791.5000	  0.0008
791.0000	  0.0007
790.5000	  0.0008
790.0000	  0.0008
789.5000	  0.0006
789.0000	  0.0007
788.5000	  0.0006
788.0000	  0.0006
787.5000	  0.0007
787.0000	  0.0007
786.5000	  0.0007
786.0000	  0.0006
785.5000	  0.0007
785.0000	  0.0007
784.5000	  0.0006
784.0000	  0.0007
783.5000	  0.0007
783.0000	  0.0005
782.5000	  0.0006
782.0000	  0.0005
781.5000	  0.0007
781.0000	  0.0007
780.5000	  0.0006
780.0000	  0.0006
779.5000	  0.0007
779.0000	  0.0007
778.5000	  0.0007
778.0000	  0.0007
777.5000	  0.0005
777.0000	  0.0006
776.5000	  0.0006
776.0000	  0.0005
775.5000	  0.0007
775.0000	  0.0006
774.5000	  0.0006
774.0000	  0.0006
773.5000	  0.0007
773.0000	  0.0005
772.5000	  0.0005
772.0000	  0.0005
771.5000	  0.0005
771.0000	  0.0006
770.5000	  0.0006
770.0000	  0.0005
769.5000	  0.0005
769.0000	  0.0003
768.5000	  0.0004
768.0000	  0.0005
767.5000	  0.0004
767.0000	  0.0005
766.5000	  0.0006
766.0000	  0.0006
765.5000	  0.0006
765.0000	  0.0005
764.5000	  0.0004
764.0000	  0.0005
763.5000	  0.0005
763.0000	  0.0004
762.5000	  0.0004
762.0000	  0.0004
761.5000	  0.0004
761.0000	  0.0004
760.5000	  0.0003
760.0000	  0.0005
759.5000	  0.0004
759.0000	  0.0004
758.5000	  0.0004
758.0000	  0.0004
757.5000	  0.0001
757.0000	  0.0001
756.5000	  0.0003
756.0000	  0.0004
755.5000	  0.0004
755.0000	  0.0004
754.5000	  0.0004
754.0000	  0.0004
753.5000	  0.0004
753.0000	  0.0004
752.5000	  0.0004
752.0000	  0.0003
751.5000	  0.0004
751.0000	  0.0003
750.5000	  0.0003
750.0000	  0.0005
749.5000	  0.0008
749.0000	  0.0003
748.5000	  0.0003
748.0000	  0.0002
747.5000	  0.0003
747.0000	  0.0004
746.5000	  0.0003
746.0000	  0.0004
745.5000	  0.0003
745.0000	  0.0002
744.5000	  0.0003
744.0000	  0.0002
743.5000	  0.0003
743.0000	  0.0003
742.5000	  0.0004
742.0000	  0.0003
741.5000	  0.0002
741.0000	  0.0004
740.5000	  0.0002
740.0000	  0.0003
739.5000	  0.0003
739.0000	  0.0004
738.5000	  0.0003
738.0000	  0.0003
737.5000	  0.0003
737.0000	  0.0004
736.5000	  0.0003
736.0000	  0.0003
735.5000	  0.0003
735.0000	  0.0002
734.5000	  0.0003
734.0000	  0.0002
733.5000	  0.0002
733.0000	  0.0003
732.5000	  0.0002
732.0000	  0.0002
731.5000	  0.0002
731.0000	  0.0003
730.5000	  0.0002
730.0000	  0.0004
729.5000	  0.0003
729.0000	  0.0002
728.5000	  0.0003
728.0000	  0.0002
727.5000	  0.0004
727.0000	  0.0003
726.5000	  0.0004
726.0000	  0.0002
725.5000	  0.0003
725.0000	  0.0003
724.5000	  0.0002
724.0000	  0.0003
723.5000	  0.0002
723.0000	  0.0003
722.5000	  0.0003
722.0000	  0.0003
721.5000	  0.0003
721.0000	  0.0003
720.5000	  0.0002
720.0000	  0.0004
719.5000	  0.0003
719.0000	  0.0002
718.5000	  0.0002
718.0000	  0.0002
717.5000	  0.0001
717.0000	  0.0001
716.5000	  0.0002
716.0000	  0.0004
715.5000	  0.0002
715.0000	  0.0003
714.5000	  0.0002
714.0000	  0.0001
713.5000	  0.0003
713.0000	  0.0003
712.5000	  0.0002
712.0000	  0.0001
711.5000	  0.0003
711.0000	  0.0002
710.5000	  0.0003
710.0000	  0.0003
709.5000	  0.0002
709.0000	  0.0002
708.5000	  0.0002
708.0000	  0.0003
707.5000	  0.0002
707.0000	  0.0002
706.5000	  0.0003
706.0000	  0.0002
705.5000	  0.0003
705.0000	  0.0003
704.5000	  0.0002
704.0000	  0.0003
703.5000	  0.0004
703.0000	  0.0003
702.5000	  0.0003
702.0000	  0.0003
701.5000	  0.0003
701.0000	  0.0004
700.5000	  0.0004
700.0000	  0.0004
699.5000	  0.0003
699.0000	  0.0003
698.5000	  0.0003
698.0000	  0.0004
697.5000	  0.0003
697.0000	  0.0003
696.5000	  0.0003
696.0000	  0.0003
695.5000	  0.0004
695.0000	  0.0003
694.5000	  0.0004
694.0000	  0.0004
693.5000	  0.0004
693.0000	  0.0003
692.5000	  0.0002
692.0000	  0.0004
691.5000	  0.0003
691.0000	  0.0004
690.5000	  0.0003
690.0000	  0.0004
689.5000	  0.0004
689.0000	  0.0003
688.5000	  0.0003
688.0000	  0.0002
687.5000	  0.0004
687.0000	  0.0004
686.5000	  0.0005
686.0000	  0.0005
685.5000	  0.0005
685.0000	  0.0005
684.5000	  0.0005
684.0000	  0.0005
683.5000	  0.0005
683.0000	  0.0005
682.5000	  0.0005
682.0000	  0.0005
681.5000	  0.0005
681.0000	  0.0005
680.5000	  0.0005
680.0000	  0.0005
679.5000	  0.0007
679.0000	  0.0006
678.5000	  0.0006
678.0000	  0.0006
677.5000	  0.0006
677.0000	  0.0006
676.5000	  0.0005
676.0000	  0.0006
675.5000	  0.0006
675.0000	  0.0006
674.5000	  0.0007
674.0000	  0.0007
673.5000	  0.0006
673.0000	  0.0007
672.5000	  0.0007
672.0000	  0.0007
671.5000	  0.0006
671.0000	  0.0007
670.5000	  0.0006
670.0000	  0.0006
669.5000	  0.0007
669.0000	  0.0007
668.5000	  0.0007
668.0000	  0.0007
667.5000	  0.0007
667.0000	  0.0008
666.5000	  0.0008
666.0000	  0.0007
665.5000	  0.0008
665.0000	  0.0008
664.5000	  0.0008
664.0000	  0.0008
663.5000	  0.0009
663.0000	  0.0008
662.5000	  0.0009
662.0000	  0.0008
661.5000	  0.0009
661.0000	  0.0009
660.5000	  0.0009
660.0000	  0.0009
659.5000	  0.0009
659.0000	  0.0010
658.5000	  0.0009
658.0000	  0.0009
657.5000	  0.0010
657.0000	  0.0009
656.5000	  0.0009
656.0000	  0.0010
655.5000	  0.0010
655.0000	  0.0010
654.5000	  0.0010
654.0000	  0.0011
653.5000	  0.0010
653.0000	  0.0010
652.5000	  0.0011
652.0000	  0.0011
651.5000	  0.0011
651.0000	  0.0011
650.5000	  0.0011
650.0000	  0.0011
649.5000	  0.0012
649.0000	  0.0012
648.5000	  0.0012
648.0000	  0.0012
647.5000	  0.0012
647.0000	  0.0012
646.5000	  0.0012
646.0000	  0.0012
645.5000	  0.0012
645.0000	  0.0013
644.5000	  0.0013
644.0000	  0.0013
643.5000	  0.0013
643.0000	  0.0013
642.5000	  0.0013
642.0000	  0.0014
641.5000	  0.0014
641.0000	  0.0014
640.5000	  0.0014
640.0000	  0.0015
639.5000	  0.0014
639.0000	  0.0014
638.5000	  0.0015
638.0000	  0.0014
637.5000	  0.0015
637.0000	  0.0015
636.5000	  0.0015
636.0000	  0.0015
635.5000	  0.0016
635.0000	  0.0016
634.5000	  0.0016
634.0000	  0.0016
633.5000	  0.0016
633.0000	  0.0017
632.5000	  0.0017
632.0000	  0.0017
631.5000	  0.0017
631.0000	  0.0017
630.5000	  0.0018
630.0000	  0.0018
629.5000	  0.0018
629.0000	  0.0018
628.5000	  0.0018
628.0000	  0.0019
627.5000	  0.0019
627.0000	  0.0019
626.5000	  0.0019
626.0000	  0.0019
625.5000	  0.0020
625.0000	  0.0020
624.5000	  0.0020
624.0000	  0.0020
623.5000	  0.0020
623.0000	  0.0020
622.5000	  0.0021
622.0000	  0.0021
621.5000	  0.0021
621.0000	  0.0022
620.5000	  0.0022
620.0000	  0.0022
619.5000	  0.0023
619.0000	  0.0022
618.5000	  0.0023
618.0000	  0.0023
617.5000	  0.0024
617.0000	  0.0023
616.5000	  0.0023
616.0000	  0.0024
615.5000	  0.0024
615.0000	  0.0024
614.5000	  0.0024
614.0000	  0.0025
613.5000	  0.0026
613.0000	  0.0026
612.5000	  0.0026
612.0000	  0.0027
611.5000	  0.0026
611.0000	  0.0027
610.5000	  0.0026
610.0000	  0.0027
609.5000	  0.0028
609.0000	  0.0028
608.5000	  0.0028
608.0000	  0.0028
607.5000	  0.0030
607.0000	  0.0029
606.5000	  0.0030
606.0000	  0.0030
605.5000	  0.0030
605.0000	  0.0030
604.5000	  0.0031
604.0000	  0.0031
603.5000	  0.0032
603.0000	  0.0033
602.5000	  0.0032
602.0000	  0.0033
601.5000	  0.0033
601.0000	  0.0034
600.5000	  0.0034
600.0000	  0.0034
599.5000	  0.0034
599.0000	  0.0036
598.5000	  0.0036
598.0000	  0.0036
597.5000	  0.0036
597.0000	  0.0037
596.5000	  0.0038
596.0000	  0.0037
595.5000	  0.0038
595.0000	  0.0039
594.5000	  0.0039
594.0000	  0.0039
593.5000	  0.0039
593.0000	  0.0040
592.5000	  0.0041
592.0000	  0.0041
591.5000	  0.0042
591.0000	  0.0041
590.5000	  0.0042
590.0000	  0.0043
589.5000	  0.0043
589.0000	  0.0044
588.5000	  0.0043
588.0000	  0.0045
587.5000	  0.0046
587.0000	  0.0046
586.5000	  0.0046
586.0000	  0.0047
585.5000	  0.0047
585.0000	  0.0048
584.5000	  0.0048
584.0000	  0.0049
583.5000	  0.0050
583.0000	  0.0050
582.5000	  0.0050
582.0000	  0.0051
581.5000	  0.0052
581.0000	  0.0053
580.5000	  0.0052
580.0000	  0.0054
579.5000	  0.0054
579.0000	  0.0055
578.5000	  0.0055
578.0000	  0.0056
577.5000	  0.0056
577.0000	  0.0057
576.5000	  0.0058
576.0000	  0.0059
575.5000	  0.0059
575.0000	  0.0060
574.5000	  0.0060
574.0000	  0.0062
573.5000	  0.0062
573.0000	  0.0062
572.5000	  0.0063
572.0000	  0.0063
571.5000	  0.0065
571.0000	  0.0066
570.5000	  0.0066
570.0000	  0.0068
569.5000	  0.0068
569.0000	  0.0068
568.5000	  0.0070
568.0000	  0.0070
567.5000	  0.0071
567.0000	  0.0072
566.5000	  0.0073
566.0000	  0.0073
565.5000	  0.0074
565.0000	  0.0075
564.5000	  0.0076
564.0000	  0.0077
563.5000	  0.0078
563.0000	  0.0080
562.5000	  0.0080
562.0000	  0.0080
561.5000	  0.0082
561.0000	  0.0083
560.5000	  0.0083
560.0000	  0.0084
559.5000	  0.0084
559.0000	  0.0086
558.5000	  0.0086
558.0000	  0.0087
557.5000	  0.0088
557.0000	  0.0089
556.5000	  0.0090
556.0000	  0.0092
555.5000	  0.0092
555.0000	  0.0093
554.5000	  0.0095
554.0000	  0.0096
553.5000	  0.0097
553.0000	  0.0098
552.5000	  0.0099
552.0000	  0.0100
551.5000	  0.0101
551.0000	  0.0103
550.5000	  0.0103
550.0000	  0.0105
549.5000	  0.0106
549.0000	  0.0108
548.5000	  0.0109
548.0000	  0.0110
547.5000	  0.0111
547.0000	  0.0114
546.5000	  0.0115
546.0000	  0.0115
545.5000	  0.0117
545.0000	  0.0118
544.5000	  0.0120
544.0000	  0.0121
543.5000	  0.0122
543.0000	  0.0124
542.5000	  0.0125
542.0000	  0.0126
541.5000	  0.0128
541.0000	  0.0129
540.5000	  0.0131
540.0000	  0.0133
539.5000	  0.0134
539.0000	  0.0136
538.5000	  0.0138
538.0000	  0.0139
537.5000	  0.0141
537.0000	  0.0142
536.5000	  0.0144
536.0000	  0.0146
535.5000	  0.0148
535.0000	  0.0149
534.5000	  0.0151
534.0000	  0.0152
533.5000	  0.0155
533.0000	  0.0157
532.5000	  0.0159
532.0000	  0.0160
531.5000	  0.0162
531.0000	  0.0164
530.5000	  0.0167
530.0000	  0.0169
529.5000	  0.0170
529.0000	  0.0172
528.5000	  0.0174
528.0000	  0.0177
527.5000	  0.0178
527.0000	  0.0180
526.5000	  0.0182
526.0000	  0.0186
525.5000	  0.0187
525.0000	  0.0191
524.5000	  0.0192
524.0000	  0.0194
523.5000	  0.0197
523.0000	  0.0199
522.5000	  0.0202
522.0000	  0.0204
521.5000	  0.0206
521.0000	  0.0209
520.5000	  0.0211
520.0000	  0.0214
519.5000	  0.0216
519.0000	  0.0219
518.5000	  0.0221
518.0000	  0.0224
517.5000	  0.0227
517.0000	  0.0228
516.5000	  0.0231
516.0000	  0.0234
515.5000	  0.0236
515.0000	  0.0239
514.5000	  0.0242
514.0000	  0.0243
513.5000	  0.0248
513.0000	  0.0249
512.5000	  0.0252
512.0000	  0.0255
511.5000	  0.0258
511.0000	  0.0260
510.5000	  0.0263
510.0000	  0.0264
509.5000	  0.0268
509.0000	  0.0270
508.5000	  0.0274
508.0000	  0.0276
507.5000	  0.0278
507.0000	  0.0279
506.5000	  0.0283
506.0000	  0.0284
505.5000	  0.0289
505.0000	  0.0289
504.5000	  0.0291
504.0000	  0.0294
503.5000	  0.0296
503.0000	  0.0297
502.5000	  0.0300
502.0000	  0.0301
501.5000	  0.0303
501.0000	  0.0305
500.5000	  0.0306
500.0000	  0.0305
499.5000	  0.0309
499.0000	  0.0311
498.5000	  0.0311
498.0000	  0.0313
497.5000	  0.0312
497.0000	  0.0314
496.5000	  0.0315
496.0000	  0.0316
495.5000	  0.0315
495.0000	  0.0317
494.5000	  0.0316
494.0000	  0.0317
493.5000	  0.0316
493.0000	  0.0318
492.5000	  0.0315
492.0000	  0.0316
491.5000	  0.0315
491.0000	  0.0316
490.5000	  0.0313
490.0000	  0.0313
489.5000	  0.0313
489.0000	  0.0311
488.5000	  0.0309
488.0000	  0.0308
487.5000	  0.0307
487.0000	  0.0307
486.5000	  0.0303
486.0000	  0.0303
485.5000	  0.0300
485.0000	  0.0299
484.5000	  0.0297
484.0000	  0.0296
483.5000	  0.0293
483.0000	  0.0290
482.5000	  0.0289
482.0000	  0.0288
481.5000	  0.0285
481.0000	  0.0283
480.5000	  0.0280
480.0000	  0.0280
479.5000	  0.0277
479.0000	  0.0275
478.5000	  0.0271
478.0000	  0.0270
477.5000	  0.0267
477.0000	  0.0264
476.5000	  0.0264
476.0000	  0.0260
475.5000	  0.0257
475.0000	  0.0255
474.5000	  0.0254
474.0000	  0.0251
473.5000	  0.0250
473.0000	  0.0247
472.5000	  0.0246
472.0000	  0.0243
471.5000	  0.0241
471.0000	  0.0239
470.5000	  0.0237
470.0000	  0.0234
469.5000	  0.0233
469.0000	  0.0230
468.5000	  0.0228
468.0000	  0.0225
467.5000	  0.0224
467.0000	  0.0222
466.5000	  0.0220
466.0000	  0.0219
465.5000	  0.0217
465.0000	  0.0215
464.5000	  0.0215
464.0000	  0.0209
463.5000	  0.0210
463.0000	  0.0207
462.5000	  0.0206
462.0000	  0.0204
461.5000	  0.0203
461.0000	  0.0201
460.5000	  0.0200
460.0000	  0.0199
459.5000	  0.0196
459.0000	  0.0195
458.5000	  0.0194
458.0000	  0.0194
457.5000	  0.0190
457.0000	  0.0190
456.5000	  0.0189
456.0000	  0.0185
455.5000	  0.0183
455.0000	  0.0183
454.5000	  0.0183
454.0000	  0.0182
453.5000	  0.0178
453.0000	  0.0176
452.5000	  0.0177
452.0000	  0.0174
451.5000	  0.0173
451.0000	  0.0170
450.5000	  0.0169
450.0000	  0.0168
449.5000	  0.0166
449.0000	  0.0164
448.5000	  0.0161
448.0000	  0.0161
447.5000	  0.0159
447.0000	  0.0156
446.5000	  0.0158
446.0000	  0.0154
445.5000	  0.0153
445.0000	  0.0153
444.5000	  0.0149
444.0000	  0.0149
443.5000	  0.0148
443.0000	  0.0146
442.5000	  0.0146
442.0000	  0.0143
441.5000	  0.0143
441.0000	  0.0141
440.5000	  0.0141
440.0000	  0.0139
439.5000	  0.0138
439.0000	  0.0137
438.5000	  0.0133
438.0000	  0.0135
437.5000	  0.0133
437.0000	  0.0133
436.5000	  0.0131
436.0000	  0.0131
435.5000	  0.0129
435.0000	  0.0129
434.5000	  0.0128
434.0000	  0.0126
433.5000	  0.0126
433.0000	  0.0126
432.5000	  0.0124
432.0000	  0.0122
431.5000	  0.0121
431.0000	  0.0122
430.5000	  0.0120
430.0000	  0.0118
429.5000	  0.0120
429.0000	  0.0118
428.5000	  0.0119
428.0000	  0.0115
427.5000	  0.0114
427.0000	  0.0114
426.5000	  0.0113
426.0000	  0.0112
425.5000	  0.0114
425.0000	  0.0112
424.5000	  0.0112
424.0000	  0.0110
423.5000	  0.0110
423.0000	  0.0108
422.5000	  0.0107
422.0000	  0.0108
421.5000	  0.0107
421.0000	  0.0105
420.5000	  0.0104
420.0000	  0.0105
419.5000	  0.0103
419.0000	  0.0102
418.5000	  0.0103
418.0000	  0.0102
417.5000	  0.0101
417.0000	  0.0100
416.5000	  0.0098
416.0000	  0.0098
415.5000	  0.0099
415.0000	  0.0097
414.5000	  0.0096
414.0000	  0.0095
413.5000	  0.0096
413.0000	  0.0097
412.5000	  0.0097
412.0000	  0.0094
411.5000	  0.0093
411.0000	  0.0094
410.5000	  0.0093
410.0000	  0.0091
409.5000	  0.0088
409.0000	  0.0088
408.5000	  0.0089
408.0000	  0.0091
407.5000	  0.0094
407.0000	  0.0091
406.5000	  0.0089
406.0000	  0.0087
405.5000	  0.0086
405.0000	  0.0086
404.5000	  0.0087
404.0000	  0.0085
403.5000	  0.0086
403.0000	  0.0086
402.5000	  0.0085
402.0000	  0.0085
401.5000	  0.0082
401.0000	  0.0083
400.5000	  0.0081
400.0000	  0.0080
399.5000	  0.0081
399.0000	  0.0081
398.5000	  0.0082
398.0000	  0.0079
397.5000	  0.0079
397.0000	  0.0080
396.5000	  0.0079
396.0000	  0.0082
395.5000	  0.0077
395.0000	  0.0077
394.5000	  0.0077
394.0000	  0.0077
393.5000	  0.0077
393.0000	  0.0075
392.5000	  0.0074
392.0000	  0.0076
391.5000	  0.0077
391.0000	  0.0075
390.5000	  0.0074
390.0000	  0.0073
389.5000	  0.0073
389.0000	  0.0073
388.5000	  0.0072
388.0000	  0.0072
387.5000	  0.0073
387.0000	  0.0073
386.5000	  0.0074
386.0000	  0.0071
385.5000	  0.0071
385.0000	  0.0071
384.5000	  0.0072
384.0000	  0.0066
383.5000	  0.0071
383.0000	  0.0071
382.5000	  0.0070
382.0000	  0.0066
381.5000	  0.0072
381.0000	  0.0069
380.5000	  0.0069
380.0000	  0.0068
379.5000	  0.0069
379.0000	  0.0064
378.5000	  0.0063
378.0000	  0.0065
377.5000	  0.0067
377.0000	  0.0067
376.5000	  0.0064
376.0000	  0.0063
375.5000	  0.0068
375.0000	  0.0066
374.5000	  0.0066
374.0000	  0.0065
373.5000	  0.0068
373.0000	  0.0067
372.5000	  0.0060
372.0000	  0.0068
371.5000	  0.0063
371.0000	  0.0062
370.5000	  0.0064
370.0000	  0.0065
369.5000	  0.0063
369.0000	  0.0066
368.5000	  0.0066
368.0000	  0.0061
367.5000	  0.0062
367.0000	  0.0066
366.5000	  0.0063
366.0000	  0.0062
365.5000	  0.0065
365.0000	  0.0068
364.5000	  0.0064
364.0000	  0.0062
363.5000	  0.0060
363.0000	  0.0061
362.5000	  0.0065
362.0000	  0.0062
361.5000	  0.0065
361.0000	  0.0062
360.5000	  0.0058
360.0000	  0.0062
359.5000	  0.0062
359.0000	  0.0060
358.5000	  0.0055
358.0000	  0.0065
357.5000	  0.0062
357.0000	  0.0061
356.5000	  0.0059
356.0000	  0.0054
355.5000	  0.0059
355.0000	  0.0066
354.5000	  0.0059
354.0000	  0.0060
353.5000	  0.0057
353.0000	  0.0058
352.5000	  0.0062
352.0000	  0.0053
351.5000	  0.0056
351.0000	  0.0061
350.5000	  0.0056
350.0000	  0.0052
