02/05/2023 16.40.42
02/05/2023 16.48.02

900.0000	-20.4100

900.0000	-20.4100

900.0000	-46.7100



  1.0000
900.0000
  3.0000
340.0000
  1.0000
1101.0000
  5.0000
  6.0000
  1.0000
  1.0000
  0.0000
  0.0000
100.0000
  0.0000
  1.0000
  0.0000
500.0000
900.0000
350.0000
  4.0000
  1.0000
 18.0000
  2.0000
  1.0000
  0.0000
  0.0000
  1.0000
 30.0000
  4.0000
500.0000
  0.0000
  0.0000
  4.0000
900.0000
350.0000
  0.0000
100.0000
  0.0000
  1.0000
  0.0000
500.0000
  1.0000
  1.0000
  1.0000
  1.0000
  4.0000
  0.0000
  1.0000
  1.0000
  1.0000
  1.0000
  1.0000
  2.0000
  1.0000
  1.0000
  1.0000
  3.0000
  1.0000
  1.0000
  1.0000
  4.0000
  5.0000
440.332
0.000
900.0000	  0.3159
899.5000	 -0.8822
899.0000	 -0.2626
898.5000	  0.0673
898.0000	  0.2075
897.5000	 -0.4502
897.0000	  0.1988
896.5000	  0.0799
896.0000	 -0.0456
895.5000	 -0.0795
895.0000	 -0.0740
894.5000	 -0.1114
894.0000	  0.0703
893.5000	  0.0971
893.0000	  0.0166
892.5000	 -0.0525
892.0000	 -0.0494
891.5000	  0.1802
891.0000	  0.0285
890.5000	 -0.1875
890.0000	 -0.1965
889.5000	  0.0023
889.0000	  0.1618
888.5000	 -0.0895
888.0000	 -0.0605
887.5000	 -0.1399
887.0000	  0.0475
886.5000	  0.0236
886.0000	  0.1788
885.5000	 -0.0238
885.0000	  0.0569
884.5000	  0.0201
884.0000	  0.0075
883.5000	  0.0737
883.0000	  0.0228
882.5000	  0.0318
882.0000	  0.0216
881.5000	 -0.0214
881.0000	  0.0219
880.5000	 -0.0026
880.0000	  0.0138
879.5000	  0.1368
879.0000	 -0.0219
878.5000	  0.0190
878.0000	  0.0172
877.5000	 -0.0471
877.0000	 -0.0250
876.5000	 -0.0023
876.0000	 -0.0137
875.5000	  0.0417
875.0000	  0.0472
874.5000	  0.0265
874.0000	 -0.0126
873.5000	 -0.0006
873.0000	 -0.0015
872.5000	  0.0406
872.0000	  0.0126
871.5000	 -0.0012
871.0000	  0.0261
870.5000	 -0.0127
870.0000	 -0.0315
869.5000	  0.0354
869.0000	  0.0166
868.5000	  0.0062
868.0000	 -0.0193
867.5000	  0.0078
867.0000	  0.0110
866.5000	  0.0105
866.0000	 -0.0142
865.5000	  0.0134
865.0000	 -0.0004
864.5000	 -0.0130
864.0000	  0.0105
863.5000	 -0.0090
863.0000	 -0.0055
862.5000	  0.0037
862.0000	 -0.0052
861.5000	  0.0021
861.0000	 -0.0028
860.5000	  0.0097
860.0000	  0.0046
859.5000	  0.0043
859.0000	  0.0166
858.5000	  0.0049
858.0000	  0.0028
857.5000	  0.0045
857.0000	 -0.0012
856.5000	 -0.0080
856.0000	 -0.0029
855.5000	  0.0035
855.0000	  0.0032
854.5000	  0.0045
854.0000	 -0.0034
853.5000	  0.0025
853.0000	 -0.0019
852.5000	 -0.0009
852.0000	  0.0008
851.5000	  0.0044
851.0000	  0.0063
850.5000	  0.0046
850.0000	  0.0004
849.5000	  0.0037
849.0000	  0.0032
848.5000	  0.0022
848.0000	  0.0010
847.5000	  0.0036
847.0000	  0.0020
846.5000	  0.0022
846.0000	  0.0015
845.5000	  0.0014
845.0000	  0.0041
844.5000	  0.0027
844.0000	  0.0036
843.5000	  0.0013
843.0000	  0.0022
842.5000	  0.0005
842.0000	  0.0026
841.5000	  0.0023
841.0000	  0.0017
840.5000	  0.0027
840.0000	  0.0016
839.5000	  0.0034
839.0000	  0.0014
838.5000	  0.0024
838.0000	  0.0020
837.5000	  0.0031
837.0000	  0.0030
836.5000	  0.0026
836.0000	  0.0028
835.5000	  0.0038
835.0000	  0.0022
834.5000	  0.0024
834.0000	  0.0026
833.5000	  0.0024
833.0000	  0.0028
832.5000	  0.0028
832.0000	  0.0033
831.5000	  0.0037
831.0000	  0.0029
830.5000	  0.0030
830.0000	  0.0025
829.5000	  0.0033
829.0000	  0.0021
828.5000	  0.0026
828.0000	  0.0022
827.5000	  0.0023
827.0000	  0.0033
826.5000	  0.0030
826.0000	  0.0028
825.5000	  0.0030
825.0000	  0.0027
824.5000	  0.0038
824.0000	  0.0034
823.5000	  0.0034
823.0000	  0.0026
822.5000	  0.0034
822.0000	  0.0032
821.5000	  0.0033
821.0000	  0.0036
820.5000	  0.0029
820.0000	  0.0033
819.5000	  0.0031
819.0000	  0.0028
818.5000	  0.0029
818.0000	  0.0033
817.5000	  0.0034
817.0000	  0.0030
816.5000	  0.0039
816.0000	  0.0032
815.5000	  0.0029
815.0000	  0.0029
814.5000	  0.0038
814.0000	  0.0025
813.5000	  0.0036
813.0000	  0.0030
812.5000	  0.0034
812.0000	  0.0034
811.5000	  0.0031
811.0000	  0.0026
810.5000	  0.0029
810.0000	  0.0027
809.5000	  0.0032
809.0000	  0.0029
808.5000	  0.0034
808.0000	  0.0032
807.5000	  0.0030
807.0000	  0.0031
806.5000	  0.0033
806.0000	  0.0035
805.5000	  0.0033
805.0000	  0.0031
804.5000	  0.0032
804.0000	  0.0028
803.5000	  0.0031
803.0000	  0.0030
802.5000	  0.0033
802.0000	  0.0037
801.5000	  0.0031
801.0000	  0.0029
800.5000	  0.0030
800.0000	  0.0037
799.5000	  0.0033
799.0000	  0.0031
798.5000	  0.0034
798.0000	  0.0026
797.5000	  0.0030
797.0000	  0.0036
796.5000	  0.0033
796.0000	  0.0032
795.5000	  0.0030
795.0000	  0.0034
794.5000	  0.0031
794.0000	  0.0033
793.5000	  0.0035
793.0000	  0.0027
792.5000	  0.0032
792.0000	  0.0036
791.5000	  0.0033
791.0000	  0.0031
790.5000	  0.0033
790.0000	  0.0033
789.5000	  0.0031
789.0000	  0.0041
788.5000	  0.0031
788.0000	  0.0033
787.5000	  0.0031
787.0000	  0.0031
786.5000	  0.0032
786.0000	  0.0033
785.5000	  0.0036
785.0000	  0.0033
784.5000	  0.0031
784.0000	  0.0034
783.5000	  0.0033
783.0000	  0.0032
782.5000	  0.0029
782.0000	  0.0032
781.5000	  0.0030
781.0000	  0.0027
780.5000	  0.0034
780.0000	  0.0031
779.5000	  0.0033
779.0000	  0.0036
778.5000	  0.0034
778.0000	  0.0030
777.5000	  0.0033
777.0000	  0.0032
776.5000	  0.0036
776.0000	  0.0039
775.5000	  0.0033
775.0000	  0.0035
774.5000	  0.0034
774.0000	  0.0035
773.5000	  0.0038
773.0000	  0.0033
772.5000	  0.0032
772.0000	  0.0032
771.5000	  0.0034
771.0000	  0.0038
770.5000	  0.0032
770.0000	  0.0036
769.5000	  0.0034
769.0000	  0.0031
768.5000	  0.0038
768.0000	  0.0032
767.5000	  0.0034
767.0000	  0.0035
766.5000	  0.0038
766.0000	  0.0037
765.5000	  0.0033
765.0000	  0.0036
764.5000	  0.0038
764.0000	  0.0032
763.5000	  0.0038
763.0000	  0.0035
762.5000	  0.0032
762.0000	  0.0033
761.5000	  0.0036
761.0000	  0.0036
760.5000	  0.0034
760.0000	  0.0037
759.5000	  0.0029
759.0000	  0.0039
758.5000	  0.0039
758.0000	  0.0038
757.5000	  0.0035
757.0000	  0.0035
756.5000	  0.0040
756.0000	  0.0035
755.5000	  0.0037
755.0000	  0.0035
754.5000	  0.0036
754.0000	  0.0037
753.5000	  0.0035
753.0000	  0.0033
752.5000	  0.0033
752.0000	  0.0037
751.5000	  0.0039
751.0000	  0.0035
750.5000	  0.0034
750.0000	  0.0033
749.5000	  0.0036
749.0000	  0.0037
748.5000	  0.0038
748.0000	  0.0034
747.5000	  0.0036
747.0000	  0.0039
746.5000	  0.0036
746.0000	  0.0036
745.5000	  0.0039
745.0000	  0.0039
744.5000	  0.0032
744.0000	  0.0035
743.5000	  0.0039
743.0000	  0.0036
742.5000	  0.0039
742.0000	  0.0038
741.5000	  0.0037
741.0000	  0.0039
740.5000	  0.0036
740.0000	  0.0037
739.5000	  0.0038
739.0000	  0.0037
738.5000	  0.0039
738.0000	  0.0039
737.5000	  0.0038
737.0000	  0.0038
736.5000	  0.0038
736.0000	  0.0045
735.5000	  0.0036
735.0000	  0.0042
734.5000	  0.0042
734.0000	  0.0041
733.5000	  0.0040
733.0000	  0.0038
732.5000	  0.0039
732.0000	  0.0037
731.5000	  0.0040
731.0000	  0.0043
730.5000	  0.0038
730.0000	  0.0039
729.5000	  0.0041
729.0000	  0.0041
728.5000	  0.0043
728.0000	  0.0040
727.5000	  0.0038
727.0000	  0.0040
726.5000	  0.0041
726.0000	  0.0041
725.5000	  0.0040
725.0000	  0.0041
724.5000	  0.0039
724.0000	  0.0041
723.5000	  0.0040
723.0000	  0.0040
722.5000	  0.0039
722.0000	  0.0045
721.5000	  0.0042
721.0000	  0.0047
720.5000	  0.0055
720.0000	  0.0040
719.5000	  0.0044
719.0000	  0.0051
718.5000	  0.0047
718.0000	  0.0050
717.5000	  0.0043
717.0000	  0.0043
716.5000	  0.0036
716.0000	  0.0043
715.5000	  0.0038
715.0000	  0.0038
714.5000	  0.0041
714.0000	  0.0043
713.5000	  0.0037
713.0000	  0.0034
712.5000	  0.0045
712.0000	  0.0045
711.5000	  0.0038
711.0000	  0.0043
710.5000	  0.0039
710.0000	  0.0041
709.5000	  0.0043
709.0000	  0.0044
708.5000	  0.0041
708.0000	  0.0043
707.5000	  0.0044
707.0000	  0.0045
706.5000	  0.0048
706.0000	  0.0043
705.5000	  0.0048
705.0000	  0.0048
704.5000	  0.0048
704.0000	  0.0046
703.5000	  0.0047
703.0000	  0.0044
702.5000	  0.0045
702.0000	  0.0046
701.5000	  0.0047
701.0000	  0.0043
700.5000	  0.0047
700.0000	  0.0046
699.5000	  0.0048
699.0000	  0.0049
698.5000	  0.0050
698.0000	  0.0048
697.5000	  0.0049
697.0000	  0.0048
696.5000	  0.0051
696.0000	  0.0051
695.5000	  0.0049
695.0000	  0.0049
694.5000	  0.0052
694.0000	  0.0049
693.5000	  0.0051
693.0000	  0.0053
692.5000	  0.0050
692.0000	  0.0050
691.5000	  0.0051
691.0000	  0.0050
690.5000	  0.0053
690.0000	  0.0050
689.5000	  0.0054
689.0000	  0.0052
688.5000	  0.0053
688.0000	  0.0053
687.5000	  0.0055
687.0000	  0.0053
686.5000	  0.0054
686.0000	  0.0052
685.5000	  0.0053
685.0000	  0.0056
684.5000	  0.0054
684.0000	  0.0055
683.5000	  0.0057
683.0000	  0.0057
682.5000	  0.0059
682.0000	  0.0056
681.5000	  0.0057
681.0000	  0.0060
680.5000	  0.0058
680.0000	  0.0059
679.5000	  0.0059
679.0000	  0.0059
678.5000	  0.0060
678.0000	  0.0060
677.5000	  0.0060
677.0000	  0.0059
676.5000	  0.0062
676.0000	  0.0060
675.5000	  0.0061
675.0000	  0.0060
674.5000	  0.0061
674.0000	  0.0062
673.5000	  0.0061
673.0000	  0.0063
672.5000	  0.0064
672.0000	  0.0063
671.5000	  0.0064
671.0000	  0.0062
670.5000	  0.0064
670.0000	  0.0065
669.5000	  0.0067
669.0000	  0.0067
668.5000	  0.0065
668.0000	  0.0067
667.5000	  0.0067
667.0000	  0.0068
666.5000	  0.0068
666.0000	  0.0068
665.5000	  0.0069
665.0000	  0.0071
664.5000	  0.0068
664.0000	  0.0069
663.5000	  0.0070
663.0000	  0.0073
662.5000	  0.0071
662.0000	  0.0071
661.5000	  0.0072
661.0000	  0.0073
660.5000	  0.0073
660.0000	  0.0071
659.5000	  0.0072
659.0000	  0.0073
658.5000	  0.0074
658.0000	  0.0074
657.5000	  0.0075
657.0000	  0.0075
656.5000	  0.0077
656.0000	  0.0078
655.5000	  0.0078
655.0000	  0.0078
654.5000	  0.0078
654.0000	  0.0079
653.5000	  0.0079
653.0000	  0.0078
652.5000	  0.0080
652.0000	  0.0080
651.5000	  0.0081
651.0000	  0.0081
650.5000	  0.0081
650.0000	  0.0083
649.5000	  0.0084
649.0000	  0.0085
648.5000	  0.0084
648.0000	  0.0086
647.5000	  0.0086
647.0000	  0.0087
646.5000	  0.0087
646.0000	  0.0089
645.5000	  0.0088
645.0000	  0.0090
644.5000	  0.0089
644.0000	  0.0089
643.5000	  0.0088
643.0000	  0.0090
642.5000	  0.0092
642.0000	  0.0091
641.5000	  0.0092
641.0000	  0.0093
640.5000	  0.0095
640.0000	  0.0094
639.5000	  0.0094
639.0000	  0.0094
638.5000	  0.0095
638.0000	  0.0096
637.5000	  0.0097
637.0000	  0.0097
636.5000	  0.0098
636.0000	  0.0099
635.5000	  0.0100
635.0000	  0.0101
634.5000	  0.0101
634.0000	  0.0102
633.5000	  0.0102
633.0000	  0.0103
632.5000	  0.0105
632.0000	  0.0104
631.5000	  0.0106
631.0000	  0.0107
630.5000	  0.0107
630.0000	  0.0110
629.5000	  0.0110
629.0000	  0.0110
628.5000	  0.0110
628.0000	  0.0113
627.5000	  0.0112
627.0000	  0.0112
626.5000	  0.0114
626.0000	  0.0117
625.5000	  0.0116
625.0000	  0.0117
624.5000	  0.0118
624.0000	  0.0120
623.5000	  0.0119
623.0000	  0.0120
622.5000	  0.0123
622.0000	  0.0121
621.5000	  0.0121
621.0000	  0.0124
620.5000	  0.0124
620.0000	  0.0124
619.5000	  0.0126
619.0000	  0.0126
618.5000	  0.0126
618.0000	  0.0129
617.5000	  0.0129
617.0000	  0.0128
616.5000	  0.0131
616.0000	  0.0133
615.5000	  0.0133
615.0000	  0.0134
614.5000	  0.0132
614.0000	  0.0137
613.5000	  0.0137
613.0000	  0.0137
612.5000	  0.0135
612.0000	  0.0138
611.5000	  0.0140
611.0000	  0.0141
610.5000	  0.0142
610.0000	  0.0142
609.5000	  0.0143
609.0000	  0.0144
608.5000	  0.0145
608.0000	  0.0147
607.5000	  0.0148
607.0000	  0.0148
606.5000	  0.0148
606.0000	  0.0152
605.5000	  0.0153
605.0000	  0.0151
604.5000	  0.0154
604.0000	  0.0155
603.5000	  0.0157
603.0000	  0.0158
602.5000	  0.0157
602.0000	  0.0159
601.5000	  0.0160
601.0000	  0.0161
600.5000	  0.0161
600.0000	  0.0164
599.5000	  0.0166
599.0000	  0.0165
598.5000	  0.0169
598.0000	  0.0167
597.5000	  0.0172
597.0000	  0.0172
596.5000	  0.0173
596.0000	  0.0172
595.5000	  0.0177
595.0000	  0.0177
594.5000	  0.0178
594.0000	  0.0177
593.5000	  0.0181
593.0000	  0.0181
592.5000	  0.0181
592.0000	  0.0184
591.5000	  0.0186
591.0000	  0.0184
590.5000	  0.0186
590.0000	  0.0190
589.5000	  0.0192
589.0000	  0.0193
588.5000	  0.0192
588.0000	  0.0195
587.5000	  0.0195
587.0000	  0.0199
586.5000	  0.0199
586.0000	  0.0202
585.5000	  0.0202
585.0000	  0.0203
584.5000	  0.0205
584.0000	  0.0207
583.5000	  0.0209
583.0000	  0.0210
582.5000	  0.0212
582.0000	  0.0211
581.5000	  0.0213
581.0000	  0.0216
580.5000	  0.0216
580.0000	  0.0219
579.5000	  0.0220
579.0000	  0.0221
578.5000	  0.0222
578.0000	  0.0225
577.5000	  0.0228
577.0000	  0.0229
576.5000	  0.0230
576.0000	  0.0231
575.5000	  0.0235
575.0000	  0.0235
574.5000	  0.0235
574.0000	  0.0237
573.5000	  0.0242
573.0000	  0.0244
572.5000	  0.0245
572.0000	  0.0246
571.5000	  0.0249
571.0000	  0.0249
570.5000	  0.0250
570.0000	  0.0253
569.5000	  0.0257
569.0000	  0.0259
568.5000	  0.0259
568.0000	  0.0261
567.5000	  0.0262
567.0000	  0.0268
566.5000	  0.0267
566.0000	  0.0271
565.5000	  0.0272
565.0000	  0.0275
564.5000	  0.0277
564.0000	  0.0277
563.5000	  0.0282
563.0000	  0.0282
562.5000	  0.0286
562.0000	  0.0288
561.5000	  0.0290
561.0000	  0.0291
560.5000	  0.0294
560.0000	  0.0296
559.5000	  0.0297
559.0000	  0.0301
558.5000	  0.0304
558.0000	  0.0305
557.5000	  0.0308
557.0000	  0.0310
556.5000	  0.0314
556.0000	  0.0314
555.5000	  0.0319
555.0000	  0.0321
554.5000	  0.0323
554.0000	  0.0324
553.5000	  0.0328
553.0000	  0.0332
552.5000	  0.0334
552.0000	  0.0336
551.5000	  0.0341
551.0000	  0.0344
550.5000	  0.0344
550.0000	  0.0347
549.5000	  0.0353
549.0000	  0.0353
548.5000	  0.0357
548.0000	  0.0358
547.5000	  0.0362
547.0000	  0.0365
546.5000	  0.0368
546.0000	  0.0371
545.5000	  0.0372
545.0000	  0.0377
544.5000	  0.0379
544.0000	  0.0383
543.5000	  0.0386
543.0000	  0.0388
542.5000	  0.0392
542.0000	  0.0395
541.5000	  0.0397
541.0000	  0.0401
540.5000	  0.0404
540.0000	  0.0408
539.5000	  0.0410
539.0000	  0.0413
538.5000	  0.0418
538.0000	  0.0420
537.5000	  0.0423
537.0000	  0.0427
536.5000	  0.0431
536.0000	  0.0434
535.5000	  0.0437
535.0000	  0.0441
534.5000	  0.0446
534.0000	  0.0447
533.5000	  0.0452
533.0000	  0.0455
532.5000	  0.0459
532.0000	  0.0463
531.5000	  0.0466
531.0000	  0.0470
530.5000	  0.0476
530.0000	  0.0479
529.5000	  0.0480
529.0000	  0.0486
528.5000	  0.0491
528.0000	  0.0493
527.5000	  0.0497
527.0000	  0.0503
526.5000	  0.0507
526.0000	  0.0511
525.5000	  0.0514
525.0000	  0.0518
524.5000	  0.0523
524.0000	  0.0526
523.5000	  0.0530
523.0000	  0.0536
522.5000	  0.0540
522.0000	  0.0543
521.5000	  0.0548
521.0000	  0.0553
520.5000	  0.0556
520.0000	  0.0559
519.5000	  0.0564
519.0000	  0.0568
518.5000	  0.0572
518.0000	  0.0576
517.5000	  0.0581
517.0000	  0.0586
516.5000	  0.0590
516.0000	  0.0594
515.5000	  0.0598
515.0000	  0.0601
514.5000	  0.0606
514.0000	  0.0611
513.5000	  0.0614
513.0000	  0.0618
512.5000	  0.0623
512.0000	  0.0627
511.5000	  0.0629
511.0000	  0.0633
510.5000	  0.0639
510.0000	  0.0642
509.5000	  0.0645
509.0000	  0.0651
508.5000	  0.0654
508.0000	  0.0657
507.5000	  0.0660
507.0000	  0.0663
506.5000	  0.0667
506.0000	  0.0671
505.5000	  0.0675
505.0000	  0.0678
504.5000	  0.0682
504.0000	  0.0685
503.5000	  0.0687
503.0000	  0.0690
502.5000	  0.0692
502.0000	  0.0695
501.5000	  0.0698
501.0000	  0.0702
500.5000	  0.0704
500.0000	  0.0702
499.5000	  0.0708
499.0000	  0.0707
498.5000	  0.0708
498.0000	  0.0711
497.5000	  0.0710
497.0000	  0.0711
496.5000	  0.0712
496.0000	  0.0711
495.5000	  0.0712
495.0000	  0.0711
494.5000	  0.0710
494.0000	  0.0711
493.5000	  0.0710
493.0000	  0.0706
492.5000	  0.0707
492.0000	  0.0707
491.5000	  0.0705
491.0000	  0.0702
490.5000	  0.0699
490.0000	  0.0701
489.5000	  0.0697
489.0000	  0.0691
488.5000	  0.0691
488.0000	  0.0687
487.5000	  0.0685
487.0000	  0.0679
486.5000	  0.0678
486.0000	  0.0675
485.5000	  0.0671
485.0000	  0.0666
484.5000	  0.0665
484.0000	  0.0661
483.5000	  0.0655
483.0000	  0.0653
482.5000	  0.0647
482.0000	  0.0643
481.5000	  0.0641
481.0000	  0.0636
480.5000	  0.0632
480.0000	  0.0627
479.5000	  0.0627
479.0000	  0.0620
478.5000	  0.0617
478.0000	  0.0614
477.5000	  0.0609
477.0000	  0.0605
476.5000	  0.0602
476.0000	  0.0597
475.5000	  0.0591
475.0000	  0.0589
474.5000	  0.0587
474.0000	  0.0583
473.5000	  0.0580
473.0000	  0.0575
472.5000	  0.0572
472.0000	  0.0564
471.5000	  0.0565
471.0000	  0.0560
470.5000	  0.0553
470.0000	  0.0551
469.5000	  0.0547
469.0000	  0.0542
468.5000	  0.0539
468.0000	  0.0533
467.5000	  0.0533
467.0000	  0.0530
466.5000	  0.0530
466.0000	  0.0524
465.5000	  0.0523
465.0000	  0.0519
464.5000	  0.0515
464.0000	  0.0512
463.5000	  0.0510
463.0000	  0.0511
462.5000	  0.0503
462.0000	  0.0498
461.5000	  0.0496
461.0000	  0.0496
460.5000	  0.0494
460.0000	  0.0489
459.5000	  0.0486
459.0000	  0.0482
458.5000	  0.0478
458.0000	  0.0477
457.5000	  0.0475
457.0000	  0.0472
456.5000	  0.0468
456.0000	  0.0461
455.5000	  0.0461
455.0000	  0.0461
454.5000	  0.0455
454.0000	  0.0448
453.5000	  0.0445
453.0000	  0.0441
452.5000	  0.0438
452.0000	  0.0435
451.5000	  0.0436
451.0000	  0.0425
450.5000	  0.0428
450.0000	  0.0424
449.5000	  0.0419
449.0000	  0.0415
448.5000	  0.0410
448.0000	  0.0406
447.5000	  0.0407
447.0000	  0.0399
446.5000	  0.0400
446.0000	  0.0391
445.5000	  0.0393
445.0000	  0.0392
444.5000	  0.0382
444.0000	  0.0385
443.5000	  0.0382
443.0000	  0.0383
442.5000	  0.0374
442.0000	  0.0370
441.5000	  0.0373
441.0000	  0.0368
440.5000	  0.0369
440.0000	  0.0364
439.5000	  0.0363
439.0000	  0.0357
438.5000	  0.0359
438.0000	  0.0356
437.5000	  0.0352
437.0000	  0.0351
436.5000	  0.0346
436.0000	  0.0343
435.5000	  0.0346
435.0000	  0.0341
434.5000	  0.0343
434.0000	  0.0342
433.5000	  0.0337
433.0000	  0.0337
432.5000	  0.0332
432.0000	  0.0328
431.5000	  0.0332
431.0000	  0.0333
430.5000	  0.0325
430.0000	  0.0326
429.5000	  0.0321
429.0000	  0.0320
428.5000	  0.0321
428.0000	  0.0317
427.5000	  0.0317
427.0000	  0.0315
426.5000	  0.0310
426.0000	  0.0315
425.5000	  0.0313
425.0000	  0.0308
424.5000	  0.0311
424.0000	  0.0302
423.5000	  0.0307
423.0000	  0.0303
422.5000	  0.0304
422.0000	  0.0303
421.5000	  0.0295
421.0000	  0.0296
420.5000	  0.0297
420.0000	  0.0288
419.5000	  0.0293
419.0000	  0.0290
418.5000	  0.0293
418.0000	  0.0295
417.5000	  0.0287
417.0000	  0.0286
416.5000	  0.0282
416.0000	  0.0284
415.5000	  0.0282
415.0000	  0.0278
414.5000	  0.0288
414.0000	  0.0277
413.5000	  0.0279
413.0000	  0.0278
412.5000	  0.0270
412.0000	  0.0276
411.5000	  0.0275
411.0000	  0.0272
410.5000	  0.0270
410.0000	  0.0276
409.5000	  0.0260
409.0000	  0.0255
408.5000	  0.0262
408.0000	  0.0268
407.5000	  0.0262
407.0000	  0.0257
406.5000	  0.0254
406.0000	  0.0256
405.5000	  0.0251
405.0000	  0.0248
404.5000	  0.0252
404.0000	  0.0257
403.5000	  0.0249
403.0000	  0.0253
402.5000	  0.0248
402.0000	  0.0240
401.5000	  0.0249
401.0000	  0.0250
400.5000	  0.0249
400.0000	  0.0243
399.5000	  0.0245
399.0000	  0.0242
398.5000	  0.0242
398.0000	  0.0234
397.5000	  0.0239
397.0000	  0.0239
396.5000	  0.0235
396.0000	  0.0238
395.5000	  0.0246
395.0000	  0.0237
394.5000	  0.0241
394.0000	  0.0235
393.5000	  0.0238
393.0000	  0.0235
392.5000	  0.0236
392.0000	  0.0220
391.5000	  0.0222
391.0000	  0.0221
390.5000	  0.0229
390.0000	  0.0226
389.5000	  0.0220
389.0000	  0.0226
388.5000	  0.0235
388.0000	  0.0235
387.5000	  0.0226
387.0000	  0.0219
386.5000	  0.0224
386.0000	  0.0224
385.5000	  0.0236
385.0000	  0.0222
384.5000	  0.0213
384.0000	  0.0227
383.5000	  0.0230
383.0000	  0.0213
382.5000	  0.0221
382.0000	  0.0217
381.5000	  0.0232
381.0000	  0.0224
380.5000	  0.0216
380.0000	  0.0210
379.5000	  0.0210
379.0000	  0.0208
378.5000	  0.0215
378.0000	  0.0204
377.5000	  0.0207
377.0000	  0.0219
376.5000	  0.0207
376.0000	  0.0229
375.5000	  0.0224
375.0000	  0.0210
374.5000	  0.0212
374.0000	  0.0210
373.5000	  0.0203
373.0000	  0.0202
372.5000	  0.0190
372.0000	  0.0202
371.5000	  0.0235
371.0000	  0.0196
370.5000	  0.0205
370.0000	  0.0209
369.5000	  0.0208
369.0000	  0.0201
368.5000	  0.0195
368.0000	  0.0217
367.5000	  0.0206
367.0000	  0.0203
366.5000	  0.0198
366.0000	  0.0204
365.5000	  0.0208
365.0000	  0.0214
364.5000	  0.0192
364.0000	  0.0214
363.5000	  0.0175
363.0000	  0.0208
362.5000	  0.0199
362.0000	  0.0194
361.5000	  0.0200
361.0000	  0.0189
360.5000	  0.0202
360.0000	  0.0225
359.5000	  0.0202
359.0000	  0.0216
358.5000	  0.0197
358.0000	  0.0219
357.5000	  0.0208
357.0000	  0.0204
356.5000	  0.0210
356.0000	  0.0188
355.5000	  0.0199
355.0000	  0.0186
354.5000	  0.0215
354.0000	  0.0195
353.5000	  0.0224
353.0000	  0.0213
352.5000	  0.0196
352.0000	  0.0202
351.5000	  0.0182
351.0000	  0.0174
350.5000	  0.0160
350.0000	  0.0187
