02/05/2023 16.49.20
02/05/2023 16.56.40

900.0000	 29.3400

900.0000	 29.3400

900.0000	 -2.9900



  1.0000
900.0000
  3.0000
340.0000
  1.0000
1101.0000
  5.0000
  6.0000
  1.0000
  1.0000
  0.0000
  0.0000
100.0000
  0.0000
  1.0000
  0.0000
500.0000
900.0000
350.0000
  4.0000
  1.0000
 18.0000
  2.0000
  1.0000
  0.0000
  0.0000
  1.0000
 30.0000
  4.0000
500.0000
  0.0000
  0.0000
  4.0000
900.0000
350.0000
  0.0000
100.0000
  0.0000
  1.0000
  0.0000
500.0000
  1.0000
  1.0000
  1.0000
  1.0000
  4.0000
  0.0000
  1.0000
  1.0000
  1.0000
  1.0000
  1.0000
  2.0000
  1.0000
  1.0000
  1.0000
  3.0000
  1.0000
  1.0000
  1.0000
  4.0000
  5.0000
440.441
0.000
900.0000	 -0.2399
899.5000	 -0.0174
899.0000	 -0.2025
898.5000	 -0.0228
898.0000	  0.1275
897.5000	 -0.0230
897.0000	  0.1530
896.5000	  0.2529
896.0000	  0.0019
895.5000	  0.1154
895.0000	  0.1359
894.5000	  0.1721
894.0000	 -0.1553
893.5000	 -0.0691
893.0000	  0.0685
892.5000	  0.0248
892.0000	  0.0303
891.5000	 -0.1807
891.0000	 -0.0389
890.5000	 -0.0575
890.0000	 -0.0773
889.5000	 -0.1509
889.0000	  0.0588
888.5000	  0.0802
888.0000	  0.0879
887.5000	 -0.0092
887.0000	  0.0598
886.5000	 -0.0266
886.0000	 -0.0527
885.5000	 -0.0634
885.0000	  0.0170
884.5000	  0.0163
884.0000	  0.0351
883.5000	  0.0472
883.0000	  0.0023
882.5000	 -0.0267
882.0000	  0.0459
881.5000	  0.0295
881.0000	 -0.0145
880.5000	 -0.0258
880.0000	 -0.0289
879.5000	 -0.0012
879.0000	 -0.0064
878.5000	 -0.0051
878.0000	 -0.0452
877.5000	  0.0071
877.0000	  0.0267
876.5000	 -0.0333
876.0000	  0.0194
875.5000	 -0.0125
875.0000	  0.0179
874.5000	 -0.0223
874.0000	 -0.0092
873.5000	  0.0125
873.0000	  0.0014
872.5000	 -0.0264
872.0000	 -0.0117
871.5000	 -0.0203
871.0000	  0.0010
870.5000	  0.0021
870.0000	  0.0020
869.5000	 -0.0121
869.0000	 -0.0080
868.5000	 -0.0062
868.0000	  0.0014
867.5000	 -0.0059
867.0000	  0.0045
866.5000	 -0.0027
866.0000	  0.0175
865.5000	  0.0074
865.0000	  0.0010
864.5000	 -0.0061
864.0000	 -0.0051
863.5000	  0.0014
863.0000	 -0.0011
862.5000	  0.0148
862.0000	  0.0033
861.5000	 -0.0065
861.0000	  0.0038
860.5000	 -0.0008
860.0000	  0.0034
859.5000	  0.0068
859.0000	  0.0023
858.5000	 -0.0035
858.0000	  0.0021
857.5000	  0.0035
857.0000	 -0.0050
856.5000	  0.0025
856.0000	  0.0005
855.5000	  0.0004
855.0000	 -0.0007
854.5000	 -0.0025
854.0000	  0.0014
853.5000	  0.0025
853.0000	 -0.0016
852.5000	  0.0035
852.0000	  0.0007
851.5000	 -0.0037
851.0000	 -0.0019
850.5000	 -0.0032
850.0000	 -0.0037
849.5000	  0.0007
849.0000	 -0.0019
848.5000	 -0.0002
848.0000	  0.0016
847.5000	 -0.0003
847.0000	  0.0024
846.5000	 -0.0021
846.0000	  0.0009
845.5000	  0.0004
845.0000	  0.0002
844.5000	 -0.0007
844.0000	 -0.0018
843.5000	 -0.0014
843.0000	 -0.0006
842.5000	  0.0000
842.0000	  0.0003
841.5000	  0.0005
841.0000	  0.0000
840.5000	  0.0027
840.0000	  0.0001
839.5000	  0.0007
839.0000	  0.0001
838.5000	  0.0001
838.0000	  0.0003
837.5000	  0.0009
837.0000	  0.0007
836.5000	  0.0006
836.0000	  0.0002
835.5000	  0.0010
835.0000	  0.0012
834.5000	  0.0004
834.0000	  0.0014
833.5000	  0.0014
833.0000	  0.0010
832.5000	 -0.0005
832.0000	  0.0009
831.5000	  0.0009
831.0000	  0.0007
830.5000	  0.0004
830.0000	  0.0002
829.5000	  0.0006
829.0000	 -0.0003
828.5000	  0.0010
828.0000	  0.0008
827.5000	  0.0003
827.0000	  0.0010
826.5000	  0.0008
826.0000	  0.0003
825.5000	  0.0006
825.0000	  0.0010
824.5000	  0.0007
824.0000	  0.0012
823.5000	  0.0006
823.0000	  0.0006
822.5000	  0.0008
822.0000	  0.0008
821.5000	  0.0010
821.0000	  0.0012
820.5000	  0.0014
820.0000	  0.0008
819.5000	  0.0009
819.0000	  0.0011
818.5000	  0.0009
818.0000	  0.0004
817.5000	  0.0003
817.0000	  0.0007
816.5000	  0.0014
816.0000	  0.0012
815.5000	  0.0010
815.0000	  0.0007
814.5000	  0.0008
814.0000	  0.0011
813.5000	  0.0013
813.0000	  0.0008
812.5000	  0.0005
812.0000	  0.0005
811.5000	  0.0007
811.0000	  0.0007
810.5000	  0.0007
810.0000	  0.0008
809.5000	  0.0010
809.0000	  0.0010
808.5000	  0.0007
808.0000	  0.0008
807.5000	  0.0007
807.0000	  0.0005
806.5000	  0.0006
806.0000	  0.0011
805.5000	  0.0009
805.0000	  0.0007
804.5000	  0.0005
804.0000	  0.0008
803.5000	  0.0009
803.0000	  0.0009
802.5000	  0.0003
802.0000	  0.0008
801.5000	  0.0005
801.0000	  0.0003
800.5000	  0.0008
800.0000	  0.0004
799.5000	  0.0008
799.0000	  0.0004
798.5000	  0.0006
798.0000	  0.0007
797.5000	  0.0010
797.0000	  0.0009
796.5000	  0.0007
796.0000	  0.0005
795.5000	  0.0009
795.0000	  0.0009
794.5000	  0.0008
794.0000	  0.0008
793.5000	  0.0012
793.0000	  0.0008
792.5000	  0.0008
792.0000	  0.0005
791.5000	  0.0004
791.0000	  0.0009
790.5000	  0.0007
790.0000	  0.0009
789.5000	  0.0007
789.0000	  0.0007
788.5000	  0.0011
788.0000	  0.0008
787.5000	  0.0009
787.0000	  0.0004
786.5000	  0.0007
786.0000	  0.0007
785.5000	  0.0009
785.0000	  0.0007
784.5000	  0.0006
784.0000	  0.0004
783.5000	  0.0007
783.0000	  0.0010
782.5000	  0.0001
782.0000	  0.0009
781.5000	  0.0007
781.0000	  0.0008
780.5000	  0.0009
780.0000	  0.0007
779.5000	  0.0006
779.0000	  0.0005
778.5000	  0.0005
778.0000	  0.0005
777.5000	  0.0007
777.0000	  0.0008
776.5000	  0.0005
776.0000	  0.0005
775.5000	  0.0007
775.0000	  0.0007
774.5000	  0.0004
774.0000	  0.0003
773.5000	  0.0005
773.0000	  0.0006
772.5000	  0.0008
772.0000	  0.0006
771.5000	  0.0005
771.0000	  0.0006
770.5000	  0.0004
770.0000	  0.0009
769.5000	  0.0007
769.0000	  0.0007
768.5000	  0.0002
768.0000	  0.0005
767.5000	  0.0007
767.0000	  0.0006
766.5000	  0.0005
766.0000	  0.0007
765.5000	  0.0003
765.0000	  0.0005
764.5000	  0.0004
764.0000	  0.0005
763.5000	  0.0005
763.0000	  0.0008
762.5000	  0.0004
762.0000	  0.0004
761.5000	  0.0006
761.0000	  0.0006
760.5000	  0.0005
760.0000	  0.0004
759.5000	  0.0006
759.0000	  0.0004
758.5000	  0.0005
758.0000	  0.0003
757.5000	  0.0006
757.0000	  0.0007
756.5000	  0.0005
756.0000	  0.0007
755.5000	  0.0006
755.0000	  0.0008
754.5000	  0.0004
754.0000	  0.0004
753.5000	  0.0006
753.0000	  0.0004
752.5000	  0.0004
752.0000	  0.0004
751.5000	  0.0006
751.0000	  0.0007
750.5000	  0.0005
750.0000	  0.0003
749.5000	  0.0006
749.0000	  0.0006
748.5000	  0.0009
748.0000	  0.0002
747.5000	  0.0005
747.0000	  0.0005
746.5000	  0.0007
746.0000	  0.0003
745.5000	  0.0006
745.0000	  0.0006
744.5000	  0.0005
744.0000	  0.0005
743.5000	  0.0005
743.0000	  0.0007
742.5000	  0.0006
742.0000	  0.0007
741.5000	  0.0006
741.0000	  0.0006
740.5000	  0.0007
740.0000	  0.0004
739.5000	  0.0005
739.0000	  0.0007
738.5000	  0.0007
738.0000	  0.0002
737.5000	  0.0006
737.0000	  0.0003
736.5000	  0.0005
736.0000	  0.0006
735.5000	  0.0005
735.0000	  0.0005
734.5000	  0.0007
734.0000	  0.0003
733.5000	  0.0005
733.0000	  0.0008
732.5000	  0.0005
732.0000	  0.0006
731.5000	  0.0005
731.0000	  0.0006
730.5000	  0.0006
730.0000	  0.0008
729.5000	  0.0006
729.0000	  0.0007
728.5000	  0.0007
728.0000	  0.0005
727.5000	  0.0006
727.0000	  0.0007
726.5000	  0.0006
726.0000	  0.0003
725.5000	  0.0008
725.0000	  0.0007
724.5000	  0.0005
724.0000	  0.0006
723.5000	  0.0006
723.0000	  0.0007
722.5000	  0.0007
722.0000	  0.0006
721.5000	  0.0007
721.0000	  0.0011
720.5000	  0.0010
720.0000	  0.0003
719.5000	  0.0008
719.0000	  0.0006
718.5000	  0.0009
718.0000	  0.0006
717.5000	  0.0006
717.0000	  0.0002
716.5000	  0.0006
716.0000	  0.0005
715.5000	  0.0004
715.0000	  0.0003
714.5000	  0.0003
714.0000	  0.0004
713.5000	  0.0003
713.0000	  0.0004
712.5000	  0.0003
712.0000	  0.0005
711.5000	  0.0003
711.0000	  0.0004
710.5000	  0.0001
710.0000	  0.0006
709.5000	  0.0004
709.0000	  0.0005
708.5000	  0.0005
708.0000	  0.0006
707.5000	  0.0006
707.0000	  0.0007
706.5000	  0.0007
706.0000	  0.0006
705.5000	  0.0006
705.0000	  0.0005
704.5000	  0.0003
704.0000	  0.0008
703.5000	  0.0008
703.0000	  0.0006
702.5000	  0.0007
702.0000	  0.0006
701.5000	  0.0007
701.0000	  0.0003
700.5000	 -0.0007
700.0000	  0.0001
699.5000	  0.0006
699.0000	  0.0011
698.5000	  0.0008
698.0000	  0.0003
697.5000	  0.0013
697.0000	  0.0023
696.5000	  0.0009
696.0000	  0.0008
695.5000	  0.0007
695.0000	  0.0008
694.5000	  0.0009
694.0000	  0.0008
693.5000	  0.0009
693.0000	  0.0008
692.5000	  0.0008
692.0000	  0.0007
691.5000	  0.0008
691.0000	  0.0009
690.5000	  0.0009
690.0000	  0.0009
689.5000	  0.0009
689.0000	  0.0008
688.5000	  0.0010
688.0000	  0.0010
687.5000	  0.0011
687.0000	  0.0010
686.5000	  0.0009
686.0000	  0.0009
685.5000	  0.0009
685.0000	  0.0011
684.5000	  0.0010
684.0000	  0.0010
683.5000	  0.0010
683.0000	  0.0012
682.5000	  0.0009
682.0000	  0.0009
681.5000	  0.0009
681.0000	  0.0011
680.5000	  0.0011
680.0000	  0.0011
679.5000	  0.0010
679.0000	  0.0011
678.5000	  0.0010
678.0000	  0.0012
677.5000	  0.0013
677.0000	  0.0012
676.5000	  0.0013
676.0000	  0.0011
675.5000	  0.0012
675.0000	  0.0012
674.5000	  0.0014
674.0000	  0.0014
673.5000	  0.0013
673.0000	  0.0013
672.5000	  0.0012
672.0000	  0.0013
671.5000	  0.0013
671.0000	  0.0014
670.5000	  0.0014
670.0000	  0.0013
669.5000	  0.0013
669.0000	  0.0015
668.5000	  0.0014
668.0000	  0.0015
667.5000	  0.0014
667.0000	  0.0014
666.5000	  0.0015
666.0000	  0.0016
665.5000	  0.0015
665.0000	  0.0016
664.5000	  0.0015
664.0000	  0.0015
663.5000	  0.0015
663.0000	  0.0016
662.5000	  0.0016
662.0000	  0.0013
661.5000	  0.0016
661.0000	  0.0017
660.5000	  0.0016
660.0000	  0.0016
659.5000	  0.0017
659.0000	  0.0016
658.5000	  0.0015
658.0000	  0.0016
657.5000	  0.0015
657.0000	  0.0018
656.5000	  0.0017
656.0000	  0.0017
655.5000	  0.0018
655.0000	  0.0020
654.5000	  0.0018
654.0000	  0.0017
653.5000	  0.0019
653.0000	  0.0018
652.5000	  0.0020
652.0000	  0.0019
651.5000	  0.0019
651.0000	  0.0020
650.5000	  0.0020
650.0000	  0.0019
649.5000	  0.0020
649.0000	  0.0020
648.5000	  0.0020
648.0000	  0.0020
647.5000	  0.0021
647.0000	  0.0021
646.5000	  0.0021
646.0000	  0.0021
645.5000	  0.0022
645.0000	  0.0022
644.5000	  0.0022
644.0000	  0.0022
643.5000	  0.0022
643.0000	  0.0023
642.5000	  0.0023
642.0000	  0.0023
641.5000	  0.0023
641.0000	  0.0024
640.5000	  0.0023
640.0000	  0.0023
639.5000	  0.0023
639.0000	  0.0024
638.5000	  0.0025
638.0000	  0.0025
637.5000	  0.0025
637.0000	  0.0025
636.5000	  0.0025
636.0000	  0.0025
635.5000	  0.0025
635.0000	  0.0027
634.5000	  0.0026
634.0000	  0.0026
633.5000	  0.0027
633.0000	  0.0028
632.5000	  0.0027
632.0000	  0.0028
631.5000	  0.0027
631.0000	  0.0029
630.5000	  0.0029
630.0000	  0.0030
629.5000	  0.0029
629.0000	  0.0029
628.5000	  0.0031
628.0000	  0.0030
627.5000	  0.0030
627.0000	  0.0031
626.5000	  0.0031
626.0000	  0.0030
625.5000	  0.0031
625.0000	  0.0032
624.5000	  0.0032
624.0000	  0.0033
623.5000	  0.0034
623.0000	  0.0034
622.5000	  0.0034
622.0000	  0.0035
621.5000	  0.0034
621.0000	  0.0034
620.5000	  0.0034
620.0000	  0.0036
619.5000	  0.0036
619.0000	  0.0037
618.5000	  0.0036
618.0000	  0.0035
617.5000	  0.0036
617.0000	  0.0036
616.5000	  0.0037
616.0000	  0.0037
615.5000	  0.0037
615.0000	  0.0037
614.5000	  0.0037
614.0000	  0.0039
613.5000	  0.0039
613.0000	  0.0039
612.5000	  0.0040
612.0000	  0.0040
611.5000	  0.0041
611.0000	  0.0042
610.5000	  0.0041
610.0000	  0.0041
609.5000	  0.0042
609.0000	  0.0042
608.5000	  0.0043
608.0000	  0.0044
607.5000	  0.0044
607.0000	  0.0046
606.5000	  0.0045
606.0000	  0.0045
605.5000	  0.0046
605.0000	  0.0045
604.5000	  0.0047
604.0000	  0.0045
603.5000	  0.0048
603.0000	  0.0047
602.5000	  0.0047
602.0000	  0.0048
601.5000	  0.0049
601.0000	  0.0049
600.5000	  0.0050
600.0000	  0.0050
599.5000	  0.0050
599.0000	  0.0052
598.5000	  0.0049
598.0000	  0.0052
597.5000	  0.0052
597.0000	  0.0053
596.5000	  0.0053
596.0000	  0.0053
595.5000	  0.0054
595.0000	  0.0054
594.5000	  0.0055
594.0000	  0.0056
593.5000	  0.0057
593.0000	  0.0057
592.5000	  0.0057
592.0000	  0.0057
591.5000	  0.0059
591.0000	  0.0060
590.5000	  0.0058
590.0000	  0.0061
589.5000	  0.0061
589.0000	  0.0061
588.5000	  0.0060
588.0000	  0.0061
587.5000	  0.0063
587.0000	  0.0063
586.5000	  0.0065
586.0000	  0.0064
585.5000	  0.0064
585.0000	  0.0064
584.5000	  0.0067
584.0000	  0.0067
583.5000	  0.0066
583.0000	  0.0070
582.5000	  0.0067
582.0000	  0.0067
581.5000	  0.0070
581.0000	  0.0071
580.5000	  0.0069
580.0000	  0.0072
579.5000	  0.0072
579.0000	  0.0073
578.5000	  0.0073
578.0000	  0.0074
577.5000	  0.0076
577.0000	  0.0075
576.5000	  0.0076
576.0000	  0.0078
575.5000	  0.0078
575.0000	  0.0079
574.5000	  0.0079
574.0000	  0.0080
573.5000	  0.0079
573.0000	  0.0083
572.5000	  0.0083
572.0000	  0.0084
571.5000	  0.0084
571.0000	  0.0086
570.5000	  0.0085
570.0000	  0.0087
569.5000	  0.0088
569.0000	  0.0089
568.5000	  0.0089
568.0000	  0.0089
567.5000	  0.0091
567.0000	  0.0092
566.5000	  0.0092
566.0000	  0.0092
565.5000	  0.0095
565.0000	  0.0096
564.5000	  0.0097
564.0000	  0.0097
563.5000	  0.0097
563.0000	  0.0098
562.5000	  0.0101
562.0000	  0.0100
561.5000	  0.0102
561.0000	  0.0104
560.5000	  0.0105
560.0000	  0.0104
559.5000	  0.0106
559.0000	  0.0108
558.5000	  0.0109
558.0000	  0.0110
557.5000	  0.0110
557.0000	  0.0112
556.5000	  0.0113
556.0000	  0.0114
555.5000	  0.0115
555.0000	  0.0118
554.5000	  0.0118
554.0000	  0.0118
553.5000	  0.0119
553.0000	  0.0121
552.5000	  0.0122
552.0000	  0.0124
551.5000	  0.0126
551.0000	  0.0127
550.5000	  0.0127
550.0000	  0.0128
549.5000	  0.0130
549.0000	  0.0131
548.5000	  0.0133
548.0000	  0.0134
547.5000	  0.0136
547.0000	  0.0136
546.5000	  0.0138
546.0000	  0.0138
545.5000	  0.0142
545.0000	  0.0141
544.5000	  0.0144
544.0000	  0.0145
543.5000	  0.0147
543.0000	  0.0148
542.5000	  0.0149
542.0000	  0.0152
541.5000	  0.0153
541.0000	  0.0154
540.5000	  0.0156
540.0000	  0.0158
539.5000	  0.0158
539.0000	  0.0160
538.5000	  0.0163
538.0000	  0.0164
537.5000	  0.0166
537.0000	  0.0168
536.5000	  0.0169
536.0000	  0.0171
535.5000	  0.0173
535.0000	  0.0175
534.5000	  0.0177
534.0000	  0.0178
533.5000	  0.0180
533.0000	  0.0182
532.5000	  0.0184
532.0000	  0.0185
531.5000	  0.0187
531.0000	  0.0190
530.5000	  0.0191
530.0000	  0.0194
529.5000	  0.0196
529.0000	  0.0198
528.5000	  0.0200
528.0000	  0.0202
527.5000	  0.0205
527.0000	  0.0207
526.5000	  0.0208
526.0000	  0.0207
525.5000	  0.0205
525.0000	  0.0215
524.5000	  0.0218
524.0000	  0.0220
523.5000	  0.0222
523.0000	  0.0226
522.5000	  0.0232
522.0000	  0.0230
521.5000	  0.0229
521.0000	  0.0229
520.5000	  0.0236
520.0000	  0.0239
519.5000	  0.0241
519.0000	  0.0244
518.5000	  0.0245
518.0000	  0.0249
517.5000	  0.0253
517.0000	  0.0262
516.5000	  0.0257
516.0000	  0.0258
515.5000	  0.0260
515.0000	  0.0263
514.5000	  0.0265
514.0000	  0.0268
513.5000	  0.0271
513.0000	  0.0272
512.5000	  0.0275
512.0000	  0.0278
511.5000	  0.0282
511.0000	  0.0283
510.5000	  0.0285
510.0000	  0.0287
509.5000	  0.0288
509.0000	  0.0292
508.5000	  0.0285
508.0000	  0.0297
507.5000	  0.0300
507.0000	  0.0303
506.5000	  0.0304
506.0000	  0.0306
505.5000	  0.0306
505.0000	  0.0310
504.5000	  0.0313
504.0000	  0.0320
503.5000	  0.0321
503.0000	  0.0321
502.5000	  0.0321
502.0000	  0.0321
501.5000	  0.0325
501.0000	  0.0325
500.5000	  0.0327
500.0000	  0.0329
499.5000	  0.0330
499.0000	  0.0332
498.5000	  0.0333
498.0000	  0.0334
497.5000	  0.0334
497.0000	  0.0338
496.5000	  0.0337
496.0000	  0.0336
495.5000	  0.0338
495.0000	  0.0340
494.5000	  0.0337
494.0000	  0.0337
493.5000	  0.0338
493.0000	  0.0339
492.5000	  0.0336
492.0000	  0.0336
491.5000	  0.0335
491.0000	  0.0336
490.5000	  0.0333
490.0000	  0.0334
489.5000	  0.0332
489.0000	  0.0332
488.5000	  0.0330
488.0000	  0.0329
487.5000	  0.0326
487.0000	  0.0325
486.5000	  0.0324
486.0000	  0.0319
485.5000	  0.0320
485.0000	  0.0321
484.5000	  0.0317
484.0000	  0.0315
483.5000	  0.0311
483.0000	  0.0312
482.5000	  0.0308
482.0000	  0.0307
481.5000	  0.0306
481.0000	  0.0304
480.5000	  0.0298
480.0000	  0.0301
479.5000	  0.0298
479.0000	  0.0296
478.5000	  0.0290
478.0000	  0.0290
477.5000	  0.0287
477.0000	  0.0286
476.5000	  0.0285
476.0000	  0.0281
475.5000	  0.0279
475.0000	  0.0279
474.5000	  0.0275
474.0000	  0.0274
473.5000	  0.0271
473.0000	  0.0268
472.5000	  0.0265
472.0000	  0.0265
471.5000	  0.0263
471.0000	  0.0260
470.5000	  0.0257
470.0000	  0.0253
469.5000	  0.0253
469.0000	  0.0250
468.5000	  0.0248
468.0000	  0.0250
467.5000	  0.0248
467.0000	  0.0247
466.5000	  0.0245
466.0000	  0.0240
465.5000	  0.0240
465.0000	  0.0236
464.5000	  0.0236
464.0000	  0.0236
463.5000	  0.0230
463.0000	  0.0234
462.5000	  0.0230
462.0000	  0.0228
461.5000	  0.0229
461.0000	  0.0227
460.5000	  0.0224
460.0000	  0.0224
459.5000	  0.0221
459.0000	  0.0220
458.5000	  0.0217
458.0000	  0.0214
457.5000	  0.0214
457.0000	  0.0213
456.5000	  0.0212
456.0000	  0.0209
455.5000	  0.0210
455.0000	  0.0209
454.5000	  0.0203
454.0000	  0.0204
453.5000	  0.0200
453.0000	  0.0197
452.5000	  0.0196
452.0000	  0.0194
451.5000	  0.0191
451.0000	  0.0193
450.5000	  0.0189
450.0000	  0.0186
449.5000	  0.0186
449.0000	  0.0181
448.5000	  0.0183
448.0000	  0.0178
447.5000	  0.0181
447.0000	  0.0176
446.5000	  0.0173
446.0000	  0.0171
445.5000	  0.0169
445.0000	  0.0171
444.5000	  0.0168
444.0000	  0.0167
443.5000	  0.0163
443.0000	  0.0163
442.5000	  0.0163
442.0000	  0.0159
441.5000	  0.0160
441.0000	  0.0156
440.5000	  0.0155
440.0000	  0.0153
439.5000	  0.0155
439.0000	  0.0156
438.5000	  0.0155
438.0000	  0.0150
437.5000	  0.0152
437.0000	  0.0144
436.5000	  0.0149
436.0000	  0.0147
435.5000	  0.0151
435.0000	  0.0148
434.5000	  0.0145
434.0000	  0.0141
433.5000	  0.0141
433.0000	  0.0141
432.5000	  0.0140
432.0000	  0.0139
431.5000	  0.0137
431.0000	  0.0136
430.5000	  0.0138
430.0000	  0.0133
429.5000	  0.0136
429.0000	  0.0135
428.5000	  0.0135
428.0000	  0.0135
427.5000	  0.0133
427.0000	  0.0129
426.5000	  0.0130
426.0000	  0.0126
425.5000	  0.0127
425.0000	  0.0127
424.5000	  0.0124
424.0000	  0.0126
423.5000	  0.0125
423.0000	  0.0126
422.5000	  0.0124
422.0000	  0.0124
421.5000	  0.0124
421.0000	  0.0119
420.5000	  0.0119
420.0000	  0.0119
419.5000	  0.0118
419.0000	  0.0120
418.5000	  0.0113
418.0000	  0.0117
417.5000	  0.0118
417.0000	  0.0114
416.5000	  0.0112
416.0000	  0.0114
415.5000	  0.0115
415.0000	  0.0116
414.5000	  0.0110
414.0000	  0.0109
413.5000	  0.0111
413.0000	  0.0109
412.5000	  0.0109
412.0000	  0.0109
411.5000	  0.0105
411.0000	  0.0108
410.5000	  0.0110
410.0000	  0.0108
409.5000	  0.0105
409.0000	  0.0105
408.5000	  0.0103
408.0000	  0.0105
407.5000	  0.0100
407.0000	  0.0106
406.5000	  0.0099
406.0000	  0.0109
405.5000	  0.0098
405.0000	  0.0098
404.5000	  0.0100
404.0000	  0.0102
403.5000	  0.0103
403.0000	  0.0100
402.5000	  0.0099
402.0000	  0.0096
401.5000	  0.0101
401.0000	  0.0092
400.5000	  0.0099
400.0000	  0.0094
399.5000	  0.0093
399.0000	  0.0098
398.5000	  0.0094
398.0000	  0.0098
397.5000	  0.0093
397.0000	  0.0087
396.5000	  0.0095
396.0000	  0.0097
395.5000	  0.0093
395.0000	  0.0088
394.5000	  0.0091
394.0000	  0.0095
393.5000	  0.0094
393.0000	  0.0090
392.5000	  0.0085
392.0000	  0.0089
391.5000	  0.0093
391.0000	  0.0092
390.5000	  0.0092
390.0000	  0.0088
389.5000	  0.0086
389.0000	  0.0094
388.5000	  0.0094
388.0000	  0.0083
387.5000	  0.0092
387.0000	  0.0091
386.5000	  0.0093
386.0000	  0.0082
385.5000	  0.0078
385.0000	  0.0086
384.5000	  0.0091
384.0000	  0.0086
383.5000	  0.0084
383.0000	  0.0085
382.5000	  0.0077
382.0000	  0.0081
381.5000	  0.0089
381.0000	  0.0078
380.5000	  0.0079
380.0000	  0.0079
379.5000	  0.0090
379.0000	  0.0082
378.5000	  0.0077
378.0000	  0.0083
377.5000	  0.0082
377.0000	  0.0080
376.5000	  0.0078
376.0000	  0.0067
375.5000	  0.0072
375.0000	  0.0054
374.5000	  0.0094
374.0000	  0.0102
373.5000	  0.0081
373.0000	  0.0083
372.5000	  0.0078
372.0000	  0.0075
371.5000	  0.0090
371.0000	  0.0089
370.5000	  0.0072
370.0000	  0.0084
369.5000	  0.0080
369.0000	  0.0082
368.5000	  0.0075
368.0000	  0.0074
367.5000	  0.0088
367.0000	  0.0067
366.5000	  0.0079
366.0000	  0.0078
365.5000	  0.0067
365.0000	  0.0075
364.5000	  0.0069
364.0000	  0.0070
363.5000	  0.0077
363.0000	  0.0055
362.5000	  0.0072
362.0000	  0.0087
361.5000	  0.0073
361.0000	  0.0072
360.5000	  0.0078
360.0000	  0.0078
359.5000	  0.0093
359.0000	  0.0072
358.5000	  0.0072
358.0000	  0.0066
357.5000	  0.0086
357.0000	  0.0075
356.5000	  0.0080
356.0000	  0.0093
355.5000	  0.0054
355.0000	  0.0062
354.5000	  0.0064
354.0000	  0.0085
353.5000	  0.0097
353.0000	  0.0083
352.5000	  0.0058
352.0000	  0.0072
351.5000	  0.0061
351.0000	  0.0094
350.5000	  0.0057
350.0000	  0.0063
